99786
7237
6632
61659
36542
982
63654
24052
91881
71707
13263
27446
4127
22752
84239
33611
69533
45152
20044
71938
42284
42740
6463
94077
41240
28206
16738
12139
71345
99517
15690
38837
68052
41898
14478
84767
4876
59211
5097
45837
62141
69056
67762
86607
11287
3251
6073
20202
90123
10064
30424
61815
13144
47100
59614
73860
15719
91952
72150
93283
20592
10188
25035
38298
19751
68123
77363
78286
14587
31123
58296
80878
43322
83228
88229
85402
89651
65175
73989
14544
9000
22625
22095
82195
26234
21782
1242
51569
2328
99661
37143
17664
53603
99267
59813
81355
92672
72477
21172
45590
88920
71443
59859
62255
20164
64080
41401
70373
58623
95984
61727
82080
73433
47406
89975
56344
8707
99636
96303
93901
15337
96386
16107
26082
13462
80877
92254
17976
40651
32678
9476
42446
50314
79589
71401
17070
75013
21213
48987
46697
18120
24424
94322
26105
77803
76316
18710
62286
71483
44950
38722
96373
90687
1713
35595
63697
69061
3849
77691
96654
76997
21986
48957
19594
6136
86292
43358
6604
85124
96036
35381
54143
36889
68362
54164
9928
66675
86213
64329
88132
95653
4163
48190
59157
56572
65340
19339
48776
48166
57001
64587
1627
40090
32296
89445
5245
66742
68787
34285
81262
34166
43009
67615
4158
92744
40845
66987
82570
50785
12402
25315
11631
32395
32315
27947
69421
66844
2872
99675
67871
74504
45908
62716
27020
97297
66672
39556
23465
60228
41112
77068
81994
3113
47685
15527
52178
24881
39368
69189
73053
91473
56157
33845
65262
31760
9755
88282
95338
90406
15469
86730
78298
74921
59680
22077
37682
17066
55068
83584
6476
81212
78223
1701
35973
67843
63613
53783
30666
50029
19295
4725
29563
29317
62519
45765
1455
59247
75358
8236
21519
22522
58113
40676
70211
88287
97997
48666
27292
91339
54491
46768
99965
85826
90790
22704
5358
85792
50767
32105
22314
37624
55951
30714
5856
14273
7678
85794
75492
90284
93241
29298
27264
36394
89262
25011
55488
46627
79285
29656
45273
59198
33033
16493
28923
64669
14684
44908
25392
43206
18563
99014
47991
4085
40057
18959
13581
10305
25033
53909
80707
61381
66042
92727
22053
32659
8765
88548
77463
95146
82777
99637
58328
79142
21730
38252
17501
74158
50601
27110
86204
74601
43667
50679
44003
97868
79733
47747
21929
16700
33806
14884
69149
66087
26367
3819
39156
31084
72763
97900
55514
90718
38242
19724
43975
52927
31009
49014
14871
11969
21227
82897
59688
1090
60517
70382
19821
22557
85634
20963
20932
97299
90409
58476
15834
96012
63994
79016
51932
44305
40767
34556
22240
78000
7662
54211
64564
23944
10754
91357
75856
78233
86582
99770
41309
51615
27242
88120
74115
11686
37961
64046
53770
38907
72257
83620
40067
64891
45431
13522
52237
60492
94758
52984
5658
5411
97952
10616
69791
79338
82962
47548
20149
27275
12793
71178
94218
69524
30104
29830
96086
86153
52136
86755
11427
64118
62794
56387
42464
88230
34001
63375
26766
57374
13539
70562
68496
2790
32910
6445
38805
37904
56519
16988
19059
84198
3886
50716
62961
64052
59914
77458
63874
69859
41702
1621
9135
21338
90001
92433
41842
95462
79539
73363
11657
5493
29070
67169
44126
23175
35150
20963
21326
22378
95270
82862
49602
3978
39656
96979
98309
60223
29927
37406
29367
31511
87083
90007
6858
89779
419
4383
13995
31732
66981
1941
30614
37751
87734
92731
94566
96018
85529
69567
56469
64565
8795
49784
81710
96817
5568
47401
65336
74458
68066
91727
90071
69492
31594
92085
80352
25424
91111
66590
11034
66410
39812
82317
78959
57320
11126
91860
96440
32571
96266
85416
51328
52175
33763
89713
55468
70792
84901
98747
2856
99847
8668
95598
19952
32920
60796
13066
71678
99665
59047
82882
6131
8554
26653
14195
71619
95577
12751
30004
22007
97850
37789
9134
79878
13479
19937
76181
28585
35163
75087
94673
95127
54662
71152
66055
10180
62679
19824
14873
26889
42016
21606
2935
69363
87282
40012
5570
58114
11558
79709
26353
70365
66100
39666
34138
55416
67999
44806
77267
27613
97564
51555
86500
50120
57539
43648
74162
48983
93964
28339
82670
53308
87449
22234
25892
63723
90693
67849
24085
88866
23398
35948
58003
90785
91953
62541
87005
2100
76255
56819
87070
41760
87573
19895
39776
91539
51557
16082
90547
54784
18333
559
70810
48445
32620
9835
76009
17380
29297
44867
51611
25703
92673
14288
50243
7588
35508
80457
49571
37477
65918
55827
79166
35019
56033
37465
62323
5049
40107
75562
82710
99898
88296
42451
15981
1690
8778
30952
39715
16713
34391
4162
53018
50517
33847
46505
16084
22150
72597
44562
98444
90688
20974
1814
86211
54847
77632
55572
3558
97645
2891
14437
20398
27800
54674
91479
7685
23722
12448
72040
94170
82013
67529
52957
32047
32641
73565
92047
17202
44941
84519
69052
65720
66114
32214
97996
7437
67762
86362
7675
38551
2359
67195
5167
33700
59171
30086
68709
84778
16667
12495
86
41793
33476
46230
33969
97996
33778
12897
17319
19608
45080
41881
64166
86242
95770
42644
11190
1142
42811
63298
86707
84691
37603
68409
19461
43861
42624
55227
18358
82985
74015
49748
50249
98255
18635
60359
62761
95900
88317
28624
67764
64471
86330
60635
96000
33980
74426
96355
34645
62746
82632
15132
69901
89777
42468
43874
92774
85117
36504
31141
28325
26702
60803
51371
88572
95915
40442
76592
88583
80396
36161
96250
42955
36016
79105
96421
57048
69345
84853
32201
64511
33666
41507
61129
81447
45382
33270
98567
65307
6628
98758
97063
98686
52661
31407
23975
59533
66129
85750
71289
43419
14888
45851
15088
31330
48161
87197
7109
95806
27414
80010
26445
58654
88224
53752
93310
81045
46612
24874
81651
44427
35739
84594
64103
23886
31276
32305
64192
74271
42099
97237
26952
22878
6224
73062
17683
69547
71305
4783
99240
38050
75019
50242
93306
42642
75754
35719
57999
66379
69082
57860
28240
16843
95679
93535
10212
26374
60838
82018
49121
27489
27501
87075
35153
44972
88992
46430
63034
80570
71511
25117
97281
20028
39976
94040
29231
61507
32452
9915
60514
62482
11469
34860
56419
76233
33445
11874
52062
14777
73045
34697
77061
77304
10471
605
87631
67610
54580
53848
34337
25472
41808
61112
51491
37376
18980
76713
80663
39524
11058
38184
96828
31196
23016
74619
91548
38402
74084
14797
97927
67552
88725
91310
7595
1719
31701
49165
36777
1446
71510
36702
45037
47611
48222
14942
29232
28879
1402
21147
42900
73064
39767
91968
61010
72859
46510
3191
9328
38378
35724
9788
66442
75184
78274
92605
58469
54248
60309
43870
43015
92671
72694
38002
26119
17485
64664
63241
7444
40670
89635
4823
36763
78024
47043
23971
84332
56453
84466
95168
45211
3315
89578
28569
6448
169
74276
50098
81516
69254
65121
30735
10215
98072
48797
26368
92471
26209
23350
74698
62241
41619
4979
86383
32007
1628
21391
36951
87918
10431
20561
34574
85707
74903
16810
82458
9133
56059
41575
4489
93671
48513
54987
71545
46390
74880
31952
60851
7929
38027
76594
55285
26462
83156
45156
63629
19537
25698
44758
67020
89991
82474
79272
68396
19165
51172
51380
47823
81429
83824
50677
84234
80152
96765
98715
63175
57284
4648
20521
58196
75253
69445
48992
34180
67911
323
99967
57497
71424
41730
49880
55031
51031
86472
8129
42913
66804
59046
91641
75563
45456
70888
11139
5622
86743
4873
90499
78345
52596
85362
73161
43533
88908
41879
1470
86050
47589
91415
81747
86504
48936
16640
37171
48912
60019
65632
696
87773
4016
15402
65499
44786
42208
29719
41544
10292
41071
33247
99792
12465
69426
13194
84663
67647
74865
60309
11882
31669
95318
4071
65647
12471
8465
67979
1541
40786
41199
24977
20681
31950
39021
41147
56231
67176
38526
33777
64755
51129
96990
26440
58240
44642
55403
38824
37341
94780
52745
63249
52157
81791
32221
78704
20413
86889
75020
23027
87110
47482
32447
56942
26379
87915
40320
70100
48849
92594
52124
82861
7836
95477
52572
32302
52443
32566
66883
70082
28791
16078
31901
15851
60959
55919
16047
45097
52169
70918
86025
41659
36189
95595
28981
12832
65749
43402
78697
30004
58880
13413
4456
72244
3135
26998
31172
36830
17887
82009
5802
46162
72036
94781
38881
81877
44201
73215
90463
86309
98052
61904
54525
11107
66249
45542
85074
51425
24039
33030
14703
49559
13376
78833
53285
15810
17160
10186
83110
99247
60233
43458
92368
7556
8256
36308
94731
20832
25501
36313
3538
7088
85341
21544
17916
25847
63942
91898
3129
24900
43727
10835
49610
6228
19533
35458
31884
16566
39583
96002
26452
41850
74893
73387
95680
25024
18032
36694
23816
77592
42347
16609
13523
73502
1764
72598
50774
46596
35475
89234
45884
7739
77191
60666
59834
18803
84147
68360
79401
30171
94614
86874
89183
67075
37664
40462
12772
45696
66185
14032
99007
95565
327
8131
92186
29948
84766
35985
73289
21602
62639
78308
55603
81089
32851
79787
56128
53438
22792
28245
74488
32838
91948
98208
17531
99322
4596
92816
3207
35777
58986
50570
98607
61052
25740
15606
64676
54573
14507
38569
79296
33762
82863
72115
22361
35009
97195
7277
85775
90569
72539
41335
8762
6380
10570
18387
30366
8773
64856
23486
32553
37601
64479
72425
44232
29792
55481
35053
96496
91706
45993
16877
62098
81284
5869
91305
96014
29740
40124
75823
57728
81418
59432
90432
26962
85597
83719
10252
10311
84088
27770
88494
11565
7646
64981
52777
65308
43967
38917
48017
77727
70335
83634
62443
41916
40253
80861
97582
52344
47893
50016
56901
99034
56043
31138
42747
46510
86379
68188
35304
79453
35665
86658
9343
36068
4446
27869
40744
40499
7089
38099
44352
20507
5663
98265
74152
61617
30732
42452
22090
61065
75815
88382
38418
41411
96574
5568
64072
91887
65591
640
37529
65598
53672
42448
92889
44225
99914
87620
3720
32269
86402
75505
52740
27326
43793
50765
53043
36289
56825
58896
18112
64549
57962
38574
11079
54566
8188
28495
52328
43681
51077
14272
61390
80568
28352
91067
1123
33155
10383
50762
92931
60184
62744
77674
14424
49019
38616
55308
53532
13273
88038
70659
88772
11551
22320
82976
34347
78086
64768
89882
94043
44157
16803
58285
31197
83817
8351
6998
27475
88462
55374
18583
94186
72087
59797
49399
32710
43009
34270
33717
55942
66884
14778
30577
55722
96716
57123
90944
33864
87418
99356
6857
14965
55642
99125
59498
14757
88805
68169
97752
2482
32273
62339
52417
34254
30148
46710
40371
70148
38147
9168
34632
27962
78024
26925
47878
3546
66235
31812
52025
89430
29878
41580
47892
52312
94096
48180
25317
34317
88241
89160
70914
4174
94838
36083
32666
50477
68489
55694
41254
63438
39924
64594
79312
42271
31693
25137
83700
36423
75297
22171
61094
9688
75209
61823
22812
35504
71426
65411
58642
92515
31313
13477
48392
22529
24448
99403
57218
66123
75808
57778
54999
1157
28136
85125
68624
82702
64643
6339
52055
23529
35327
92123
8278
60198
52694
4671
41112
54629
33730
53170
92607
1390
38513
79687
52637
63561
88918
63371
90976
35320
94441
14353
40219
96675
57960
71900
54352
15939
13107
86113
65769
690
33998
23210
33902
92948
91707
94059
47119
19661
86772
99860
76062
47435
759
58594
35714
84375
84681
24610
30154
24308
62335
75920
10467
10849
64588
88026
48479
87929
74382
33871
59953
15628
61008
22594
80493
99360
114
28233
55882
15954
49421
58359
76538
3268
95427
60503
13874
82832
61490
87738
51470
36569
51987
64338
53533
16976
71342
73258
1288
57516
79336
578
70602
60316
59474
62472
94570
63764
3154
51154
72497
34649
27377
59181
4929
26170
40817
80162
6349
14993
25019
95164
59984
81938
66172
37146
61071
49963
5658
20713
63418
64100
99995
91310
34524
90422
49532
12661
79254
45520
33844
55051
39520
60400
27588
21337
1034
62231
68604
14265
51282
23856
28146
43492
98156
35708
18228
90217
56779
12024
67559
85440
8821
84015
30545
11276
88473
67058
24808
69522
97543
5153
46948
63378
40229
20202
14589
34743
31270
77916
58424
83987
92827
44776
65924
44079
58258
12038
76836
89954
64837
5176
18780
36727
73500
9658
27758
76231
99259
52765
36870
29031
95542
37415
9209
28895
80949
23906
32331
23416
39049
49528
54374
36895
59245
79628
45550
18456
93956
37715
59910
53317
62516
9076
22724
47235
56894
52338
25241
56452
43162
93711
89969
61229
72237
39995
50619
11971
77442
62197
59254
40375
61765
43286
1186
42767
40521
20001
25451
13011
85086
64914
31225
35260
14067
17055
12813
80140
44506
87957
96374
20732
85943
814
92969
57351
17622
81530
10971
18443
27417
76801
43005
7332
69723
96523
37369
73184
41929
55547
51843
75777
24195
13497
16125
43577
28510
45430
82219
3160
63977
94667
18411
92584
82586
32943
25021
70670
71582
32868
29333
71497
7662
22772
64672
37797
34300
86379
85718
25852
42068
37301
30751
66291
67088
87042
62469
30214
70788
95745
34112
86664
45453
88678
76740
60720
27779
91716
75624
35135
79238
16044
13294
57701
71115
45787
89683
79882
79307
16699
24375
79837
21424
22524
62916
43982
32127
8814
45941
67370
2342
47800
99869
23741
74626
85145
85743
24141
7367
86276
47687
30624
36884
79696
62187
38170
94174
11075
33818
42472
94704
80592
26496
36934
24124
73530
31312
87780
18583
21929
36919
79472
21158
87555
50210
3161
89541
71067
46077
35066
57874
13643
65654
28297
63867
82865
30946
18514
31664
99323
14470
5363
51167
73154
77584
22844
46904
43107
3531
83535
91549
99420
10258
91468
29102
78828
4226
35830
48494
58664
76038
55984
9512
33712
99455
89395
5561
79319
34227
29263
80714
42695
58860
62959
63845
34063
67776
15897
38685
40122
27325
12322
48438
24486
39697
95397
51569
97094
68209
74390
8466
99823
86147
7152
91136
11892
44931
68701
46679
90703
76342
27019
23074
88885
30973
77760
71884
64544
27436
43269
26428
7014
74031
35870
26186
85516
10397
13431
91708
8940
57027
60192
29638
24383
73375
71248
91859
49137
19114
22148
22273
89760
35019
16174
22693
86635
28572
79046
61496
66626
9161
10111
89418
120
38242
11878
6754
92565
71893
21789
48884
343
6472
14552
97059
96526
22472
93250
82482
85678
65811
16956
38331
92356
20776
95835
99245
83112
87243
8510
89927
17460
18518
65241
55897
36379
26302
64601
50120
81590
90649
5377
58304
1767
99200
71672
66686
28510
26093
84942
79202
67466
5456
80206
11876
92783
39413
56744
95301
2123
2295
46364
46585
17806
75278
55891
99112
29134
25587
49998
25767
86904
13924
89523
25480
33331
83291
7986
70382
7875
94027
29050
46522
84413
40367
37685
90154
81566
37949
11088
52671
48254
53818
32265
36110
2336
63208
36253
32875
31240
60992
98170
83823
61163
22001
42717
11359
67927
19768
85804
92443
24621
11707
89833
25557
79870
93953
33359
56560
31635
71150
95376
6369
52084
29327
31269
25408
73171
43919
98449
75520
1504
89182
91472
98050
62290
92569
96947
9208
72886
57698
70836
3435
21732
87062
97841
17249
73521
5731
62556
96359
52630
30956
46142
11156
47893
83283
37474
30083
57148
11077
47973
76136
84283
37235
89892
93697
87761
56346
53604
67327
98657
82033
39762
43827
14575
43397
88598
83155
54872
37278
1949
87056
93324
27891
76430
13121
14802
79856
60299
37888
25726
79832
45751
89646
28597
19929
32048
23903
3134
36934
8477
31884
66094
5572
94854
98094
66332
42119
75585
14441
94507
61461
42805
95866
59703
883
18436
69124
40799
21985
45058
10984
91546
73316
45231
41776
63157
74250
66819
76425
65997
47755
8061
94938
29192
84993
18927
69552
74263
3553
47447
28321
78961
43019
54024
39238
55053
72032
57419
49005
59862
46582
82482
766
43119
73357
77444
61658
60304
39477
18101
82292
99219
88834
96075
48022
29743
86397
77875
57286
89630
70479
49765
82751
72958
61664
425
42612
69657
10900
39051
52644
28611
89477
66558
13932
76303
94872
33080
10618
71933
3844
62661
87391
55422
66606
23053
30890
17269
72170
29246
26112
30696
62971
9844
25158
35570
14216
30047
13888
44325
10704
27418
2029
55743
18165
9908
57653
76108
12266
4670
50273
5435
30432
67475
431
79352
11081
82586
97896
14013
41601
42023
9340
87702
59847
31427
24817
91268
89415
78187
54878
85926
91797
23490
79676
84611
48453
67109
32340
68860
64692
84210
95745
5514
58027
16707
35615
96172
9738
93728
8998
70465
20628
55045
32190
84763
81588
16251
97427
5488
56193
33956
63076
16173
43947
30576
72219
4966
49675
63130
72953
9314
47254
54710
61118
71242
76695
18654
62347
25630
56369
63499
51670
87965
89718
63399
55166
82201
11327
86764
7057
94869
35055
41751
11396
75481
17815
92014
90350
74678
48538
57562
82935
70292
2911
82842
68087
42669
89822
30981
98140
9635
15555
21560
88485
85106
89442
7261
77369
20760
40836
69314
88075
4237
10483
10765
65540
21943
13203
81898
30121
83633
72225
75486
30229
22583
24460
42480
70389
58049
25996
73861
28909
59645
91288
11503
87229
29307
89634
94993
41990
99227
80047
50393
64152
78893
32213
46965
33059
92630
20209
79632
10836
95482
67874
63095
57279
65456
66848
34333
24036
11285
30301
58469
30464
2641
50649
78551
37270
42218
21568
46471
99320
36037
90210
73607
43010
22186
25628
6957
61108
2034
42535
56670
64269
84078
55601
7414
19366
20893
77901
24070
83932
79523
25718
87066
53185
75028
44738
40994
76993
17801
62234
2980
5438
45631
54383
89745
42631
22151
83926
53491
94015
78400
73213
29966
62470
72705
95678
94806
70420
16192
94006
41636
59119
35275
55539
79103
6578
79377
14707
12001
90857
46368
53372
84620
10819
6064
97992
31540
7700
90643
1290
86794
2056
49499
8101
94884
99035
98866
68059
92089
16572
38477
12902
58408
13544
17034
47857
65997
8341
85329
19702
56603
92068
43249
13889
92571
65030
53026
12194
40921
66625
83011
50373
8029
37864
14752
62674
9038
14769
8779
50216
74668
17855
41255
97543
80683
4934
16302
31837
25088
87075
86651
99997
25515
63134
44691
96369
67729
4565
17108
43757
19862
29004
66674
29439
35145
63901
53527
92664
58606
81310
53162
74949
92449
55283
74817
41592
18444
46682
26517
73359
80055
27995
9440
26730
77899
79891
60332
6185
241
77568
17149
76477
94873
69812
98070
80735
36185
7172
96449
92937
84391
33952
90744
839
53731
87637
88310
58911
73188
87990
41305
44490
8121
78349
23090
55989
98612
54298
69011
11651
95364
21518
22158
13320
71349
53219
56953
3744
30657
34873
53804
1935
65984
15071
42007
800
45497
62895
30320
37286
87312
82828
95858
78014
12935
686
79420
78767
78696
3125
60543
59866
68066
40459
67110
9906
43931
82524
44530
1160
20709
67256
2110
89948
44386
37306
11368
38143
93463
7226
71132
8662
52303
88839
43993
79829
9246
56056
32613
78458
48760
54158
45084
31992
71420
83604
85414
26039
86857
10258
5186
99566
29749
31263
23715
74248
16447
52011
81849
37475
53249
76722
18045
146
49490
4860
21988
42226
36585
61322
22140
40180
66802
10995
20335
75008
25548
42354
43771
24518
29474
91603
91756
88288
58250
56497
46286
62104
41162
37603
93709
65885
25822
11996
4353
66846
59000
8872
86907
47943
86812
67699
28164
81895
13263
47647
53912
9406
48909
11069
42467
55708
73484
37824
30628
77813
85894
84
92300
81743
72069
21592
47729
80038
82494
78815
83593
38032
22662
38849
80128
32603
51327
16951
42113
57082
29592
59222
65964
18548
7004
65169
43223
60160
38949
76163
66613
52425
96421
3061
96837
72457
59985
66407
8312
91644
86283
46440
72587
12495
99460
89664
90371
36349
30023
2392
77576
22194
63231
18104
89914
66481
23931
55222
98379
16370
14434
58711
46478
6888
86029
86395
31496
72993
19534
87025
48130
62409
75274
91524
59415
76973
40201
67794
62081
34617
81543
48500
17519
99001
10525
55177
38305
59939
45004
70345
65046
90735
92901
9730
30002
94530
90524
69344
99301
53806
78854
18737
57196
16403
78723
84801
52415
55122
72538
67820
42894
57123
7601
97974
14829
93507
26889
49565
32940
96634
13571
46604
28882
4029
84918
18802
33629
49733
32228
40080
28324
19250
5435
19513
19092
2115
42794
26541
53743
91617
90746
10352
85508
31318
53006
48326
74218
94675
76135
7513
60513
8491
6581
16386
33342
81361
64806
96822
63997
62011
79702
7396
30514
38879
3757
74683
96328
68935
56785
51273
8320
27264
69514
96156
16066
46637
65308
36117
74849
79256
73557
53617
56917
2839
61508
37795
46028
27233
48627
94991
41673
44498
25549
15319
67422
3739
77523
4978
9572
98268
17117
78961
59021
56268
65863
85102
67366
16871
93860
4135
84855
19725
29408
39488
41651
40998
30599
47616
83296
87977
42489
76060
79286
88064
72735
73699
64755
91769
73719
49314
99624
97469
10095
95697
34602
82849
51980
88015
29071
15888
70685
9377
53875
33601
58647
75575
20940
31206
71743
73316
33299
61406
41028
1522
10225
49893
49472
37994
62557
65502
78745
86346
50969
4596
88532
12014
61238
3625
76436
2441
44378
29171
85564
72134
2429
45795
72580
92531
62779
94679
73204
91397
52791
84778
71385
76856
17128
18944
73113
65788
43791
11512
11028
40919
21724
11073
68965
36349
98328
61099
81624
86543
22423
93710
57430
67015
63388
9052
21844
47114
6728
81448
91839
53445
56412
16188
92974
10659
90970
8911
91825
83740
22064
24528
63922
16237
6983
50678
39063
72892
60145
28883
48270
26195
23820
34018
20550
29368
20467
75091
24346
20303
66903
37009
17078
46477
838
63891
70859
12343
11614
30407
27268
66214
31726
97458
95444
67221
26025
64458
1429
56207
27599
38502
52157
18688
56292
6078
78053
41271
76071
6449
24962
51561
10736
29641
39063
22957
66140
74944
82437
40313
98166
24034
88721
51220
28782
60627
19937
87663
86608
93406
52985
5210
50685
99822
35528
81903
7965
33254
54090
53383
58066
69806
92812
13473
82730
67346
86570
31652
31118
5386
52234
79386
84919
73902
51044
61109
42313
98074
2470
83729
43894
77527
48236
22301
13928
40318
73593
25749
19185
71769
44207
49245
23678
16655
39199
63442
11160
1065
95155
60016
19717
78305
20928
42880
89603
19090
26123
47287
56519
59864
41023
97621
94836
34195
43223
31200
19781
3000
49948
30311
76948
75486
90320
96579
94265
13653
90181
19975
23688
17779
90507
80808
88769
58181
48881
3202
5396
7911
33263
50101
26672
79042
98827
77991
16309
21850
43123
97403
95790
57070
27561
37556
95581
16468
24461
42265
3369
15706
53419
14207
34596
77498
30200
45124
63221
75130
74441
96732
88529
28962
47010
61272
81173
32221
66995
19537
25262
74036
29549
653
36179
41655
93014
36378
55775
41987
85849
91642
97695
88388
87577
32428
26053
4724
10995
21429
82641
77961
35921
60590
12249
1109
73252
86150
41761
48889
45107
30384
54499
96783
5182
68939
75877
47
40117
39958
8583
83265
32159
85553
91107
94011
40624
94102
28227
71955
43031
90466
66419
85490
39511
4221
3976
93058
31471
82781
18846
29725
44049
31584
71001
85728
33959
90652
3303
13311
55616
95175
58166
81394
66935
29130
1360
84087
2916
71327
78327
83830
77390
26139
62813
30479
95393
61274
92982
55552
2548
32929
22516
5320
50866
8284
6316
44731
38787
39514
51233
36049
83988
22997
94569
79161
56507
65331
97339
91958
91273
145
51096
68294
75398
69753
13904
44145
7470
81147
80230
43354
54439
92785
22826
13416
41112
15911
7270
44710
27789
4025
43514
60237
65041
92351
843
7336
65594
762
93289
22122
38551
37116
48150
11462
46139
1149
47991
29148
40335
69470
12908
64493
76230
77447
37631
53609
8505
57040
62815
67565
13706
13697
31082
67704
74580
17224
16839
9758
8968
40968
9619
88596
10519
66671
44077
56287
70039
69408
92326
13056
73987
13945
50657
83323
97569
26920
3286
29618
75580
46458
12823
55329
97293
10312
49917
80333
98689
86182
70640
9469
55503
42157
17310
99222
86777
91022
34544
82836
82654
79533
70837
67546
93371
98665
54402
5927
29233
2625
7570
18004
90267
84064
53675
7024
75228
6295
8721
98382
87621
20153
34733
17380
33124
63787
75224
25454
73578
98790
32001
32324
50477
41809
27525
94059
63268
12855
43147
76063
15311
11071
30346
94637
71858
54161
23219
21496
37392
66296
96010
33700
86702
42172
93317
68507
93998
79233
16033
39006
57202
11376
56782
14107
17742
78811
16073
89283
95132
36730
43075
90866
96698
53029
33741
17336
2500
19092
63845
84112
13004
22881
82730
92605
11667
94024
37464
35527
87572
52054
79883
33806
11542
78020
31157
22016
77590
38465
10985
32122
81141
64976
37229
88197
47144
60580
84896
99669
51411
94349
8886
27540
43792
13149
71995
75300
43043
31314
2920
89453
39597
53803
51278
62769
30316
58166
96289
57144
35040
39845
47953
82502
55841
89972
79688
17641
80573
52969
22298
82625
25797
70634
16313
85452
67235
67473
88640
63613
31013
73265
61816
54627
53475
46942
31674
43413
75579
16017
98109
64141
49370
9660
26268
40121
31143
27064
77887
30441
94766
26326
58249
31133
949
29641
58917
4780
21578
32248
1339
99436
20366
26773
11832
40256
5975
67739
47450
63794
49234
76361
2040
56197
3022
402
50106
83308
27084
72221
42595
20114
83529
58464
17596
65624
44234
5844
46813
12326
79181
47262
35547
54832
54751
40750
91564
52479
23577
75765
71489
44380
54746
84104
14991
1634
58854
56777
228
80554
383
8526
74896
17697
41390
82918
9902
80265
72064
38191
32209
15226
77617
23768
18297
33161
86498
52346
70462
42702
60792
12715
45818
34801
76936
91766
49284
78386
41862
51485
16211
85387
61382
16476
44498
70649
58366
74898
46088
41563
23732
91897
34830
65456
81621
48387
66213
33369
3708
18157
17220
23887
71727
81010
69535
24189
19910
454
35735
81230
68842
28779
89030
94582
56245
53255
28076
12723
88891
10776
23674
27211
43665
70123
70680
87721
35869
12819
23742
94414
92410
10569
99991
38566
92290
18594
5323
21765
35385
21716
42438
53334
77341
85
97186
36628
32493
84492
67913
65725
1021
6490
74422
77610
52477
67720
96624
6667
78828
17177
31570
42338
65785
9397
95492
86117
82656
62364
45015
5151
30005
98757
94753
824
59989
25162
15897
79122
21536
88842
71345
41816
72430
99821
80394
74112
39741
55785
1100
43799
46909
93891
47139
80248
10721
11817
76571
86879
91421
27704
13062
19500
91075
91398
121
87469
7330
14142
94992
93443
37471
41278
57744
87460
32967
73680
52429
86438
9802
30867
54801
43271
97493
7983
18850
13769
54108
37315
2233
40911
1553
12529
49563
2945
23944
22840
96769
46355
664
21841
11458
76646
42226
15571
36375
72163
11112
8667
91250
37832
2894
98147
22166
9553
48091
96620
57523
27464
34911
74373
95383
84242
13664
58560
75702
9185
78013
5398
64222
59236
62832
66332
44889
81868
75665
27
11583
62849
98510
54468
64117
10020
37911
80889
71347
43356
56604
45266
69944
94515
72772
87844
58793
50292
66539
29819
78093
19734
25183
44564
94522
64472
65390
96973
49152
71605
41144
53734
52556
87867
95399
55909
71462
7130
71325
85416
13881
82702
14727
98044
63989
24242
19784
91397
87748
68574
19999
58839
96540
61367
51797
986
70315
357
33936
99051
68066
58968
38503
38925
16700
85780
85814
12148
65599
98714
70140
191
91015
73926
84210
87789
13090
15562
61272
73652
99726
25457
62215
61092
97381
1388
71112
3542
4211
96480
21820
13431
96412
20201
42746
85696
20666
97904
63639
84016
2795
42601
24604
82970
67221
51265
20872
38850
34911
25444
34061
67076
87586
23087
55593
75451
86234
21586
33099
4439
55743
7525
5330
27093
32658
7790
49935
55696
55483
34766
64532
82335
34974
31419
32313
87182
77107
88903
48895
93533
62967
89658
54433
56365
20838
85939
88276
92682
52663
96801
44882
10794
45316
53118
63323
63814
95793
23985
44898
97191
60663
37432
10775
66953
30599
69570
32923
4000
70716
4423
69234
15209
44381
12351
54342
76853
42193
12642
91909
97823
24035
88411
71955
21001
79965
50869
54980
40674
29485
15255
22543
44258
69534
69956
22487
84106
42451
95052
50396
51113
37497
88500
81940
54710
50632
19138
61688
56247
86316
8276
26599
29382
81087
34465
72376
91783
80855
98763
73522
94089
28136
75104
3384
25697
90597
23682
10593
28507
83444
91105
54719
69421
21653
81392
73950
54840
86967
46452
8722
58943
43823
20815
7510
95223
61385
45118
8460
32227
24453
56738
72047
17921
52938
16018
78060
38544
117
11211
90082
86269
32476
84310
11508
55748
77674
1722
67785
48478
854
82798
66352
78315
72333
7325
6138
16880
82405
53904
67836
40780
15207
28348
16448
18919
3356
51055
96277
83176
26912
72362
63680
67788
20141
40836
10402
90888
2325
70099
22831
51472
86989
98679
92963
50405
74232
88131
38420
97336
71962
20361
93615
6128
49625
64392
61922
31799
96523
22865
11151
72176
49879
73171
6750
35984
87253
20221
55721
45376
90479
14324
9373
31113
84166
63102
80552
31984
14255
33706
16567
5680
60541
84197
75283
10236
8627
47372
13541
67063
43736
10900
44657
73784
95493
73342
8498
77108
65583
47260
2268
89311
25958
35226
50156
14630
2238
57505
16741
63838
92142
31243
27042
99655
91517
97341
13993
36665
9726
369
47748
41606
47755
35685
70086
42092
84369
78955
19166
74814
3111
43702
35314
84172
93115
72256
7019
81207
27796
76670
46549
43719
78081
78061
73859
77146
42601
60804
96183
17769
5469
78536
91212
64030
8008
10400
77009
95562
28302
21423
93668
39668
58439
21401
13266
85137
82734
61886
41557
2297
34994
4961
22130
50605
92462
81292
43887
6474
50977
82969
80829
79805
22981
12618
29692
24951
63253
69342
25716
67103
82463
75282
65416
73414
92397
91418
67144
31790
77753
89903
3539
73918
21990
8098
56649
21891
21692
43797
92996
82579
86596
59821
15058
23139
64159
30177
71168
97970
86686
60135
75015
95556
82215
55698
11951
3525
45363
83919
86114
79652
94893
89373
48612
25554
31268
80778
92674
99938
82642
65265
35164
77
51551
60658
51094
46595
57969
77435
85835
11196
55633
76076
77556
25961
50079
16917
91147
95202
9885
89122
61747
26733
23397
26940
3735
93745
21489
9014
52092
94687
8733
75452
95989
77456
51061
56588
46021
3360
80088
54886
8588
92352
41711
65297
1137
78426
43620
18193
97791
75529
91395
56334
26880
38518
34869
60027
67788
50139
30357
34121
45179
23106
3015
28312
27207
24614
30180
49126
24688
25517
69933
67753
96067
86857
87991
44741
89879
28553
77085
80525
78239
26148
85422
13752
54967
86922
11148
56315
96103
64074
46913
23936
38994
30245
83523
88766
25965
37552
43192
26334
34279
78485
32709
39356
15718
92549
61435
89622
836
73352
49189
36899
29089
56722
90978
57683
64988
83532
21906
13286
17073
77878
91522
56558
40974
43293
86636
53056
69684
11929
84322
74650
40279
12867
66010
98355
43076
1833
65345
88266
33240
86986
62447
83377
12388
48311
15979
34774
90775
58194
25882
7633
52921
54922
86848
94258
39665
35164
80963
53260
55037
727
71450
32906
43296
71616
13964
42613
71826
88546
53126
25513
57234
82659
49410
10848
48650
76336
73881
83235
88496
11435
72736
88161
45870
62478
4156
47704
84548
59383
45558
75014
25580
75274
8222
84233
44931
95464
47048
20498
45503
6808
56676
71567
92122
9952
89600
49017
85116
98627
9407
31283
67616
5384
24653
64688
23908
70856
35152
18458
37917
45424
85362
31902
82373
39958
61985
60167
8658
68596
74317
7547
87681
45201
96763
31651
46278
14421
76035
86641
71074
34379
2452
13302
65008
71744
8595
52071
16616
19087
93320
63129
28574
13223
62791
66317
18720
90797
79789
6141
693
99187
18302
18501
39488
58223
60941
68485
92878
78586
69234
68094
73762
49302
2822
42809
6961
76707
39439
46665
23048
52618
97793
14342
5240
23281
89169
92864
15348
79097
86083
63809
42756
10615
82697
31874
56064
60359
62759
11566
32779
8550
46227
60415
42708
1998
79068
61557
53795
45080
53157
80528
78338
91310
54613
30853
58408
74185
4528
37605
13688
11149
67302
62028
94144
97507
12794
66164
85504
49861
14669
46107
27794
6735
51703
74593
90665
24620
96710
4320
23921
69385
43768
19529
44299
41252
7233
69093
88159
54808
22741
43057
21363
1487
16172
58673
11126
84788
45150
41973
50947
21844
56889
44325
84103
83818
70506
87352
965
78984
76899
84657
48832
74508
21476
52265
70636
80375
54650
58154
51418
13190
40129
29869
31052
64293
51043
41209
6452
67032
73598
81137
35306
53321
28726
46767
89225
31335
99625
9853
89856
56036
64310
71515
72231
99690
84588
33533
82184
73072
13257
15062
17531
39522
13662
52030
74699
78760
80553
82414
63423
14469
1043
46534
38195
47324
45907
74415
2428
63221
28859
40920
96190
96363
39497
43391
9283
35964
35288
89807
10443
6640
93097
50776
84639
76017
20386
70132
10265
93256
75995
38847
39317
96654
94401
67263
36471
67356
61994
67667
62373
82852
78174
91377
90484
84266
34457
49759
33084
27129
92769
66693
98179
67655
958
73256
66122
57404
31235
98423
85299
75127
17547
38080
88260
9567
71914
89401
3586
56658
43576
64796
53903
30077
77244
83646
60545
59766
29706
65022
34909
14707
21344
94086
94096
10988
7959
9677
15436
32675
92347
33762
38329
38616
45501
5132
3053
85818
46648
71956
84856
9483
23628
69954
62484
19507
36902
93836
17406
54125
92748
75761
97587
78779
69928
68942
2608
89673
85801
79635
79153
94887
18818
14081
55966
75047
71371
12974
18740
75754
67557
60056
75519
43780
51863
85300
24108
4313
9193
28611
25120
86839
10374
56313
39987
18459
49545
25269
29783
61036
43078
15193
5876
44544
58209
84650
64579
20918
16797
27128
38134
47867
7563
40633
73698
45384
66632
30845
63551
15532
68506
79884
86199
28998
55537
8924
7085
36194
32030
89569
71026
85500
47246
2381
86803
56739
55930
18375
33718
96095
63105
31191
68818
50068
67328
73763
10731
41236
47865
83349
56202
46837
47302
68477
50532
50793
56341
6724
31492
27949
42153
27556
16080
79615
29915
12928
53586
59985
38654
16020
17071
84810
95869
950
76207
69717
50996
73905
5097
66755
67057
92383
84727
95213
26606
730
95901
42217
58065
22693
55446
77911
50710
32295
35013
44682
87501
42895
18659
76244
41832
39919
40299
70597
94400
89624
40774
50812
63800
20419
16996
80131
65740
4897
96000
37963
77833
881
25525
13461
68633
45032
45567
10779
29878
68555
75966
61539
38485
71760
80817
17178
8310
35168
47291
80865
39485
85491
41264
76469
77002
88482
2290
96633
30659
53223
42477
3728
46432
77960
29303
54808
16791
74283
45572
79396
39454
50824
52904
75038
52981
32798
33656
45160
18867
27937
30776
65488
90987
72665
21138
64413
35531
86371
31327
55083
7023
85409
60638
48010
12610
64802
79893
28732
1556
63873
58607
5461
12275
72443
50495
93042
1734
20035
13594
54962
35136
88228
76865
7146
68836
92719
34394
21244
90399
49993
99192
21511
57060
94670
77225
12735
43015
89954
11760
63740
75655
62468
83838
99210
33899
7811
36507
83372
89368
22918
93145
57535
617
3650
69349
81451
7286
94924
38539
19286
48197
55357
30753
73742
26186
27391
65269
97020
91083
95759
38768
51916
93437
88079
99289
33014
32730
15187
16928
93223
70714
81472
79291
92160
36492
32550
92786
38013
95317
99113
82889
54055
69226
3939
55318
45641
59225
11847
46039
28513
61022
32230
41529
32551
67603
68974
35541
49474
36138
78134
22849
97550
54075
49154
6676
79665
37473
26877
27680
20642
36666
17795
86040
80639
41774
49586
57192
40689
69171
42267
76246
62096
84256
67943
45954
90293
77797
4081
34761
40972
51936
94482
17809
1364
53204
48614
18059
64245
53584
37838
58386
2073
93432
71885
53308
41055
28679
74504
16972
68039
47917
87677
27512
12796
92752
71191
44121
96601
35785
35208
60459
80694
73655
76454
35275
80672
44380
88855
1117
23921
54734
73195
87564
43930
7437
79703
72732
90168
11623
9214
46000
23696
41905
33970
49373
68146
57711
15210
17777
8345
30378
8157
28246
78167
16026
25526
68019
31640
58790
1332
3904
23144
90470
12431
47979
23926
97702
50858
13885
57078
6636
11470
68427
4699
70701
82919
39558
1334
75162
6486
34443
82233
64877
93459
37172
25879
30939
90595
32813
20141
22781
57827
26232
98564
95527
26323
36927
68056
68491
39164
53911
75053
33477
81512
22444
92014
61402
70434
88506
66034
52754
95367
79267
62858
34722
10054
11256
5189
13259
3957
68500
7641
63971
76349
44299
76984
64871
57411
30308
42878
26237
54130
13006
10945
88001
55484
66765
87501
92261
6621
9025
67799
77368
75010
31769
56405
58756
94021
11054
56016
41943
58869
14186
74907
9482
65254
94691
7868
68489
42087
83862
27749
91638
37806
56966
90050
4147
27581
15915
78537
84041
81109
4526
88052
39572
72217
4015
31732
95038
25605
14768
51561
28722
70065
65134
48599
82048
85284
27045
36407
98611
55208
64254
92364
74417
38789
54699
78850
62061
94125
11129
38785
71689
15044
58198
76760
39023
19147
81146
38619
51429
19607
4352
13133
10869
39272
96253
48596
8971
18028
94980
72087
11145
6129
11636
34047
35276
83500
44578
70777
52600
42506
79296
75131
64841
27808
45121
35800
35235
13425
70925
43718
45227
44942
8405
90812
90971
67429
80574
34387
13654
71040
72962
65431
54814
26275
13482
40447
48530
40419
97246
25477
95798
30622
46798
59943
59349
60846
492
75123
41586
88605
84925
72529
831
75163
82549
80183
14466
13714
62760
53376
64704
6854
59862
13567
84496
49946
36297
31565
8576
26368
84578
5937
56434
81235
39743
51326
88133
4977
50355
64499
39796
28787
62531
15820
20854
36381
965
23115
50456
852
21671
31137
54081
21674
4755
25546
31170
40653
35052
38801
81263
59759
33075
76718
98031
75833
25787
11358
72271
68206
30848
75064
18256
45976
82709
84082
84281
51959
28262
80974
55209
82635
18969
80539
11642
47493
8311
25839
47267
3662
29358
77987
30939
51138
26514
24304
56893
27031
5033
33421
91072
73106
14742
59892
16600
1860
54945
29473
5499
87471
81471
26380
83219
79538
86337
23384
36518
99293
17892
58546
72562
56204
89223
84620
94465
31289
838
35960
87198
73055
26526
91866
71912
21905
10986
98270
22534
66748
21038
92007
24434
56697
9946
79293
99949
67881
62868
89411
32193
63999
38380
63551
53779
43125
42636
55929
6591
68639
20251
41217
96022
71997
7092
71382
17673
98448
36805
10833
95732
66750
44252
15766
89288
78446
3346
20236
70382
13195
88026
72464
59166
46621
31797
95295
43311
85772
20358
41575
55021
88017
36199
91646
88007
62244
76643
15770
63687
36760
55743
73826
16049
90313
44717
63691
3594
62422
63709
61870
21828
22164
52982
36238
39829
93630
59898
21240
61789
51649
55835
31065
91946
45125
30306
57962
44803
70367
74896
95376
8198
81723
52564
88137
67692
59669
62202
50891
79600
28910
89028
88510
98688
46689
74827
5172
8290
86689
36875
79267
59211
69450
53316
86369
31273
28597
54517
22478
3074
51824
70235
14596
62700
13278
17389
2400
92194
67634
67045
86401
61942
44393
47619
2042
8467
72561
52483
57093
15521
75842
22166
80826
99741
50608
30404
60531
34293
36227
26329
66151
2149
8417
5383
64027
96910
93695
98242
9617
43277
86837
60024
13829
94339
27933
15458
41552
70667
82125
81137
36848
62473
43823
49535
52255
29042
86976
66375
69278
64892
20433
69209
51383
18921
32168
81263
37749
8554
69277
31821
52911
21655
6249
9780
29652
5476
84251
14115
66272
5772
15724
89568
58201
80607
46959
48975
63834
2865
63752
19998
54030
13287
96324
27240
7221
379
46488
88015
79510
46814
84144
83746
97965
25812
63344
48238
34672
36490
21639
57540
35105
65197
80656
45448
55669
14322
73209
77210
81103
78358
11715
26786
23047
3548
18061
75808
31619
83079
4662
22962
5861
67007
151
18118
66804
9467
72127
6552
66610
40520
58418
79893
40679
80616
65961
30711
12596
85818
28128
19478
88519
89617
94720
29770
38304
96285
59117
13057
10806
20712
4543
48308
33837
84097
21920
58455
73942
2171
72843
54462
77897
30406
23946
555
15046
6694
12124
85403
22810
89495
38058
18168
41656
38905
19155
39818
26401
89703
74592
23750
93931
86721
94435
61851
50418
61998
38004
44446
20763
6225
60951
22273
86232
48817
96955
95036
93466
5457
95966
52771
74528
23206
45924
17740
51147
92131
92450
6489
45214
4149
20778
16283
3238
5411
69709
97896
20610
1891
17293
38265
76561
70518
71742
64855
99793
53987
73315
3610
80590
24603
98348
95525
76637
95020
67374
68005
2620
63314
74451
55290
14909
57218
61691
30036
69136
64634
69549
65836
3970
95683
27910
47331
49447
13416
77319
15969
14524
9791
11278
91254
35379
36808
1824
35499
43552
79574
85475
65308
7718
30711
66239
80479
95121
13673
53636
49659
29624
91060
21757
92463
62175
93214
91494
30539
38735
42027
22059
49056
25725
80503
16368
51566
87397
90620
39196
45547
25028
39610
53136
30508
64335
51002
26433
3464
93051
71303
88232
10218
77298
35911
56223
84550
17473
82624
26675
55442
5906
53110
91608
45897
78606
89172
35205
73050
94805
98125
28000
89888
36156
16556
65452
6424
21167
29480
78577
53742
25460
77779
34105
25041
77504
93820
37511
4863
62731
45162
11762
82804
60084
96889
11364
7440
10609
70
72113
86562
5634
13244
26004
29588
44370
17827
77725
13883
4619
30965
67015
10927
80109
71251
87727
54159
62698
67907
63982
78842
96759
60128
66004
39619
3488
4359
88031
61945
92440
81689
44274
74553
47712
89571
19393
37696
85180
523
96942
81579
28954
19180
54837
6916
75807
17536
22274
5827
9771
95638
57085
79704
55097
89030
63557
22248
85790
7604
27972
96325
30646
40825
51023
59213
39421
60854
24723
95419
11216
62643
17686
30231
4783
92305
60068
31458
73724
27534
74590
75986
65125
59401
51062
48767
31359
71560
44374
37997
69590
62592
42682
13558
36143
10792
64741
91798
63928
87222
26333
30234
84188
3076
60748
15335
53547
14034
73021
55458
66828
74620
40721
9785
98247
94100
3922
4907
40819
80498
13742
89277
14637
56926
99565
27238
76655
62097
57464
61955
47817
62100
77306
74587
33752
39074
80344
61569
85979
64550
21254
67119
87409
59464
39782
15556
78700
13527
16054
66511
94673
34286
99383
43059
34832
58453
61069
94132
41611
83831
26138
56995
17023
47670
33296
61607
88716
42834
35685
53516
53439
10770
16278
18801
54489
82529
4682
6007
18937
50051
47066
93156
45294
55574
4244
20519
22527
71650
58386
48206
86223
81752
73886
97319
68190
17679
70636
21362
36155
87678
89706
73959
96199
8740
41731
66960
68884
35249
23876
16128
49538
45795
57360
42708
48225
28815
99309
86428
35537
59984
54144
83615
31593
25503
48076
37241
57619
6469
70198
21640
96191
9381
73523
69813
78994
59325
54156
84772
74456
74392
82247
96483
2528
59482
53909
59926
12161
22838
74102
53011
53565
98488
7834
44243
65502
2037
67250
62621
98453
82833
33673
45244
52286
73525
17487
47961
87254
17853
80450
61112
68810
78577
9932
25711
15885
58631
87371
15669
47374
36448
9224
66171
86287
58555
65363
86530
90774
83167
8183
54718
29460
18102
88914
53868
53274
53879
70464
80237
42918
31938
32384
69521
29527
38490
46032
89674
34674
95766
60709
64619
72742
83603
90014
20957
3400
99182
40525
74390
76261
52504
24386
84952
60898
97151
53919
22293
69946
57600
85676
82572
79799
69726
86047
15272
4496
19330
18308
32237
31098
76096
23881
29298
47051
67199
81484
26653
51903
59482
75087
35742
35510
74495
84803
88737
96420
3631
43624
7473
33531
40226
10396
7578
34362
62298
12456
81260
36431
36722
16690
41956
3440
60332
76776
31972
84286
36816
37289
75625
77747
12419
35863
36534
82188
99262
64188
85121
92329
6470
44632
38426
42628
28853
12159
29366
56304
35329
32086
45761
75869
5362
47602
11154
18227
7259
1422
89497
27325
23122
56483
64030
61325
69999
81238
15401
64767
97915
52764
49358
64690
33005
69034
42057
68024
55336
70403
57442
74615
27417
58078
36650
77044
45122
60080
5974
32956
18532
13904
22095
31262
8303
71621
16885
14562
4080
46714
41795
36001
58740
42491
74862
67902
60362
63123
53313
81794
70370
7755
92772
158
46188
62915
6299
6132
85458
84695
9026
35756
88214
6811
67882
20229
781
25722
15760
56467
42069
8927
22190
92381
84458
16168
25952
67629
26704
93424
11437
91894
2875
17653
74762
5529
8763
59932
36450
18785
41607
30128
85282
68236
69137
91556
45622
10012
75067
51314
66257
83508
60344
23687
64899
1470
90217
77096
68215
32887
81347
63537
93058
94863
85918
62343
55410
41354
74980
60926
86432
64334
50940
23500
8375
21003
20792
46829
9678
969
63568
23924
5415
22842
85957
14300
63022
8197
75773
14825
53112
9758
74547
58782
84260
52033
62989
97645
77480
18449
95581
31567
39579
36077
22243
6372
51744
73175
78231
95352
98283
21683
63609
65220
60796
14657
26288
78186
73779
46356
96448
50362
98877
11755
52401
38508
51926
53953
33410
4117
92940
30852
35441
59055
97303
45896
61401
86661
23860
48426
97334
32410
73373
45004
31024
89627
42815
84600
77153
69341
65201
88703
81552
56513
74805
52097
55905
52666
50175
25014
81986
680
30410
10756
68359
49860
42370
86396
44050
52206
92896
67771
75657
3280
45710
83701
31540
3097
14522
17356
63725
56274
80848
28690
16039
92855
57502
6349
43859
29022
41864
5396
46383
42672
90823
11471
87669
11702
6963
5529
86694
71833
60725
55588
78808
72103
92060
64439
3655
61414
34758
29425
66158
40694
21153
14171
30895
60984
48591
84891
31007
66024
68949
68902
32037
38153
14387
56868
22275
65317
67778
83220
12551
18910
54062
20577
69223
69112
1460
29638
66495
10462
54117
82968
31183
38759
98581
3255
2301
83753
65656
47247
15005
60441
47352
40145
82321
87180
60048
48283
30041
31964
44636
90109
65386
61210
32809
93455
56208
71147
64983
27092
25720
9770
37591
7605
60823
22745
96813
97524
79461
59805
20501
36422
67034
93130
74564
34247
81461
21555
94426
15335
37931
50152
46373
14388
1613
87054
6699
73773
11957
96496
76679
21507
4344
59748
61785
58036
15837
13433
89955
17548
46807
69092
99992
11232
946
60099
23067
76909
52003
48983
59763
39536
57266
60263
79739
32699
73975
90011
45055
61235
64501
90603
48965
2870
7612
16798
94513
30673
27052
33635
67224
75838
84397
35569
6153
6420
18204
29879
91123
25884
93348
77674
33793
51706
58491
92105
96648
40135
84457
58799
2700
17510
76997
25575
51046
42814
62817
75200
18743
84867
28047
13277
16445
10901
12490
38968
5257
14212
42488
15231
21114
27013
78630
37294
8707
46657
93903
78096
82462
18938
87271
60011
71945
78771
1523
2757
17436
21609
60782
54525
58493
20267
91144
55193
6236
84910
93334
82406
31737
89197
32029
5088
99715
55726
77345
72841
31149
21411
12872
73889
57800
51524
71346
4946
20370
22640
96518
42017
92233
32162
47784
63915
60875
7092
74245
19913
69048
79170
49399
23879
90665
99944
25033
83152
60306
59559
18081
81644
55090
90419
60004
99388
42228
6762
78783
75698
74974
476
55380
61024
68358
12578
59030
63166
96107
57886
21275
20498
866
29394
68619
54703
93961
64633
62391
35386
90034
40367
78744
29672
14200
81008
7935
47611
18935
83082
34163
43395
29258
1105
72801
26746
36744
59764
83372
99547
20457
29084
20356
68619
89702
64980
64979
24964
32506
41919
2313
65144
69617
48075
9187
60397
47190
18673
96785
47354
94674
30038
50381
97813
90498
79380
45656
4160
31255
22115
33157
57359
28742
66460
41750
53920
92029
38561
55671
70375
67237
64429
84742
88608
80129
57809
24640
70635
84613
28581
84822
82466
99890
74523
51700
71369
24210
1637
6759
66452
3498
33823
39497
14723
94880
51573
59147
20679
63402
85309
79570
62091
16702
64658
94171
67616
8836
76393
81629
50355
98403
6107
67563
73584
58346
12940
45791
67889
90551
16427
3811
25180
12094
39836
69060
12362
84006
92195
78939
69639
4096
88033
78635
97889
23806
49705
39256
84241
33197
73628
62569
39120
40725
98701
97286
22926
44314
96845
24906
61503
47115
95571
43475
42140
1558
93696
93491
50711
6436
12456
85260
81533
91071
47890
53615
46215
42176
16354
84512
62190
62809
3554
95915
10003
70697
104
33343
7355
29711
66339
96685
99336
18400
78983
59701
71987
61555
29071
66135
41870
10768
90782
91646
5118
33978
40908
59580
95207
66129
58272
94939
74456
12549
5744
19861
57929
44095
31016
69656
28774
97649
1974
62747
73126
94184
39938
11648
95143
3037
42078
25549
45956
19171
26067
49305
57356
33533
98662
16913
78510
23869
40732
95539
31759
44259
38649
52327
69643
58616
87306
33057
95351
15734
93775
74290
11926
46126
65218
1165
34528
29179
29452
80006
56994
97030
10641
52551
93486
3281
99773
19533
39831
28704
66709
15565
70752
94690
39213
59244
66226
9900
44301
40092
47278
71751
25756
16335
89662
91301
88810
1095
71064
9354
60634
17422
57382
66229
25256
80836
34474
29288
13282
11450
14570
1613
14192
38924
76996
75708
36500
61565
44306
65217
71417
86241
96562
97945
2026
36115
67198
19299
4948
5105
35411
81640
93642
37457
8242
32164
14132
75819
72998
58002
15581
82358
21950
33797
66330
85113
6176
81722
4007
16238
62614
75626
98104
7015
58903
34627
42692
11503
93802
19037
5938
81497
16601
61748
47992
58463
67922
78938
31546
76538
31663
58465
18634
18962
23112
31970
92251
29317
54286
11970
98031
62206
84175
17768
49732
49203
38103
5504
49673
94394
30940
93093
53386
52660
4333
87462
9745
55173
29043
7301
68046
51145
4100
4994
53912
35328
75757
35336
28525
57428
60176
38558
72212
60313
4902
99708
51852
86262
52726
87264
53219
79776
82257
4963
38882
20941
78702
49347
89928
17144
19281
5478
49353
87627
10534
94642
12273
57988
22512
3450
3141
6866
61742
70993
66196
59473
78483
45251
64679
57539
8283
68547
68631
13049
55955
54377
9390
1620
41284
70707
18222
31733
63026
91458
98576
23292
48413
84773
27963
56739
47154
47958
39219
85473
65637
51852
67553
22958
50472
45076
41137
45477
68683
90042
67288
53512
80800
74922
70752
88636
97514
38981
40405
4962
6836
36744
7262
87106
35933
25859
71688
57008
18341
92831
98201
83575
39388
79475
44463
12310
75342
85100
12750
43980
13831
66605
84995
47055
26597
80485
71750
59606
93720
2695
16441
26407
80736
35532
20318
95906
97467
66475
76317
47390
57851
87419
56049
31938
83565
4491
74343
72241
38928
81362
21026
58645
30733
93999
4137
40169
29022
2638
52052
6960
19110
73593
59692
72270
81004
13885
3496
24544
37204
28602
46978
94242
4453
39906
88890
58942
75422
50247
13112
62859
95970
22318
70397
78334
96401
5344
51851
2770
79952
43581
67642
30649
83563
96392
76375
47246
27080
91936
77897
18934
63462
88620
94420
28211
87349
72255
3824
71815
24876
90813
65176
73416
51798
78069
82460
54207
99245
46864
51178
8519
17542
57800
74787
7203
89633
56159
15203
84476
7418
98504
47810
38903
15776
36377
59238
27467
3203
52124
54217
7882
77905
82776
66944
31902
3960
12323
28869
700
94089
68433
17234
79206
38873
2831
2354
92718
93212
29308
4364
29807
37545
26757
80371
17119
65304
9377
75604
6686
91924
66057
77693
51685
60074
55355
95263
71433
50996
14301
82666
14596
96135
15848
73177
30498
675
94898
49216
65668
45292
11824
40309
89022
12828
50584
49742
30939
16710
73052
10729
95399
89
84180
32236
30020
29414
69600
3902
55658
90180
5647
56363
39514
94456
21723
29141
56367
68063
45638
64206
96137
21980
51254
54764
988
90468
85390
37769
16702
72871
32139
2375
3253
88775
51384
74773
55639
58158
44610
10095
45155
70185
69342
38226
5864
54501
86613
43982
9758
74446
86822
21185
21675
42856
62499
77677
62720
57114
89228
87068
66793
78334
35227
41152
72903
24380
42601
7954
20100
4564
7281
38026
2171
84093
42779
29726
48388
81883
60125
7821
36376
61539
84363
54315
33146
76333
69661
22488
42954
12222
4352
38531
48681
64415
43522
59604
86320
27575
3056
52021
33303
62441
96218
72931
23886
49229
29318
12672
22574
92470
25043
91980
10653
72083
79124
82249
62666
12344
30619
23927
22393
65378
6074
56642
2027
51851
84945
50084
53025
62357
4423
41086
4267
95950
58926
502
44309
70320
19719
30054
32528
90307
42424
65722
25624
55921
49261
76404
91448
98267
30050
91165
37349
83812
62517
99995
66588
38177
56230
96359
58763
45284
54324
84632
32899
78893
87493
92615
33690
74119
61448
23384
46769
57882
91491
30711
57190
29311
78267
19049
85039
16742
16684
85718
86506
86726
15255
53443
25895
15505
81109
55884
76543
4833
41807
45049
7654
813
50549
97490
28089
15108
35382
88929
41671
70529
23947
31936
95241
11232
64579
48163
69135
18636
77475
96678
86943
33203
28683
58748
73849
1872
20322
31437
27495
33946
9100
9220
42672
32741
14032
72884
60407
43437
44913
60702
81880
47222
58450
67408
41732
66599
32631
63858
86419
98098
6485
41249
81698
3001
45655
35423
90322
40292
67331
78342
18597
7637
50947
16985
81212
92933
46693
18219
65820
17398
9048
26000
86981
92029
22886
1506
52159
74952
62588
27761
63219
15148
85224
86308
59352
4892
2271
34588
70858
71280
66164
19271
53504
23264
86352
21118
53007
20946
52260
38098
1622
30002
10926
99345
91321
69055
12556
49571
72641
47994
28599
4472
58439
62934
54079
89189
21564
58780
62319
40252
15997
963
83458
52620
62738
77473
33782
18944
95174
55892
63845
34551
93617
78560
68812
25302
66313
32041
58926
24253
4470
50247
72222
86424
53986
63178
81623
76308
40866
70915
4527
55233
46933
51270
77322
18841
50080
67616
72471
24353
26427
12497
34433
37633
96907
95750
29773
66237
40338
35206
74484
63308
22987
34417
23079
68896
5250
2666
96556
28485
74611
34692
84343
62216
86590
15336
91125
46141
43825
74688
13156
60768
36263
23354
74218
57445
57437
75378
83690
4397
63660
32010
72369
95644
25408
83894
9845
76643
7218
15048
25550
89792
48931
79871
95310
54576
76395
59677
62592
90815
82689
27608
65464
21936
15175
42939
35163
79505
32978
84202
39620
65204
87915
49205
86365
10558
80097
90246
61099
20026
32628
93072
15220
4011
65896
9040
28748
7072
64103
11544
78875
97106
44550
9528
21465
6577
69171
55884
9527
17121
67624
80787
96992
4203
32948
94626
53368
88513
15569
84863
17963
47297
70435
43072
50368
5235
8482
75195
9031
94093
80757
7851
73098
1021
71252
80742
12358
98429
56387
33809
89423
32685
118
68031
8730
83431
52384
1059
52545
74242
81003
79299
81973
17796
71021
59642
53473
63600
86274
81567
26825
15059
91313
31268
82226
66312
59460
84410
72725
35169
28013
84332
58210
35417
56008
20069
15865
62773
53275
80597
22455
47292
88459
53482
84073
20247
11956
84383
37635
45100
82124
65476
95775
10671
19815
67634
99098
83011
27977
37799
39700
4639
44242
16587
84417
55442
60822
90262
85292
15036
25172
16161
17948
23264
50172
45880
37897
86362
81216
6742
31328
80663
29414
47438
21066
60678
78715
73467
61602
66143
11392
39297
15939
81490
60635
72579
66794
72340
11665
310
57014
73754
8296
32149
52925
65946
42807
76242
46260
22879
41447
55305
59247
15308
95385
31608
94552
88317
68970
70333
48628
43241
83809
63969
68549
73233
80753
79866
21380
38561
27040
26155
53118
13260
21960
16319
42105
21150
69118
17773
69542
52998
14347
44588
48749
28513
35423
24304
29856
75435
53895
59822
91033
34177
72529
67711
63280
26718
42982
52284
46401
6562
74473
13866
3002
3441
60745
9665
60735
9922
64997
35526
14098
17976
97738
91073
31176
27673
58219
91989
16568
31500
64221
10079
30464
30896
65826
26840
97268
45986
75987
59049
10688
99352
49568
23804
12361
45263
92536
34415
25261
40621
60999
7012
42324
51130
72316
72122
64506
20761
39300
61982
884
74071
16611
34389
407
94837
72691
47276
9019
67264
65397
32997
25390
5786
15361
97536
89158
62236
3105
4413
62413
42528
53068
46158
24252
76350
19899
48157
51925
7001
10341
19547
49506
83011
25074
39185
78515
40185
43592
6020
80824
87207
35175
76534
98193
8785
2514
13684
96593
61283
37944
25184
96602
78603
36435
68139
22538
32640
34058
41519
57950
37227
49196
84371
35541
90110
14177
81130
91364
41949
66832
65872
32315
22047
23413
35287
3640
60906
64356
76896
32467
91045
63718
5495
78673
63891
55796
84590
54701
63139
40707
17589
68708
47049
96793
86189
32003
37918
75654
35722
60395
14188
84030
58209
25850
14988
27014
23463
69424
5172
90376
79086
75521
25957
63382
39584
95872
23233
59130
17359
26848
3992
92145
30051
45941
17581
95356
29192
79592
40419
15726
38869
100000
10284
20502
56432
61213
80427
16223
47017
41695
72347
6377
9926
13135
48909
32536
71883
70877
55419
5322
22206
7228
38537
93357
77668
24132
18247
58766
71532
22519
68580
80451
85228
46796
6502
41717
19447
73915
48944
57191
5048
41703
4148
90458
68843
1707
24252
77913
74333
59566
63864
81018
41957
950
95008
98691
97683
18799
57318
73248
51825
71932
80145
97445
22852
31706
69046
30193
64862
1576
32447
11344
13820
6264
10045
31562
98500
53729
4697
90190
67718
78264
18465
14595
6002
43178
94456
3682
50721
42681
89192
36977
54086
91152
20533
25263
17226
81401
8453
65888
13443
50741
14114
7709
87802
99121
79733
97220
40016
74717
72503
33130
79901
44459
67917
72752
74300
1006
13075
85399
50736
40795
91351
95995
46752
42183
71024
70860
58121
39793
87123
92449
40412
42982
98998
19601
17942
66774
1959
30116
58051
36124
29067
12382
84740
20010
88452
44112
18797
72980
13605
75139
8449
71035
86621
80462
58991
4973
83215
7950
95240
10729
22699
61613
58673
61099
19062
59111
63010
41621
96398
81399
57858
85919
55620
95864
28761
28848
45394
82588
82334
59653
43219
78041
35741
4974
9891
25601
64372
6829
79082
38326
87448
93035
39532
95158
89525
41674
6976
39923
33132
92434
16615
30631
1360
29077
87524
71635
39287
1521
68843
47038
38784
5582
28090
95452
70096
39357
38363
8213
58019
79206
95921
38487
35584
87514
95437
45827
3253
51220
79477
93168
14436
65417
98376
56613
4487
13066
70947
40583
42302
23748
79846
77918
30453
92207
25575
75156
84909
77736
76859
79885
48419
97131
54014
90761
63749
84154
79257
39940
55893
70707
14317
58504
39927
96402
57718
59149
80673
60064
71412
88181
66836
6812
89387
31839
9296
29518
66873
64936
35928
94441
69003
12439
90959
10827
23162
79895
60955
77931
88196
88071
83566
48479
10081
19622
56341
79533
76372
9985
86041
83779
12278
96789
41309
79793
82924
3616
71837
80793
88875
17642
30788
61448
38435
98427
61318
50336
58911
71884
18423
66523
47588
59939
70514
8988
72715
7379
45956
48683
47892
55940
47066
64360
57555
93378
16672
58628
35463
36971
14632
81660
76374
74631
86690
72958
45355
63925
23886
90991
10854
62099
2230
50957
96627
48027
72434
85305
97470
48397
78658
40952
14974
85507
71379
22028
49456
8451
98063
12265
76487
5130
25159
5008
93675
10872
91609
30252
7230
28968
29837
4307
6857
13557
16512
60202
24968
91870
22176
68422
21086
55088
64247
53816
96081
28835
93971
19756
93532
2772
36590
69773
14355
73826
98868
8775
10697
30935
67574
20144
31662
22474
86836
4946
68568
76523
19248
98422
68578
46520
60677
27343
86974
83617
74538
43844
58013
70725
3316
75883
8082
71741
8873
16103
39155
58853
88270
23139
20832
48255
52285
78370
14658
24729
68399
90247
69628
11249
82543
47324
20749
93948
22061
10732
9473
27010
50311
61379
98592
37436
52539
98621
16952
75952
91466
27811
68093
84857
93698
26709
9357
91336
24635
48936
12625
76963
56273
82302
53353
30186
9586
27659
89887
47768
43581
77307
41864
93779
31372
50856
11034
30558
28170
85256
20582
81014
30828
48795
37068
82578
72595
34320
89324
61292
2196
76823
28293
57619
94372
84004
4698
62928
80309
22685
85351
20905
863
34797
38913
58622
77103
15576
96454
14245
96458
56520
54532
34772
78905
14897
23317
88215
76186
34470
28965
55167
92126
72032
80355
84188
98757
6850
9491
31287
84620
32935
9844
36870
2790
15156
31954
57208
26634
90741
23147
37018
87582
37383
84905
69491
98896
18119
96351
78261
36317
68396
14662
87039
24813
52784
74429
35715
17421
69948
96052
2665
77821
49998
3180
36454
62117
97735
64175
64723
5743
41787
42625
45238
4929
68085
14317
67198
25144
61641
99104
37168
27766
45254
45730
71412
47621
71192
22063
21426
25467
88916
10916
19288
55540
94254
46522
7936
40776
89194
51202
57584
53375
25230
88672
60746
64670
19925
6568
79030
95530
21025
66672
97906
46926
96100
78863
34852
26836
37677
3316
87221
81139
8964
2551
42234
96626
42220
30335
92173
32115
41052
1130
85613
69958
74522
2139
37288
69116
16549
12757
17801
16490
65749
84980
70378
5641
7815
32576
47299
2283
33988
75447
50152
59306
12758
55400
6998
54519
19936
93731
37457
11142
59538
3621
85523
1697
27432
31108
75604
58270
33830
29492
24093
80429
86687
7566
83618
69773
1264
71422
52119
53435
51400
63113
8475
50659
9297
1713
31427
94879
54723
3283
10658
75885
35881
71238
75990
22142
47440
18595
40058
11668
67430
59370
92135
51970
21404
29664
85690
24032
40857
77050
44295
40418
7131
2090
15241
4379
79293
97268
76374
11847
40892
21148
98262
38688
7041
36876
64514
65952
62721
37554
50579
51251
13907
42889
3036
13177
53833
46760
1112
95420
77374
83862
19342
18364
40178
4489
29135
48112
21184
72524
6432
7347
4061
4510
23899
5347
7249
18913
50108
43401
94135
99798
8995
59416
12369
7664
34325
2372
44378
14653
65959
57789
57757
50456
63424
34947
94866
95593
8627
31415
43228
22840
38774
46974
41593
37360
10708
16726
64883
10465
58430
82786
52247
9737
83512
52684
63937
33471
72766
13047
50116
23183
92490
45178
56588
90021
78292
62663
49657
99776
3935
75146
79467
90935
40761
76757
29162
6876
20107
27351
42010
18541
67363
56322
80557
2792
78079
85277
30451
98085
17022
53877
62314
56031
71360
88988
72892
24857
29956
22299
31618
61294
4975
55669
30011
62540
37792
15703
31488
78447
86053
23460
35817
84346
77201
80406
13103
46544
66911
98277
23722
65345
74865
21008
41738
68618
71427
9093
49311
32904
48031
16455
74794
72149
59167
63516
78171
9772
98284
85551
94708
38339
52372
28475
35152
66824
20110
51685
14054
75475
31387
66859
28858
90604
8908
19069
41309
46090
26237
8645
82554
80698
33214
39816
53679
95644
9494
69888
75951
73580
94783
7387
98554
29305
28398
29580
45481
55223
75927
41113
97465
86089
50688
40270
22819
87867
55894
73350
55485
59520
17726
73013
50164
71293
24000
61120
84236
94417
83304
10307
60287
54575
12385
50325
14188
57736
61149
31169
38008
41807
81470
94385
24833
72099
36311
2360
89051
75995
11951
60891
53162
17464
12612
32211
96757
48296
46592
18750
66566
49799
16780
95336
22272
58739
68807
62218
12213
23538
10247
32735
71206
27064
18032
32535
36349
87155
2029
23506
26789
33439
72004
71248
76283
98674
94829
85206
31255
49175
36740
30821
67200
62723
24550
66244
93730
10422
9111
77171
8308
137
22817
28563
77888
89910
52006
47477
98584
76467
38336
16457
2708
20384
85584
78023
39918
13367
46195
94273
21052
86968
33718
84579
17875
85738
41567
48177
22545
92025
15604
70542
13167
83096
77546
95735
73097
77737
11657
81021
25716
61295
37173
