4263
52190
75616
62845
2147
13216
3343
30589
88981
91190
7397
56684
63190
36937
87411
35420
87491
19531
92161
20955
95127
6753
60709
71256
21811
70254
4093
30661
83672
59863
30057
59539
50136
36234
50784
59108
97320
6693
45503
34716
74089
21759
65317
748
46881
35479
4541
63856
61870
39848
89722
96724
21887
3458
86767
45862
38676
5286
5645
22990
58759
15166
31312
11414
22849
68354
49702
22728
83680
28263
93811
45817
22601
73509
79298
49360
34416
30536
31303
36853
36610
94512
92432
5318
39085
68455
80354
76773
74837
54318
7174
86616
16112
5351
58889
68015
37507
91422
19272
17900
95620
32742
63904
32097
14232
23674
57509
41056
5706
78505
63923
56072
23726
97389
27572
26149
93379
27680
6373
14758
68018
64798
21363
39226
89488
64157
82681
2351
61421
35466
31104
79750
52020
14552
27720
7709
41531
34542
23242
52465
45841
78346
80853
14440
84870
92245
5586
64048
19676
40664
50200
23595
13572
52876
86177
3724
78012
6914
12138
40267
54773
35357
50069
13042
89072
7385
84318
22659
85056
22243
89899
57325
58470
40459
93116
54222
52448
56610
1906
10124
20416
14974
76291
40752
68879
14833
90073
8449
49261
23163
45803
61349
4371
10820
3020
35017
70930
89919
29548
14392
6020
61113
24530
82115
74910
25193
19476
56332
46654
87293
17071
92058
27763
46242
41595
43129
29301
28487
25905
12752
15039
77106
12954
42426
39738
90738
26771
80212
22436
55253
67892
45955
87055
97675
58884
41894
79236
10122
73740
12796
7673
35381
34696
85306
11746
8777
83534
91347
48495
95144
99196
34978
29414
61326
90356
95111
78648
49855
8228
35712
20962
9775
44609
87217
48999
50012
72565
233
72099
98366
32438
64536
95752
79626
51142
67552
29632
72919
26820
94354
46365
1561
58076
64879
37853
95274
19562
2977
51648
30075
46433
99623
80386
82615
89770
44467
72360
7658
9542
53288
90708
33557
96653
75980
97276
78226
11298
20410
10867
71819
5206
6731
59569
59977
7387
865
41401
44003
57358
43536
60239
49277
55626
4091
80737
86231
49119
82874
946
33056
69735
32254
39095
52713
83442
5265
99317
37276
75885
812
48571
20682
14797
8875
15445
56025
31681
12818
35085
29618
80023
98578
18385
10956
53085
37151
57729
97893
45090
42069
91732
88367
50614
94439
72867
18433
7748
53768
51606
90269
45315
82372
36804
96881
10261
4505
18599
58123
25351
57823
48086
54215
57739
76943
48878
83440
35549
81294
23570
81081
76593
26199
99336
4315
23963
97648
15973
49850
8184
80816
48752
19713
29621
989
40807
98900
43611
84582
68455
70793
70588
53461
88668
81723
12386
53191
65317
1494
82761
69926
19019
71635
46736
60018
60227
39212
34858
7854
44860
47051
88642
94781
388
84148
18734
10785
21461
50194
87282
55201
93727
54688
51598
76748
96683
28658
46745
36521
82326
61791
90140
22568
87751
21474
18685
39050
69445
37005
50424
43084
92014
23932
50415
68783
16621
36093
68617
19180
99540
31380
520
33679
98943
61095
65086
68403
76805
52583
26270
54217
40798
31903
89947
36094
25006
35925
58430
79161
70399
39261
60516
12696
63917
99275
28222
37242
96013
32536
78023
34784
61364
67611
23258
42280
85128
3996
25474
74142
26947
86991
8006
46875
29024
90867
22132
90578
97048
94389
87476
9707
23664
12937
14570
33482
65727
97543
81766
78920
69372
90580
82147
37700
25267
36014
66533
7333
30709
19977
50598
87805
42030
85527
87346
84201
35834
91715
51098
36463
35393
63519
84853
85008
53986
22256
77107
98347
90296
21472
91054
91219
82430
93370
66825
9686
26531
8608
1307
27969
28105
33215
78709
68820
90893
30735
54367
72402
2739
32265
93344
85540
25171
68175
26259
10979
19281
3440
13982
65651
70042
73415
1835
41877
21976
71253
46251
54366
49820
25881
4777
48000
40045
57957
49737
61458
47078
66151
37495
21840
23187
85575
3429
34279
34996
93267
82599
73618
8718
29530
60787
76210
36529
66653
90061
56716
53575
58192
83439
79473
33019
55141
73539
84164
30116
7965
56508
81498
22292
76833
72478
29785
64910
99476
4635
81958
22368
47221
11272
21435
22466
29120
86191
51603
87490
74065
64016
26531
7321
18925
18413
21194
8781
52548
15557
6165
59657
19729
25215
48536
36415
90916
73747
67885
3011
9243
51092
97235
33490
47000
36329
44425
73353
83287
84197
87983
85241
62704
84776
88649
9940
71705
13904
27355
39679
3486
55165
59269
48107
10619
66359
65739
60366
39937
94444
12084
83124
11041
46454
84697
7772
97343
65158
61039
16495
70433
27322
6678
82635
68572
86436
9193
48435
88884
47943
14003
12529
64309
34967
3535
50517
12139
6071
53267
50655
94256
72292
22100
86336
54864
42531
27295
31836
51487
96563
73020
58128
46341
16337
98921
58824
29394
1249
72088
21453
40146
58455
24955
75349
45949
21678
11515
54597
53396
85464
42435
5276
6307
75474
9149
85851
95666
81770
1020
17289
6495
36341
12729
86000
98991
3755
4483
52517
15039
5148
60970
40369
55067
43172
870
34106
98007
73698
37987
45165
42468
60969
45796
83388
13048
84768
58442
40892
38190
76270
20547
21299
35214
21586
97020
76550
29591
4933
37123
93979
31028
49466
48183
11084
80560
55100
3988
29605
16709
64059
78226
58853
81848
61852
39145
33990
22445
25916
92660
20803
78480
55531
14222
59788
47786
48480
47108
62465
17916
70392
64777
43261
78432
5605
78832
60722
73099
32674
80671
57555
64822
47730
1490
90922
71432
10008
60921
27927
44704
33896
96686
43889
84332
29165
98110
25562
34819
76091
56656
7317
65301
73718
27128
73421
3205
83636
85226
63450
99496
61421
98481
53861
4377
4375
87632
34942
46346
58973
18672
57192
74902
84546
68039
24388
31220
14091
65408
85082
32035
89829
83607
19219
86184
50097
83362
79640
86943
56727
9669
12197
30673
59293
42608
25906
54796
4529
23581
8935
77754
91206
26981
37952
44607
41203
55334
51398
61624
28381
32308
24285
51972
1185
64151
53574
42802
72552
47379
87510
9407
32689
59972
94003
34713
69711
24697
19780
86639
41131
20330
48723
67119
99051
47469
10319
12619
73082
411
11227
26582
37822
67694
10781
39633
36756
65267
76861
37107
92607
39605
7341
55627
91945
55203
70070
32581
46573
67637
72577
34840
97605
50263
34149
80025
98695
54246
19340
20784
93484
39609
46874
61693
26997
76636
10090
50614
29872
64807
28708
92782
10992
62007
85727
18104
53412
9230
26794
86651
94559
41183
20457
86375
97403
66150
41906
65640
66090
38210
33771
6422
16437
60159
54146
79806
55982
53590
64657
88865
78477
52914
52850
12414
66049
23773
1577
11834
92148
60310
28729
78014
1517
60446
10271
28666
13170
94041
81831
14733
31056
39046
67922
14054
20231
4703
78586
77607
17050
21133
40290
46486
23720
66376
51380
95353
19339
71392
7892
21622
99658
2310
36335
81228
7045
5249
47583
92736
79394
22053
40183
29006
74875
27954
99644
50689
28673
33470
34921
75167
88543
60910
47252
77921
68628
22369
59178
54125
32132
4448
56531
82136
46627
82584
39875
265
94250
11394
8151
92541
98990
95140
7840
84369
34784
47327
28892
37378
99101
94038
42797
52842
3315
60662
40793
87874
57876
409
43413
95482
56283
80258
68204
22983
57366
67247
64596
1765
39971
70425
48690
28218
91697
28245
66275
63537
29627
92611
9065
47696
7342
12013
71824
69283
15196
78491
73733
16289
38816
35071
41781
89051
91501
63676
85296
60862
24
32987
85261
48991
4368
47924
65009
30579
96835
57230
83802
28119
40635
88054
55421
81880
20272
96290
10678
86400
91780
62406
9609
2693
99312
21852
90409
13008
36593
48516
64258
94746
29823
51924
20584
26695
68228
20920
47441
53509
37816
57825
31322
13093
42249
65684
89190
15058
72635
20697
19118
94625
50212
89952
40312
31759
4871
85742
65641
52254
59076
57767
57313
42897
43612
97004
58616
44863
76153
51846
8242
89929
14947
11239
32482
74509
85549
50913
94300
77263
8402
52189
93890
36967
24642
557
7794
78887
74309
54484
67498
24598
82748
61672
23768
81813
12246
19028
42213
3210
37671
6673
41735
42156
60036
42860
91975
1846
57506
76986
56295
82445
12116
52544
73330
85152
39092
29509
73345
91655
82895
27109
14954
97868
77488
18326
31404
46997
70851
40399
91027
32522
28157
54968
80364
89298
88551
93680
78837
91833
77140
6754
75094
34667
21655
34447
74049
83579
96062
63272
45188
84
7358
57986
41050
43890
91940
48772
84850
50699
7736
84015
71816
17971
70358
70244
69464
8091
45454
66950
84713
59462
96879
81509
9379
57251
54311
6280
12377
3654
33501
69391
92597
27838
483
70791
69374
60938
92341
54019
33927
20221
86897
33600
84387
24642
9601
45607
14418
66158
83820
76084
28006
4339
16659
61375
67408
58643
3924
66140
42387
16840
65754
211
61102
78073
93984
72360
61296
29072
39624
72515
65255
70912
59536
57992
70822
49822
31645
91418
48811
90410
60526
37365
76404
56418
65446
83169
8298
31877
70410
12111
47116
93008
38902
86476
18661
34029
74896
75039
33563
76812
65892
1008
41383
22909
14541
63757
17104
49976
54735
96861
78344
42990
78139
69832
78195
47019
87540
61051
2069
96321
15280
54952
28398
41438
98822
72845
8850
65024
60000
3592
24177
76957
7517
55558
38653
23609
92624
50087
76124
34183
3550
85988
62885
15254
70373
83158
85290
53460
99797
22121
13839
64771
78334
50052
97705
81942
12580
22200
60158
57751
2085
43363
74437
13669
44755
99887
93362
80741
89738
86222
17212
37305
39264
74631
85327
29464
75459
90776
26675
42738
55819
54262
92855
30458
87642
59415
28963
63243
23764
95468
13797
50828
14722
60248
15845
4615
3177
42326
37045
89039
98379
19988
76561
45998
715
39976
4574
43054
1555
55731
64889
72225
27713
4981
23473
55162
64348
61759
35322
34919
58184
63734
4108
61625
1413
92933
30793
54422
73207
63459
58462
59452
17762
21431
92386
57212
47662
47494
95012
44784
11814
82650
70924
95771
2062
8466
35532
56532
33552
96265
48987
60818
44490
65606
23629
58328
80205
9677
76783
54824
85692
52878
70852
91856
13232
39556
56549
34153
97714
29428
59601
9658
34791
25771
24585
70626
79600
63885
96388
13184
59157
49944
85256
33394
30724
43150
99713
7221
61443
42235
38414
81621
42271
45067
18815
34060
86202
66403
11570
83643
39292
21540
43238
49872
97322
48487
43141
64394
9550
31835
46087
7458
24636
22507
36006
53969
92665
56202
84593
31409
41908
1612
55063
48420
902
15393
19326
79191
20611
53790
99350
56327
18581
66343
78636
19546
39856
62556
69818
90981
59884
55382
3610
54656
77136
32229
9297
12979
1633
57534
83955
26665
13908
66916
80004
56081
33776
48526
5048
90824
90818
18467
61563
86770
19030
11892
76252
2043
9644
33275
44703
17685
45026
80337
27489
50451
11129
71894
53817
31747
44615
64705
70039
74150
58558
7080
96065
14688
2193
99993
51123
33066
64896
22129
69164
20561
2571
107
95261
76236
15389
74770
82877
66482
84859
20906
90073
40595
24141
17106
60013
20553
84628
97090
60974
90044
14815
93150
63239
57202
22333
6930
13112
12648
89291
38841
70614
32646
79540
1334
7269
34943
6201
70980
47733
73110
66724
20620
12296
16216
25346
94123
39382
63691
23657
70578
80954
21041
72247
46320
17792
60760
27382
98667
34243
97073
48182
25833
44566
51043
13673
31124
82511
42520
79258
68558
62087
53777
12482
32223
15483
41151
95861
48190
90201
65217
56553
22908
32863
91318
671
60708
85480
66817
48182
70278
71524
63444
3619
93150
96541
74820
8557
39668
1293
3610
17060
9194
63983
17535
87907
3916
87773
62887
37436
72247
77003
64922
42803
56021
41700
57501
4416
70089
10798
92359
32958
6503
30966
68559
51775
68849
42485
18786
47073
74882
26976
85357
92042
16356
5488
88294
30977
15592
94550
15604
95578
69478
98283
47352
20623
61945
34321
72062
20010
92229
65280
18297
53946
46249
59832
55696
28530
62020
99307
7734
69615
36131
19615
12036
48588
74597
69252
33858
58281
12749
23570
86761
87351
84986
11134
494
14632
53902
92672
87655
61220
47048
28225
53489
88499
62295
36942
64870
62822
27220
55160
66772
86526
95211
22492
73700
13498
98999
5842
83114
6134
54839
44372
45305
87791
53119
45328
96063
75626
97068
88373
86474
59793
18540
1268
9053
51227
15108
57544
66817
23082
72535
51945
48785
52499
59643
87155
19759
79401
56191
36415
63166
60665
81394
23712
10280
41723
88333
75802
95519
39
8951
85873
6830
95657
53870
52910
63276
41773
35392
44167
19623
22709
14197
73338
39958
14687
35936
24775
91043
70203
52363
88256
61495
51357
60226
46103
40414
26048
69001
71630
99997
60571
1064
50761
13793
19880
78206
46920
35409
94724
6344
94539
84528
46671
19161
70576
58515
55090
75343
25766
97902
15364
67342
30478
69058
99456
46468
58212
24060
71092
83456
14660
19495
2289
17158
6278
81263
52121
40289
45492
34233
33653
81433
32416
84143
68132
46747
34366
5092
6571
10882
28286
75890
37463
34370
20999
28165
50061
17322
9156
14252
92297
80794
7162
52350
8901
84285
65463
59021
38015
15931
88300
50030
12817
66685
69013
57061
87574
43169
55854
56016
802
61867
15963
16335
12286
77718
77818
66431
13169
80680
65550
55407
15721
2173
11082
53025
56435
5352
66954
31306
48041
20242
98394
43607
86630
7618
45791
86778
95336
42683
32277
48273
82544
78107
98404
74849
10127
24199
82494
86014
16745
43307
94040
76756
67815
43824
67992
34000
57082
82758
96652
51936
64545
32121
22953
67121
72776
42021
75107
84640
10886
51504
2333
13684
24103
85762
94789
37021
53273
40031
24486
85600
7487
443
5951
67977
79382
74650
59044
49612
92822
68718
87494
50341
69770
54522
94147
99038
1282
37202
33762
50310
33854
41398
38564
87332
9760
96759
14472
25697
36303
20730
83059
98270
64344
35759
29296
29841
24499
91837
31797
79477
67004
18396
7488
68119
65691
37172
15277
27651
85283
38972
33021
5503
70233
59228
35875
60854
30190
45130
96485
62455
45388
56719
60976
98827
77048
79304
41100
76827
77895
92717
32931
73416
16449
93881
93117
56362
56727
87085
17029
53471
53871
70822
70519
72586
43332
33607
27760
40376
75890
88200
50303
19747
70693
87837
52096
91595
54953
95899
96388
91123
84178
7017
44277
70884
85424
83516
91652
3571
91659
80944
6855
79596
31313
12940
57974
65744
57298
21702
61715
10989
73255
24436
81447
58979
57451
22203
49305
82211
7934
91304
44535
14240
36698
35426
2966
59819
46901
18582
52727
8482
7714
32234
72531
96208
44434
76355
85263
55550
81384
89557
48261
32796
59392
23532
8443
97284
97355
2328
83755
93937
88178
99755
80522
77659
33378
41159
53026
92848
66090
80984
95427
28900
41099
2216
27355
440
66374
46253
52069
16479
53728
26952
92864
79327
23727
81989
8145
21386
75604
99327
79197
85929
72618
2530
72884
70853
44406
51906
11766
96533
85462
5490
56422
62815
86944
96781
33169
45448
28405
99568
7407
9157
96778
82932
91032
84708
26304
54847
66298
44361
5783
76082
71496
68007
53732
86679
96154
80716
71789
21937
56032
2095
40934
69382
86374
38452
97811
64643
5799
32248
64902
93081
6471
55889
60617
3902
13861
66935
82235
88002
97190
66578
52279
27146
94359
39224
57040
3992
36778
49486
40650
15037
64996
21859
46296
69516
58209
48318
86544
52889
56949
85157
48795
22694
89980
35511
40605
95439
38366
35122
51596
59759
80141
19283
99041
13614
94864
92865
51761
87901
335
16545
26406
71151
56511
7873
94219
78494
68691
92636
858
368
91695
43845
54496
97445
37968
2158
84183
83254
72150
1676
94129
85900
36275
98009
17901
66713
9325
15177
50497
69307
80388
63440
64850
35441
78093
39061
968
59756
4346
38789
56651
77008
86161
7564
89946
64952
14485
15118
16590
89441
85450
63858
17479
53894
49741
97367
41446
29487
97685
77895
56488
37674
99466
85141
94972
36081
93271
92423
42507
51910
64501
83660
48493
5779
11279
51554
26351
59429
47625
69557
31251
74232
90336
1583
9809
11790
309
15608
67528
95451
27312
92107
54271
20554
89286
87635
36728
63553
23103
82299
43861
55629
67944
78545
40676
43852
98992
5128
87003
40790
63677
46617
90540
9965
74156
51179
41483
69957
29419
67025
73146
98119
60420
20286
64984
82667
407
71160
60757
46524
65329
46998
73156
81655
37305
14270
60592
70668
35204
88198
20092
75873
52606
12752
47723
500
45232
98808
86229
74004
1250
7432
61761
46176
81511
52117
45045
14589
70666
40863
53414
85212
66583
20087
79321
63734
42623
17441
33004
51740
31405
64472
54970
10854
2728
11611
72213
13817
11895
44658
96843
13830
83554
49387
56461
59483
45096
89032
46009
89965
77791
53759
37836
14050
21137
14133
84898
68001
18744
23017
76043
13890
27163
22105
39614
49818
80837
38895
95753
56704
62037
31016
91094
27236
21930
72859
48173
69961
93814
52509
51893
76211
93868
194
33721
69437
48831
12614
45355
27284
10635
43725
87295
62930
84337
72597
51360
8852
55131
17103
15699
30627
4288
38606
60727
81780
86876
38646
29064
1071
69494
58164
82353
98853
91173
51810
16763
28825
92489
37913
61911
24464
98622
72134
98130
31516
96226
35863
61198
9528
36390
34841
69809
88728
29028
54709
1117
81062
2473
3890
39
42930
72973
85261
84566
87709
24833
80333
39915
20079
47934
11044
81760
91859
87661
64459
70100
164
20999
89400
31198
41316
99260
44243
26546
49718
52558
93136
8123
22519
68969
3857
4037
27515
55578
3151
10233
73309
1271
94989
47780
66873
43726
79112
59804
14578
59537
23086
72965
4203
21313
85715
7083
65612
31679
19017
92407
75214
25694
26547
17695
23434
46095
16786
26045
89563
98538
97689
87771
64769
61607
89980
70198
12641
78492
66585
98293
51226
38943
38232
54593
20191
54335
71630
12880
71164
19535
33244
54468
19733
87387
15175
23800
59427
57462
22508
97732
52648
87161
63458
873
54474
25824
21983
9856
28487
42137
15021
82524
78171
98716
15792
83848
87298
72936
93639
27142
42364
52732
85163
33663
39303
53766
68837
12358
25668
77877
73924
7044
28238
58955
22466
73010
72366
45418
68409
54818
49010
35603
87423
79025
64815
66061
10310
35529
37260
88549
58289
3175
64148
82339
19856
17937
88456
41973
14741
32936
79025
24758
44148
34156
1128
46096
24099
8476
35108
12992
16705
35844
30301
94394
50323
26340
37576
61591
47159
92112
22258
65342
16352
94014
87429
52822
22266
77177
77404
4983
61527
27518
32131
19931
56469
90245
76577
49865
24991
44035
54445
57851
6102
54120
57258
86244
38038
35863
89601
10889
63590
10567
98946
53530
33345
27316
39260
25856
73250
9700
17792
77726
31322
12915
90052
35402
19344
28388
66972
48641
99552
46381
2027
39065
20453
42140
43966
82937
3643
78560
19614
30693
41179
5250
60491
29210
25831
60020
18460
94153
17725
93324
80884
25249
15345
36942
37124
83090
23028
22250
99314
84425
72476
43612
9387
76754
69185
79108
67113
32793
2534
43007
99712
8951
72759
57233
85066
39042
54507
63052
19143
9782
75507
80528
57550
80138
99723
7117
93271
24621
30353
36555
49840
50335
68849
43105
39088
32668
59102
34776
68404
53873
71359
6875
31592
640
29840
80584
86028
622
3011
33714
2993
13823
66818
23591
22633
59731
33084
44317
53918
1597
90145
33109
64060
33414
90339
68459
77150
47510
67180
3957
84325
57755
3552
88355
92789
95521
46631
64352
10242
22041
44714
88467
57497
92693
10557
81102
75694
14927
23680
73736
21006
25798
83820
10909
96188
74915
99200
17916
47124
19960
43916
61977
6503
75704
67549
22996
31541
75885
31448
29329
41056
32391
40574
57356
22141
46826
78578
63460
98687
40679
98956
10219
66507
48084
7177
19607
19506
4146
26902
24992
13183
94430
34555
35182
11955
26697
42785
80082
12892
9660
1923
45961
21720
95277
61055
10411
54893
77706
54948
76716
3419
75235
42054
19042
43186
63284
84222
42766
71596
12702
56406
72582
94905
1743
42018
22975
89957
29665
32277
87830
36470
23413
32563
70477
3722
59799
83168
37873
62865
6253
34099
91514
23106
92182
38971
92596
13871
49036
95689
87389
84828
50747
16382
53700
97754
69533
43171
62509
16736
12333
76823
27508
85236
31162
24714
68748
36272
49548
78396
14502
37393
76748
15183
79765
66083
80268
95989
5859
2032
59597
95757
18917
66184
15315
90766
74281
62590
88889
56525
73297
96352
46756
5484
21185
32457
55076
32921
78561
27225
57269
35707
59400
26923
67009
10049
35469
8348
19274
63643
94626
18101
41385
7862
59206
3647
69909
78651
61443
43862
26556
64542
84270
25083
59377
49763
95678
71305
70952
47304
1780
81060
34615
52167
87816
13793
38018
40906
85226
77010
79963
57337
54641
67967
58934
11725
62414
55276
62030
75966
1086
16361
57178
73828
37521
48883
36192
13581
68728
93872
48595
2007
96420
97310
91231
27924
25585
34788
96861
92601
78956
14309
37330
85685
73598
47408
42122
84073
69840
62741
54166
51970
2284
84266
74124
90702
60737
45324
18476
6828
52703
8344
3720
61785
36290
20364
27874
77003
9085
81732
27442
38502
76889
87363
18498
41058
55292
49104
79146
17937
55186
30063
7645
28968
5476
60959
21874
69939
16801
4274
23118
89806
58038
14548
35080
58179
47068
79655
78765
75361
505
23988
71047
90047
78046
27111
11888
49589
41435
58958
69672
23303
70071
9294
94524
91960
62275
8711
44803
5297
34584
80293
9873
39681
91668
84821
88540
2568
89054
16356
8174
95435
25498
86638
56633
99230
75463
22460
93034
65113
65573
9285
59973
80190
48359
6009
52474
44364
5247
79562
78771
15292
313
93488
48492
87950
183
11105
9546
65682
14150
20357
5282
85436
61007
52320
45599
46495
32443
27440
26888
3424
96222
46331
52774
15623
81288
71061
97959
49402
14692
64571
75727
48728
10790
94955
62546
69326
85682
19028
33769
42034
7128
85703
39745
21332
55785
36419
48726
65746
87504
96077
67578
72486
84037
96818
72953
45117
76985
98548
70714
47850
94052
74179
85320
76097
44171
32717
83466
84537
92606
37331
18875
43372
3322
99076
1251
62103
61772
47407
72840
42920
50234
58123
63954
24263
40802
23747
26347
26302
14137
96942
46407
83270
60770
30280
69766
71453
33423
49049
34644
98881
8150
20742
68914
86754
69762
83141
37879
82067
83384
86983
46136
64297
96382
14726
42188
25206
91545
98044
3636
16945
15481
32560
93010
80554
82773
89746
96866
64089
34752
25917
21421
62402
27638
52752
73442
99209
15803
18179
31123
59471
25372
50847
73342
3174
61451
10836
97923
36517
33084
99065
84559
44379
31628
68273
38436
99756
87463
46528
95309
251
29073
78532
7994
4466
2192
77562
15959
2366
35429
86234
20796
5244
62272
35995
69797
23209
65490
52474
82340
40054
45674
85761
49466
31414
14929
64226
6572
89335
24894
22096
59119
35645
90138
11111
11290
3002
11970
29451
51382
27648
40993
43021
58697
28217
47201
24370
94520
41827
18693
20081
30060
2838
71121
41624
10361
50629
11503
75303
27982
59328
17546
78251
94363
25842
93376
21671
71444
6113
78914
79480
48043
27055
97193
19419
31655
39558
27605
34880
71187
92117
28234
29996
69746
88817
51331
7821
54675
93417
42929
17440
86
57858
50970
89719
52144
66425
70325
70578
88470
63470
92506
96768
32414
6783
66081
11144
92539
24229
81721
49402
44183
62937
54744
46610
25803
35991
37761
45793
74912
13947
32112
76563
79641
7113
9040
60615
77351
77008
67321
37306
19090
93111
55514
15082
46999
74589
26631
66813
82391
66058
98402
34668
43102
83988
74099
15175
78406
25265
47663
84027
62003
9687
24707
51372
72362
67649
58587
48091
27976
3066
79710
27581
8274
33946
82490
20139
83668
58963
53138
90061
65269
73001
6716
11145
39074
55468
71417
93061
79333
8670
90148
76844
1713
9924
70249
30522
45506
59615
53215
86064
2862
15005
64178
13628
52022
68608
64039
18600
96695
29444
28923
66347
38788
58588
34828
74940
98472
24330
57572
7703
17884
47211
88705
58451
7976
95693
50254
96082
62298
70415
82107
8873
96037
67772
85932
68645
56560
18320
37215
15804
15046
10239
67394
93714
72280
90129
38137
50389
62766
96567
45064
2753
45648
78803
20455
54166
9259
78568
77503
56866
67708
68112
64593
77431
29301
81731
38812
41067
16958
17080
35366
7358
5716
83176
82268
55503
88955
24806
76903
89040
45535
79933
39641
27233
22722
50090
51393
78902
90743
31315
65539
74815
40280
17970
24420
58883
7661
53295
79153
17479
81383
47659
56457
11877
58241
37316
27422
17393
49303
26983
73957
29881
99418
79557
58480
33728
42020
82542
85435
98182
23468
76861
82338
28584
27303
38748
55766
76446
66511
93985
60569
75348
72811
49321
49536
66507
49323
4112
87480
74432
76418
85359
17726
70237
16407
62062
65605
69650
47589
39763
9881
67101
34489
43290
36570
89417
97913
75681
41177
1805
94418
7296
80019
86821
19392
37232
49227
88045
93095
42024
76634
34815
54605
26111
15390
72643
27660
17734
85926
4072
92058
34663
23492
37725
89493
38406
44830
60927
56758
16231
26678
49303
17344
19297
96101
33775
58124
9502
68027
94338
67952
18823
76417
20328
57818
16917
42806
43057
66216
18682
87290
49756
47188
88824
73038
18550
22828
6707
53919
69
36344
72421
54377
69880
70043
57487
40496
6844
55687
65756
85170
51263
99089
23363
93752
36850
29489
83454
51998
72847
97690
18996
14741
47604
47607
15890
38864
89548
74201
23733
90519
86448
9162
88739
80036
64582
80680
37966
45972
17818
86698
92692
81945
92124
69958
23238
65694
38255
17969
50037
14953
64923
41713
85942
61601
71782
74276
37920
71416
97018
21516
23986
16732
25771
89928
85745
14140
90631
33406
10406
85424
38740
67206
59736
41197
27357
75988
51689
89113
73532
38075
44747
80565
57419
99013
20051
11097
93109
73388
51518
3124
26460
64093
14466
30863
46167
71353
60843
83057
41981
75795
37248
32051
34528
54739
26640
6067
89222
71171
34415
15127
36189
7531
74755
39125
17488
3830
29689
49379
64041
47275
17420
15750
40244
92019
97051
18512
30946
61769
59453
42615
87527
34540
90735
47624
98945
78431
49116
75284
52576
14124
67220
9289
13389
93200
13764
55445
55750
16738
9580
55179
31271
30048
71982
7282
18452
78083
11662
30651
47140
17505
57528
89244
61117
14006
22671
14468
60227
78580
34643
84300
31287
79263
46999
15515
82994
40496
96473
54574
35405
74272
83261
77234
4565
940
23285
93046
44283
11856
77181
72778
29379
84439
77710
57831
94804
27747
89549
66455
2739
35961
72810
74385
65413
75897
84882
33173
73178
77738
69183
10525
80975
72195
66902
6864
2050
92329
78691
47959
16178
84597
13863
29495
69317
89548
47346
71970
4244
48474
16882
44120
69216
84317
5469
95884
20488
35304
57577
97343
73151
24456
79390
8687
57397
46121
65495
59044
54409
80769
7037
34975
90046
29292
94020
94536
82138
28873
53894
45783
2882
20287
26907
4981
60274
78975
48675
97283
60471
25552
89128
64163
63244
45257
37680
25153
50364
57683
78946
96796
96787
66817
87573
33435
77617
4957
43071
8593
82153
12545
76341
82705
35431
10597
52568
89934
58833
98251
5973
79149
22948
59802
91046
34937
75173
32492
58667
70166
54411
64722
58592
91709
40737
74292
12407
77668
95496
68587
57575
1281
26927
70744
54011
1763
59023
61216
5244
997
63031
2566
31593
43112
65710
31911
83118
64665
1815
74150
68356
54130
4284
80367
84348
23164
46624
67136
58126
22357
74813
97710
2481
82928
63123
85008
4763
2416
38673
39768
46216
7709
33630
73384
95521
6139
98177
8949
84254
95835
41536
35036
89770
85455
34445
30987
62984
26551
69735
52485
14293
18978
26263
32473
56220
84348
47282
86521
88216
53147
39737
31288
99577
43971
65214
24345
32387
30548
87934
81428
8773
1691
78233
62952
37916
49396
9574
53706
63736
58654
73707
56936
1521
96883
97875
9499
70026
80759
86702
45490
73852
46782
89283
14906
82791
304
37337
1141
77514
43531
20397
36803
59251
27383
95016
11139
7801
77371
76953
49870
58251
19823
88700
76626
70494
60966
40993
58644
51550
22436
59143
16268
2776
9412
70333
91950
53542
59150
68797
26605
30535
21798
23724
23160
66169
63646
49596
10846
74487
28193
18738
32924
62616
43317
86794
68617
19653
88291
85860
25734
78699
63049
34272
53861
76711
1488
570
74865
24796
25380
84915
51244
37120
67310
95015
20713
68602
13124
81367
3162
96447
26117
20229
20066
2810
70444
23163
35862
31585
44645
9134
47300
76100
54040
55071
35602
13137
83244
88751
50538
30978
31259
25655
4638
49522
64991
53224
42827
72563
69160
8939
63625
3955
5597
24538
90205
88542
52140
71669
13125
56931
30024
31768
46165
80276
60612
77685
43134
14869
69965
20268
32143
68139
69677
66774
43221
51973
8862
84966
53111
5822
76899
21452
44172
77118
97060
87657
63134
89146
89085
84048
94297
10219
77984
95740
32025
26689
6639
51857
42477
73417
88637
59617
9738
484
70284
22932
43853
4678
97929
6240
61722
60501
33406
29741
53926
47730
38100
76535
45638
39301
1364
5362
99204
66336
46516
99723
85330
69021
38881
91542
58078
32544
75200
24519
70118
73025
86339
65853
98650
13632
78249
82404
56795
53350
55832
29240
25154
5775
89022
44200
74134
32999
28555
28246
43683
55420
11615
92971
24714
31495
48702
80575
42408
52394
70210
20579
30406
56675
22063
54033
85615
49893
77372
56539
16000
66304
45591
86564
44744
39487
2250
68577
85741
72229
9331
63115
60594
44529
24786
16046
34544
4537
81591
11614
32260
13705
76333
25770
88692
91420
86907
63520
9453
45855
23036
75761
65531
88160
46410
67735
1024
16172
21957
90140
56620
42910
74042
8832
10246
3501
29594
93444
17189
30499
93947
81611
23298
60968
84583
1276
75585
17927
45044
8411
98252
75242
92864
80784
20370
82657
12553
68374
76296
79148
95208
48714
57107
40225
74767
75049
78021
33584
63443
54389
60541
89972
22195
91301
44492
33134
14929
41282
67218
32633
89304
3160
47683
6505
2888
78306
78461
53703
35106
83138
96456
20012
71186
88997
2804
59985
40412
65211
42933
40585
55859
18724
47273
43339
16977
88077
42563
37991
72648
24347
9804
80987
36761
71354
14641
2339
73059
11360
53330
91141
61784
61549
79886
29508
79745
89450
22230
3258
90856
72216
88106
29097
26110
73677
79453
76388
87788
19067
700
24868
77405
33393
8540
82547
29585
98053
24331
56654
51376
51551
46749
71990
9676
3455
15868
29851
28006
88075
16752
68187
54008
98302
19020
28495
92901
9907
90883
86200
41334
63885
82647
39368
57523
49838
58859
94498
50149
76
7636
13022
93999
40397
32663
90062
77125
62048
77545
60629
14974
79413
44237
69328
65528
95636
76
84179
51418
34078
68542
154
25328
87341
74157
39404
97197
87744
34558
85201
22609
40031
65081
48113
23305
51689
61387
97647
1452
10691
32005
24235
87093
73227
30042
54880
49512
88602
87891
16338
5680
7241
48039
93844
4398
25661
96465
30293
76786
76250
82187
24797
84141
83024
68558
52184
72336
56292
8785
55787
46461
84066
9164
8939
46270
12422
90590
24440
85100
22918
20548
74242
46136
71852
25366
6379
92588
15413
57215
72223
92004
78304
35147
23662
96959
99741
11561
13930
40112
51336
75697
42314
1122
32685
28451
75851
48388
55128
46196
18880
5950
47501
59423
7246
40976
21928
83948
53886
35412
80016
98088
15856
11552
41465
67218
89645
57177
52789
3904
92795
56963
15399
33508
32669
31083
21987
35502
86164
26620
70254
11438
41486
92064
96202
27664
93244
83652
79739
76884
86133
36193
45898
37545
34467
95980
80577
42077
92301
31618
93806
4318
82129
98080
71924
78941
60003
43764
92440
33272
20610
89164
33657
65977
74697
18720
15987
48062
12396
98159
65705
78486
56651
37769
55491
83282
31824
3304
15210
49917
75411
67947
92985
51346
80667
8772
24140
38379
19613
96511
52991
53795
37871
59334
25392
3075
61482
5118
21160
35967
39565
71572
97176
95882
42123
44705
20936
51953
47542
83750
16143
5752
9469
39899
19401
26278
67449
86541
10147
77862
20143
77653
91212
35680
98944
71831
45584
25193
78619
19468
77335
16689
5376
49399
88933
12877
828
12799
33483
71852
18035
19989
12403
54085
94677
59604
87108
74704
61377
84083
7885
59871
456
28096
33388
23734
29253
43199
90050
38001
6219
14976
5177
73640
89747
7573
79466
83092
2150
27666
75463
57073
14758
32747
89506
48345
56454
3458
81209
19074
15435
80077
29614
61171
13683
66356
54262
74081
12025
6982
95171
35700
7301
67955
33295
58730
19627
78566
4560
10764
83060
38317
88329
22127
15069
58515
49837
29440
32963
14602
76016
49044
990
17216
19028
27078
92581
49676
72031
12180
98555
24445
15190
84276
73149
54373
3792
20728
1863
4044
46110
49857
57285
53277
92736
54702
9929
9399
67285
48682
81643
10276
54111
55785
98315
61859
42069
51649
61082
18489
92456
64238
99983
79378
64818
44892
94680
15500
24736
30758
92809
92735
17967
59803
93683
11456
23693
66151
16927
42303
86745
61018
20570
60125
10141
94410
18548
50843
55751
87199
52759
77043
15504
15832
5979
46904
76694
50337
2687
94883
33725
6840
29875
37118
92626
60434
77836
37499
55886
67768
26592
84312
31297
51302
45048
34955
9295
39199
44999
1997
69389
69631
90632
2307
350
19756
92525
60247
97835
82508
55606
94122
61998
33499
69422
16652
49042
41612
24843
34891
39980
82603
61490
21610
12810
60176
54193
17737
59222
87532
39927
91892
77075
19938
14286
25581
7365
12140
50269
90631
55714
10502
93981
42239
18015
34634
57818
69557
81898
16916
67637
20428
85147
55120
48830
54581
14219
31771
99597
15282
12710
3071
88559
76513
93675
70838
73287
70570
5413
42901
5099
26538
54199
55396
8719
250
93849
36089
98173
44413
7448
94089
29560
78691
3567
71399
97623
53405
16867
1208
59217
8259
89077
93603
48181
46473
29147
1962
94375
20154
2746
74072
61855
78236
67269
15064
23575
33361
7223
99324
45680
55172
65309
27576
94726
427
74649
86128
42587
71377
86651
38597
71650
7686
85955
15504
98697
93512
14042
82695
58837
98647
93428
77903
15345
60723
8077
36031
67925
28718
15895
88916
73399
38104
56381
66643
5661
65666
58295
3167
45651
8876
69424
75959
93669
52915
40560
60972
52560
59019
64853
77348
14784
78975
41974
51430
54799
5091
34389
98255
91938
8777
30921
52281
16689
7889
33748
63420
2666
9462
42644
67751
62757
47201
99306
6451
20641
93208
20587
37841
77228
11691
17293
32686
2065
68049
83047
63874
10922
87001
47078
96532
76037
80285
62318
88354
38730
59336
92799
4840
30507
76576
65303
39642
77998
13228
64251
70537
9217
21848
92339
95475
88164
48530
64450
55470
12871
73952
37966
94840
13152
73525
12494
11328
74674
22643
77091
1838
69168
45502
38235
17543
15461
59574
15734
28930
96833
84544
17343
32124
49345
14608
17712
46811
4293
52507
10230
96585
62620
93042
27741
89886
47212
92544
42634
22040
82362
80352
56831
68438
48592
44105
55285
47301
97599
59776
5755
68532
36509
23008
55854
70524
5829
10945
15701
35484
8329
39688
27230
47795
79289
71312
20429
59773
32548
63031
24079
22438
21468
85521
61634
29223
78823
35615
65032
89514
53867
55133
58220
11922
46950
16035
55869
29903
66941
23825
38162
27255
49751
39971
30630
21050
45638
42236
1219
77054
88229
61972
98818
25200
87979
42414
70681
14151
66926
5543
5875
55594
99523
34274
49682
16991
75730
32729
95783
99327
17786
22384
77764
38735
32412
11953
77023
61872
69629
48911
60208
34358
68407
40163
23122
67568
86841
30330
99840
91883
56657
41583
2486
96201
74828
18199
4045
6722
20094
29498
66436
31285
95131
38661
83835
92878
27546
66917
98887
89898
57118
78584
72596
71562
21995
96026
42416
67025
33516
18936
97038
40863
67991
78719
97647
16838
88875
11880
77169
43101
70433
54145
7723
51208
48956
46919
20209
49013
71645
88957
89623
14386
16083
25416
33074
49998
92643
83814
99550
41383
45647
71840
74348
6596
4180
81828
83486
42397
3910
32698
92525
46111
76291
46468
52517
87831
65256
61045
41461
9336
3058
38170
3756
15118
58312
80095
77251
41941
66223
63434
14391
89337
3532
3580
23926
71427
87164
75220
19608
808
27808
53562
8421
91593
69870
50497
3387
1640
34491
19990
3072
89536
57166
8105
36471
76142
24490
48
78202
20116
55946
85133
79963
98859
15652
2941
8199
65697
43052
14083
3643
55692
15862
53057
96711
3468
38113
3350
20245
99335
65322
60718
63836
35697
69206
35975
66569
74796
53228
10498
4501
44152
65928
38218
49105
84269
84560
87567
20936
56857
44603
47249
45983
4210
32066
53958
43750
96931
76910
32316
82500
86003
77861
18387
59300
24564
67311
44188
95655
95516
88613
18026
50628
83364
1525
80706
57991
91488
11490
79194
4409
20917
9229
35185
83961
23439
53986
20917
70250
39346
73370
23510
79659
9212
69501
12091
19279
66151
65643
29248
39394
57237
81688
79
95908
45049
74727
46496
86160
98840
24127
26723
77159
75745
11193
70912
7641
49998
9720
85772
72407
10127
84338
8586
57561
36873
70066
78310
37916
8613
77903
530
8021
68185
35791
69460
60396
8151
8850
24191
57316
41704
3762
66135
79005
22810
85879
94690
56809
56840
67448
45526
81803
89674
52650
21925
29490
50452
88876
33931
11882
10006
85608
99430
44989
62534
19414
16490
6564
68414
79809
72298
6688
86392
47198
53148
8940
11530
46737
55837
91793
95083
87348
92326
26960
29482
40777
82756
96969
44712
20749
53920
54033
85939
99052
98209
35919
1874
84596
13060
58269
99702
66591
45682
40251
75387
10827
64233
19977
5578
98020
7463
90340
53704
58927
19953
99363
35224
12290
10856
57371
55719
52747
84443
15713
95670
25684
57319
45460
73138
52909
78741
85494
56680
80237
7753
36287
10717
92936
62834
64984
82037
9064
87285
65619
17326
65389
24579
87631
20335
47100
93162
4709
24052
55439
47594
91603
75036
48459
92373
78813
44313
91501
7090
97277
79919
83082
54219
51270
52372
38186
61498
34897
5028
11309
50150
14229
64166
35155
67094
63828
57157
20318
99683
51665
32128
73330
66214
19960
94604
87984
86174
89667
40225
49924
37915
43994
21229
32221
72067
91092
21041
41389
40049
52111
73246
25378
15640
55582
31576
29560
32605
42744
88892
2146
60480
37659
84177
71031
45848
98233
96238
49606
55751
91436
66483
20051
86264
44800
49365
84175
53208
82577
74232
65393
27926
38418
57072
99435
43238
58392
2441
19039
29405
70415
55215
18166
26457
41910
81202
13797
64031
62620
82772
88301
93363
12597
51059
42307
59062
43789
69489
17821
48733
10623
94592
72067
97651
85084
25639
59496
96896
66071
56608
67216
77495
68780
40853
18178
76913
24375
79214
21466
40742
48344
32009
32765
62350
31696
68050
18932
2518
6509
10163
6082
96478
94357
26910
4750
50169
66219
35324
8631
51205
60774
45505
49207
83596
82805
77506
19356
19307
99402
45013
93446
46439
94444
69323
70061
40295
42846
22344
13881
61549
45994
58189
81449
75349
14408
42432
66327
25317
49055
80371
7010
39682
55207
18094
41051
39300
44948
47773
21830
50791
87252
10791
43201
2198
29569
36027
94465
79941
71950
62307
89473
20169
67433
47562
67567
80106
26690
15735
61130
89503
94645
20501
46826
3517
95160
50424
16067
17941
78793
14952
29368
82499
73482
73726
27744
61273
97601
43638
69059
96160
43588
98481
86415
55361
68715
15074
54299
60031
78853
2550
62053
38088
27654
36240
40134
84481
13519
66235
53507
15841
57727
38481
95579
34703
49426
97902
67128
88943
50921
38362
54247
31480
42020
45771
94837
93946
63354
436
75623
69762
68988
54564
50721
58890
68084
5992
49767
95426
64157
68795
7292
69261
95262
93163
30793
49346
33015
35434
51865
86289
47664
57426
83231
82814
42913
38935
68569
23823
4577
79751
52296
13182
11700
35087
21560
43460
28060
97425
71236
39851
56740
4517
74448
97403
27913
44364
47645
35758
63298
50949
11474
97439
10229
797
25819
44629
92148
70597
98557
99696
63202
50421
93407
75296
13549
85878
56705
64285
25611
86381
14558
49021
81741
42324
8005
75688
42534
40602
45134
95688
28604
37728
15287
35503
1030
55251
39713
54559
79772
59026
50034
56723
39536
95615
49914
71400
88831
80935
55394
42426
5355
72911
35684
59435
77133
84190
26583
64691
18380
13782
87393
70351
53105
75460
87994
87527
58476
45065
84737
23389
695
67920
42572
62819
34315
3449
51732
18250
56304
4456
84337
48319
67097
45500
6659
42145
65100
19860
45494
13705
48228
34791
56298
36560
87874
33747
5121
29224
77985
2636
27029
32895
69025
18454
49091
36528
57152
74917
43801
6711
81871
26093
57084
32835
18498
27070
31333
55662
12758
70047
11389
3627
37609
817
20317
51036
63109
25288
85057
40817
55864
50138
69740
50427
65640
68447
44304
9899
72040
6012
20195
78911
52160
88126
76831
90257
73542
74049
80170
40515
11693
89240
73047
24008
9308
18849
82351
77542
45963
40457
91561
74043
37376
66465
56007
10121
9598
47698
29648
95834
63498
94052
54983
24682
40598
13599
9699
69926
40697
7176
76492
15418
65101
76733
34320
13959
29145
48462
66469
32368
49548
42958
96004
59163
77787
62225
42252
66992
95616
65064
2514
25293
51364
27721
82817
27664
35719
73324
90935
71331
63760
52711
57994
35446
10827
21504
48027
37637
11846
74991
72603
33292
40700
11126
23674
18462
55121
54095
86186
21737
98329
9942
28384
48733
12674
80392
31902
82346
52254
12857
17695
69861
9506
13445
16385
48557
65880
32091
94686
7510
62731
64695
1166
73868
18891
93590
39010
72540
70482
86157
14464
32654
11393
27422
58819
5606
31583
8934
36174
19610
9006
12380
92192
98387
958
42288
67034
71350
67447
34546
79272
52127
84960
8823
45838
19463
90129
36345
69131
19993
60357
74879
29466
83160
55539
59238
32145
39670
56067
46997
27859
79566
33237
53310
69609
78789
2254
56904
89
84299
81749
78263
74329
86787
45225
1334
31852
75548
95628
52570
57773
93150
1264
51299
92359
45600
63061
11423
94790
10279
26497
42621
88466
86995
31552
31081
24820
45126
32590
67218
38583
14786
28949
86147
50366
5053
32733
56246
77256
91275
99494
31508
35796
53882
94284
26580
19344
63045
21010
50174
37609
81415
11232
29966
25945
52342
64177
7137
67395
60457
64299
58164
2627
53142
32429
26520
71488
15254
74841
85046
41076
65681
57648
96771
10706
31185
74868
91527
80725
15122
26715
69342
37668
68771
69234
1381
37352
41151
71921
10099
70477
93238
62985
46625
68217
39207
83045
17191
35189
79728
54296
87974
60062
55033
46711
56269
77388
50871
96722
11820
11923
30286
11370
80356
38582
25363
84029
96249
12863
13045
39500
51578
97685
38509
62047
26111
97657
58130
73018
43516
3808
62485
52685
98081
42373
82153
4565
92159
35907
64344
39940
56548
87949
89541
2845
95873
35369
90088
80569
96704
57703
37413
40866
55542
49649
17750
79756
29196
35266
99351
53698
59821
79550
29657
98464
91296
84906
89260
49408
49631
47761
6316
41610
88997
27473
69349
98903
94557
23232
48573
62492
22727
41755
18491
36349
44365
98117
3222
68343
41540
829
35903
31547
7329
41678
27768
36691
14162
4907
26762
31671
99916
89631
15709
58500
9110
27198
18080
86655
32627
43176
33029
1457
89730
55926
21577
44852
28397
61514
40851
30036
96101
50284
2425
45620
69999
3188
40895
52035
60244
5639
88944
41126
22082
10334
82297
1579
92740
79136
72920
55801
86537
37675
81002
59427
97463
73867
50261
54081
70242
90919
4660
25849
70132
7438
51641
39606
8834
98466
60655
22448
56557
74871
76009
47927
14216
97200
4036
71402
39274
4083
71571
22348
52163
18866
95999
32204
23019
69782
98461
73032
26534
82351
7901
11160
68539
36495
92033
11603
89639
47176
92880
77503
27394
43324
44195
29036
65671
82904
94951
13681
1243
66747
53160
18951
50487
85009
874
45313
43323
48506
33234
10382
11674
1377
46404
9074
96289
20581
85507
44397
70032
63614
69275
91595
18995
42887
20814
67062
55375
94783
30343
29222
4238
93449
63155
4969
62299
64459
97456
61253
79651
42478
76023
87111
51963
4774
72697
84353
42544
71552
66094
53964
50899
32038
65312
40419
74485
3583
90742
28706
66698
19796
45368
95014
48825
95370
71423
70161
58828
65048
58986
32329
94954
33391
12380
44277
81711
25752
16302
43697
75
5870
56562
88394
42222
42685
95896
81018
23881
97867
27779
75354
12094
20991
19838
27160
90472
19746
57625
63971
20880
39952
22276
60212
95815
90040
45792
57895
44223
79533
57617
75624
12943
87897
72116
27555
36452
32196
31865
54551
97899
5132
25307
35641
69976
53043
39563
38348
3495
74569
60661
3854
28155
51806
95118
57851
98283
29426
37649
75071
27995
35861
97329
65686
27714
15495
95158
73946
35941
17749
54792
88500
65495
6016
21835
91837
10294
35618
6544
67719
94106
25623
26471
90871
82537
90689
60763
55622
27617
21268
96060
31743
60670
54098
70010
87792
40430
42076
88008
29971
38058
10284
80733
42440
57563
7692
51313
64766
63820
60416
37168
1635
99741
83608
88800
91123
7136
79541
64726
96558
55926
14820
67493
86727
53868
23186
32459
75348
37679
49517
21201
35023
82224
37585
25144
25368
32537
97988
76016
8167
13898
5786
95611
41956
12375
59372
61933
7947
4922
73163
9689
61246
82558
74629
50494
75458
49220
47902
48719
50375
66508
21509
28808
95929
79877
21178
82292
26441
37467
15714
50298
45528
88421
49848
30540
11862
54896
24071
89094
48817
53088
8270
35844
63565
89029
64151
62890
89116
36439
55491
87809
46729
40076
26959
26078
37987
20147
82010
58797
72666
60936
97549
17692
32795
89771
68468
6295
28471
51911
43006
99563
80507
31061
15170
38597
80428
288
26758
2086
58910
43243
44199
17149
3284
84395
65692
34446
3920
68507
87354
17020
44305
91458
71656
22425
56437
68851
18132
89106
18503
40822
37884
57246
61727
85322
43092
81823
47965
56456
42036
19297
52329
57230
93704
13908
4249
16523
12854
92912
77532
9659
50314
93154
8486
55248
37336
39919
69628
40874
75962
74138
54720
66058
92937
37374
61329
14876
61390
9584
41492
16729
31753
42448
53974
50947
87924
64417
48085
51626
26259
28874
59738
76117
7333
58000
39565
37995
85989
84457
59751
40991
82774
68373
29446
5703
91919
4291
32753
35778
71358
21118
51519
88013
39860
35518
23591
73670
99525
62709
5123
95972
52490
82938
41291
43650
73935
53992
74981
77416
70462
83916
42865
68823
2297
93680
79476
2952
4443
56260
17012
46085
98990
19833
36420
56461
8379
20232
97087
13083
80193
57560
76821
73934
261
34857
42930
69754
74021
48095
68781
70112
97482
44388
69039
18696
2666
77506
42598
7849
42527
58663
3798
40011
21954
13959
22334
36622
48791
25067
69322
52151
71634
35591
38121
1771
86387
40892
4172
66079
79146
7272
20492
17962
72076
72537
39773
11888
97497
5846
63512
95064
32269
27669
31488
98219
50900
66486
43899
33450
9654
83043
91711
41405
84049
86060
54560
4840
2785
18218
22578
37109
70247
89588
31852
95134
35469
13958
79230
95473
5642
26071
34145
724
63058
50295
68061
26565
99680
27944
71207
96907
38813
13731
18072
97951
52988
19424
18922
50504
98882
27533
8883
16927
87504
9296
16630
81130
50722
94524
38144
91109
82314
87716
51653
39722
18009
65168
41211
59841
18752
83132
90118
51439
34621
86387
36202
25831
45426
58272
59469
5028
39013
88158
7549
32071
51825
40070
21909
11144
93027
51509
2404
74266
6651
46081
94538
21712
58603
41946
16153
22219
43433
67960
92401
92127
20996
77158
97205
48573
59230
66704
41271
28088
37583
45443
59892
89912
97916
90617
78625
58571
86483
93848
51104
25493
93732
13592
48350
96016
71407
1719
90606
82826
60240
37105
6683
1791
5806
35384
61089
21035
85674
2989
15877
78542
93890
37991
19742
12187
44935
42122
51865
18950
82347
83179
3303
77365
99215
67718
3577
70028
90478
12550
1691
78527
50187
58314
65797
20844
61501
87855
29367
4613
58432
79072
84824
20571
73949
10932
96625
34657
89727
55595
61617
10130
16514
96304
62606
99757
78728
6797
8071
62815
75717
15771
1927
88079
90508
35149
46116
82936
6838
80533
84005
32483
58673
24730
90554
41828
30711
94030
53345
48309
77977
30433
42811
8690
18708
85189
84966
17739
85144
90954
54248
96884
6404
97296
74700
92646
18859
22159
4596
98494
39094
4626
25263
29189
77528
46568
49893
53353
13758
80735
9642
8464
24149
67799
33950
30582
95803
30272
6472
65733
24290
64278
68095
88991
78192
37551
93484
23942
80574
88584
84380
94344
68733
53092
27450
23734
88884
15523
69092
97150
85493
1460
90588
93040
34142
46647
66895
53519
17680
40571
73191
46371
75313
47724
91652
94803
7713
51586
48573
71693
75379
65146
22998
75752
69993
18667
94011
5772
56728
68291
33023
15338
49642
63475
72786
86514
43723
14122
21069
33809
35174
72076
6995
61160
37489
19747
10589
43644
51216
58837
10849
80357
4272
53718
98935
84505
38193
37467
48083
41311
8748
79302
20392
70353
37846
64440
91744
79691
89387
22367
66370
30217
31650
99064
65107
67221
63644
13484
31287
22585
6433
91539
70596
7930
17358
66618
71890
26012
9015
48112
32171
41662
14198
4765
14233
51109
22168
81165
77185
48000
29949
13958
71756
83173
23461
9921
1408
30798
31416
52566
40194
65828
34031
94169
69375
17480
42204
12789
75531
30431
22166
48247
49988
73005
80245
33159
17784
71346
84142
23525
75561
40767
80864
70001
13046
94916
3360
14393
27897
70616
34341
55231
27930
75498
53004
65881
39035
68294
56388
50934
64140
55860
25412
8399
70431
62700
98424
29598
6116
77177
81092
96051
53347
38174
81211
82816
41820
96517
23573
46601
71745
21016
86244
97313
31165
64937
335
22968
47783
66222
80464
86905
59632
81732
2525
62543
50141
98543
42076
85835
15131
45079
60464
45628
71777
51564
49383
27376
81362
54947
70109
37928
85001
4764
53618
28684
70185
51534
17300
848
74213
21527
90343
48634
25481
97573
46336
20310
93685
27278
49819
21833
25137
88327
47898
11787
18749
52932
9615
3040
51731
2587
56490
50943
54718
28825
91204
25819
68680
44150
34688
12864
33369
68496
92980
37177
69300
22766
8603
74387
95509
84158
63184
73280
11970
34398
83668
39659
24603
96050
5807
22614
60649
37625
82436
58254
97457
53181
45288
30446
32593
53652
69241
40872
5660
34443
23338
64633
69412
23104
67229
16315
54416
68895
7257
99402
23246
85354
99926
40606
33210
55467
47173
40816
82028
68556
82120
89618
90008
46643
62481
61914
73725
22149
22615
50966
9275
17759
1167
86025
75694
72592
29536
9179
28078
99264
88785
43811
2519
43479
67585
7286
49726
41634
87368
54046
94151
74790
97595
17407
28295
4792
94391
12692
3138
44770
64521
69307
89864
43960
92067
76312
94023
14933
36702
20406
36934
67923
87993
27611
72595
84370
4170
37397
2257
52271
95742
74760
27525
48233
10742
96654
11287
90936
75660
14090
93381
99772
79264
82703
96736
91548
18462
51777
29590
16349
84489
29331
69419
80377
58130
90029
24266
91435
44683
24600
24693
79049
1570
94179
25297
76579
70944
17460
19265
87651
40864
8265
73767
13096
55630
47497
43064
61082
37331
27180
81248
93692
9888
33871
59110
28415
4274
98618
80249
87268
3977
18903
18607
22289
61180
36620
57771
78149
11655
93108
60738
64909
88572
96277
73602
84733
67153
72850
92752
37702
52649
22585
40705
19555
24952
44850
19530
30179
87250
87638
6781
8785
10832
21278
55562
70256
64731
78586
45338
6523
94578
20469
45493
85273
91463
90883
70383
62635
11621
47306
89306
60695
41095
83651
2913
70823
85885
30181
22713
85472
48196
99719
84290
13289
53219
9790
37314
63710
19891
84257
59308
13610
8959
47581
82931
21910
69933
72205
25149
24716
2825
81644
28344
78960
85227
17524
56792
25149
97716
76973
79123
39992
74933
78537
92325
664
13300
26451
68337
12376
67082
17682
92471
28550
4210
82860
48764
61785
37324
85411
28076
50626
89350
657
17017
56689
21802
51714
47269
50158
20653
65010
74386
58522
74971
64662
80383
84180
12805
96999
70941
89752
84690
24335
51773
83039
67945
54002
94490
66273
75930
90261
35045
58336
76511
59082
185
87669
49620
21194
71902
63308
88158
88507
49638
78442
13851
56271
9340
30571
45346
90721
80790
33844
26990
48693
18878
94332
13631
34083
81772
37439
14507
44537
93496
26192
12212
30629
6598
22765
89120
69060
19374
7535
41579
38952
10243
4867
49549
21890
86385
50032
34686
6881
27303
83223
92047
99924
64876
93179
16974
80499
5373
95186
78718
79428
139
9711
50543
91305
47754
97671
94447
19901
67262
38284
62599
27806
35261
63710
3780
81301
74976
95632
92036
14972
48598
53049
59665
4207
45349
23719
51411
99189
19257
21233
32282
82787
42698
51426
4311
1751
25210
99696
83324
87205
45443
31986
56837
37953
23838
10194
91835
43980
35855
66611
31399
80109
33680
13690
37177
56925
64962
65345
67971
41724
95610
30931
1740
74302
85331
29011
64380
25873
66118
87811
14185
44204
22187
88191
46457
37962
23435
57647
77586
2187
35058
66830
74100
95096
2043
1617
50081
53703
5286
13494
30258
85871
11592
79311
90027
15702
7144
99847
96070
85452
16838
6768
99473
22518
50084
15963
2994
34574
25082
19630
70696
9085
81389
11415
9396
64317
36619
75726
35487
45451
71552
1647
15172
31167
41392
47211
18239
40707
30872
1755
17586
73301
73758
70719
31746
44031
90267
26172
97696
94388
26106
33507
33716
30632
11347
39496
12054
88754
75955
99502
17501
54322
16444
70751
11875
856
66919
32386
93503
21351
19236
60173
11524
97438
17670
56635
21995
83145
21503
49769
98557
18255
65461
15801
54425
11097
20678
66204
5198
21244
66932
37952
43522
9537
13990
76874
66932
90329
37396
29165
30048
71117
92134
77333
76405
7155
10869
88687
57669
5928
53165
12070
73399
3939
79449
87807
80771
81679
48783
80025
74939
62224
77279
43056
59666
63890
44261
24614
88209
65801
44921
39039
15979
83488
40778
32247
9702
30592
87260
6315
41696
14365
36618
76530
72509
22450
19191
26389
69017
48547
79329
34573
82612
4834
63547
43420
73988
25491
83589
11440
67428
46673
8188
93853
48735
5722
71723
64651
54040
45258
64613
79260
45284
82513
26882
23521
60315
6209
87182
77542
29673
7347
1056
32980
23227
53
17190
20054
69471
7921
78764
25194
26078
77116
66538
70360
25122
25116
55497
78238
39580
49477
39810
30172
93595
56018
57292
61183
4807
68352
26316
79811
42605
16041
5613
6752
8251
9639
60089
6243
32966
81301
3863
18635
2751
66509
73602
21399
79325
2246
43344
33794
47504
45247
64982
68619
34111
37709
49290
23116
43537
22940
12481
54815
21934
25696
39522
20238
13484
11533
29463
32669
60739
63645
90918
15053
99962
97420
44448
79101
5665
49849
2726
69917
64578
43862
39196
51171
43296
65144
87827
83771
5959
48553
81821
56750
22163
51312
65613
69656
78796
43866
78945
16750
17086
70176
97351
88897
99731
69447
29396
51068
57486
45139
60016
47682
84820
7730
79772
68532
22780
17579
76582
35082
35161
94980
49112
64534
15318
86949
73143
6491
41209
98640
81070
33646
83049
81909
51543
20277
48495
48192
4913
82786
64600
38181
6131
90835
46495
3765
64795
99307
58117
13264
61229
99653
86902
2682
73507
58417
55708
20413
95609
86453
92232
84421
34210
72619
69521
58215
47466
74825
90260
71838
30952
93904
8904
62851
34558
44595
30898
7951
27774
38304
26787
26453
66409
65378
18453
64595
82280
43584
53286
6069
48091
93996
35269
27240
71958
23226
32078
98195
54602
24472
56740
16570
69933
79968
21417
97305
96320
26031
21365
72763
91300
87966
6703
36705
90048
74869
63063
61679
17871
74292
32968
61991
10985
48903
25995
48658
96685
73838
24104
18109
20061
66007
73568
90339
23397
56192
61884
25031
42869
50598
75278
1538
72226
51159
34523
42485
62331
7200
83706
358
48104
90605
77792
22987
14634
44491
44238
20423
86965
3799
1298
40122
92981
40685
39804
77690
95096
80118
25974
69564
97061
38331
10852
6033
17536
54524
84694
32468
20575
71787
78145
89346
33230
4858
98753
49465
80208
21645
75537
34842
68194
37900
64830
588
81337
26402
26240
61953
16736
91468
10170
72145
33780
94006
86962
63722
38676
83256
60775
32854
72583
55138
62827
23665
56322
80530
20549
41087
52620
93482
3540
17106
7102
28035
52497
94227
37553
15817
7222
94653
97506
7879
15876
40581
35600
4245
23288
18973
39403
79820
32077
42361
62727
48851
98761
36415
3255
53916
9790
66019
10811
66709
24258
68019
66561
93723
75931
77213
8056
30420
95142
20344
42752
92834
59879
93085
43675
56404
2927
83307
8292
66514
78729
2565
47881
17240
19116
41516
43791
34359
46077
28305
54854
16888
57721
82386
6969
33017
44333
12449
33572
92775
32095
40358
490
15840
33901
31035
92659
99765
51298
41881
31727
95463
99268
98359
39089
58209
21257
30623
10660
97842
71794
62614
43099
69822
54567
24213
87008
33821
11115
11160
57114
32071
9939
95470
32130
1253
30400
37739
8934
83474
81114
26345
69532
88141
65290
36356
21345
5463
42541
66735
86259
22229
45954
56050
44085
90225
29091
51670
8692
85585
65630
92553
74726
17717
14428
98274
97398
8474
77235
3708
12628
25280
432
74181
11767
3788
5790
41251
75572
26709
91864
98916
18995
62129
46628
41838
80301
78097
5904
71411
4096
57712
38134
24116
73875
84301
62789
49633
92617
92881
94076
34702
82483
69561
38797
25732
92072
97035
50002
95397
87110
7450
94426
73938
6400
51196
49043
67888
41808
96841
90485
73927
33552
37103
4937
44338
23503
45400
65719
21581
6270
67544
73621
9228
46939
91475
61103
13840
40759
71958
89434
32353
20320
86952
46162
2214
48664
44598
35079
32077
8143
36992
18787
49068
61931
67217
93713
23756
14219
18404
36540
93249
17884
21150
96587
83455
31685
70817
83593
10500
62433
58192
98849
33209
54058
57758
84158
94688
90808
11001
43296
208
98081
50598
72886
22376
63416
57724
60139
76107
10664
30483
97123
86528
87087
92124
32595
44620
43879
50472
887
9900
88420
80582
63038
49400
46191
71202
91411
43531
7445
20157
96333
40859
55404
76086
73171
27248
27769
23896
28764
80916
36726
93320
38397
67861
86722
97779
3806
88787
79845
64001
50051
20860
96396
99593
88636
66313
14075
11041
41012
11411
15413
9777
95696
50521
13787
66012
12831
72203
52048
69261
45273
33449
90410
13090
91583
71791
94515
84564
27735
44269
35753
54234
80855
65538
88809
10019
72378
23302
4465
47260
89055
79747
42568
17969
85392
59263
51771
94692
66133
43645
58704
81628
60252
20321
1885
89574
12780
75670
53909
10223
69233
1929
23635
51059
49038
35953
16496
81907
93878
43164
95084
13768
8161
41696
93202
14055
72658
70366
20804
36086
86155
91650
56051
30118
45879
49268
99658
69418
20822
61694
36083
42940
44210
61979
99322
20581
38708
72539
93135
48597
9721
22168
99996
73336
7473
84704
95248
24453
58954
56910
70211
328
29680
97551
92916
17124
76794
51442
48303
18073
68192
7368
79054
47456
95477
82176
35423
38002
63568
20470
36409
85847
17136
97666
98222
93960
55646
73895
98640
16291
11887
22024
16015
81698
1365
9889
15610
94005
58842
73299
19118
98099
50973
31980
5848
96146
29161
56047
14121
26928
1119
24823
9815
92162
16214
94128
51679
32328
724
36093
49515
62888
85622
86339
51536
79196
20988
35329
96148
12675
31457
72919
96384
38122
62125
82954
7243
80623
84283
6164
52664
91020
10643
30163
29444
90296
77041
68665
16291
1258
93202
38429
44592
23756
2916
63784
6176
15172
37464
33031
79696
35270
56009
26937
85667
13102
25675
92746
39849
34782
29663
31605
89357
96294
61959
22381
28835
66222
4009
64485
5141
2936
91163
25288
76092
6200
79457
30999
88824
89985
6406
94423
68765
4443
24888
28435
36932
36644
73727
39764
93466
27863
52638
51724
66178
71285
77251
51134
2325
59654
61148
29702
14798
53175
41323
32053
14404
20492
65064
2795
49263
72275
58894
88698
10406
52838
6817
97114
755
66815
98059
90813
88829
52038
42696
29300
44991
70083
73954
3182
49797
12574
41856
52949
26429
38740
71205
8387
21987
20737
61728
88323
35252
33976
7144
87259
48914
20453
15647
52570
15368
84098
12427
7006
38519
76661
11093
42722
20104
97628
83617
99001
72300
97247
17400
75107
19892
62655
54055
47096
26510
24802
94652
87621
43458
7706
57705
93891
75418
62044
5770
50624
77802
24084
37238
27504
83339
17073
79332
1401
50857
55112
97355
18227
2310
15069
78323
73151
11225
45290
38556
68484
36529
67995
85746
98006
22647
83081
50273
10950
30054
98543
74758
40046
25298
80427
18044
24855
925
4983
92814
47517
17846
52693
2798
96501
62292
11979
24917
17894
25844
14134
99867
49828
21070
61078
1303
91132
55676
53452
41640
373
85620
24730
36828
85525
17349
87841
93224
55489
22693
39875
94808
44899
92086
31244
33610
89432
74933
83754
29882
6708
78429
92134
86698
66293
43125
31205
5284
52459
93792
31183
29973
76225
28856
37723
8423
13227
51996
60934
68900
85897
12253
11238
83675
25626
78733
23500
50475
7103
53694
37993
84362
3411
5241
66696
23721
69495
94999
91343
51582
76499
85882
60408
63014
54835
71090
24803
63204
77188
44170
87961
51900
46142
35501
78259
44217
43656
25050
30689
18918
37605
88412
99492
56702
39936
22326
58447
59564
81448
38473
60590
57277
90889
78658
75178
55614
76610
23350
19223
59107
85947
9727
32936
8052
61098
6219
13375
89559
3993
3346
25648
65009
93292
95454
3776
65680
99583
97813
15433
86168
22160
23599
351
5284
49092
80750
60669
7768
62800
50077
22100
16883
78754
36541
9239
93729
78723
76997
94010
3149
17384
77565
87636
65457
42334
77363
99366
13806
2908
6102
56597
41163
31897
66532
88917
54753
6572
46801
53487
83796
62065
50221
20895
75066
14541
39223
31658
1581
89529
51571
37101
75402
30525
77277
47458
99843
7833
74110
31572
26977
59571
36952
67038
15336
56265
76685
19015
48323
21789
47460
6236
79746
44211
67475
49943
24064
96775
26225
43748
93350
79515
35581
40036
97800
44787
36914
20002
47166
67892
34415
57549
72016
88728
46924
6185
34911
12872
33143
16261
99956
20099
31609
56793
42073
91166
91257
85868
71492
37493
82853
64288
78150
50670
38827
65748
3342
69743
59614
95068
19180
73428
99639
7623
26884
12185
58318
52050
60528
40108
35603
57106
32791
10343
177
14793
20600
63385
19762
944
65618
40779
14989
98660
23215
56901
83680
23104
59091
76296
70846
15088
29585
3201
25314
98623
25093
3826
76739
33804
39529
37901
70604
34835
21773
10228
79966
85932
74918
9741
37613
97763
52217
81366
65005
44122
21710
70831
12882
34247
43332
10327
46625
55844
65657
40280
41941
77058
28463
73698
76146
98087
28910
85773
38562
41098
17908
33552
47111
75555
17631
93502
15383
3566
80252
18038
40877
56462
96196
10168
23990
46904
65784
33330
68344
81023
75358
66223
44588
82156
50502
59518
29264
81805
48119
28953
73656
48434
21413
76217
21497
30492
88634
32880
85685
88098
47860
38087
90673
4625
97524
68120
50379
99566
36649
57387
66608
92367
26243
86255
89203
79472
62350
97300
84951
10590
7400
39059
14430
70444
73283
93479
37505
34931
48628
33851
84064
186
55610
6329
83756
51455
11327
95241
86318
88668
10993
77053
75049
36678
16636
98749
80149
3278
99390
61346
73169
18626
67924
33548
32554
35395
63283
93826
90614
40637
10371
90934
72652
20599
91041
37145
31295
10968
87412
69793
17952
97666
75256
34848
62439
9943
84324
57686
18309
59031
24610
30109
53316
56525
53609
33997
81211
62248
27582
39005
67093
