14261
71932
93020
50287
33888
4408
91808
53635
20045
50464
6355
45302
72012
27394
9236
29602
12443
19084
84377
44746
3060
48595
51123
63406
42238
70347
90765
69903
65302
12561
79090
51076
28661
83732
30699
49246
98014
34641
72343
60015
84693
2429
58936
11433
82617
97161
83571
61732
81580
42912
79841
54328
75757
15452
46939
75054
36993
94546
77005
96278
22104
54020
1493
73309
78150
43799
44481
57209
10025
55829
12098
66167
91327
41355
2770
94193
21251
55824
68280
60732
98216
36960
42037
74236
38853
24098
29404
92391
18182
82770
17372
56319
55198
92842
81335
80042
2770
33920
30607
16487
55038
36129
54836
92720
99601
42362
54837
24333
19166
31787
34710
24240
95865
51514
197
80149
90261
63821
70771
56032
75395
91684
79005
28150
83308
60065
6136
82302
71952
19352
83684
94261
46135
91904
60157
389
2838
94147
19808
95000
16677
87132
34479
3442
91203
33420
86968
31496
19034
32686
10530
73807
41834
89667
39049
72582
60097
55092
11289
63599
58338
92602
55823
74588
84047
32979
17127
60510
26340
74178
61684
40623
29364
35015
13121
84984
71836
99473
55295
31522
94342
67118
79866
27372
37135
10504
15198
78477
74503
33331
50514
87865
53119
9688
13596
43803
91187
8815
92718
75055
35913
98467
56620
91822
42369
81149
22438
83529
29859
99132
31337
2616
11835
91636
93735
3388
7456
14560
78205
62468
28468
48209
22827
73282
15805
99146
92470
3530
30643
15519
29318
66178
60304
17705
57143
91571
76970
81980
51014
93083
4008
62340
75266
42857
25972
21312
27071
96305
67235
84622
36519
87226
87199
10934
48835
16120
86581
69693
53534
49158
39136
72186
50954
64618
9381
43992
1585
38825
36644
60312
11379
94947
66862
71031
75081
78831
60272
60004
92375
70403
32938
41349
69124
16399
49891
41997
98992
22686
56461
99770
85400
37227
17081
83426
39235
45928
67307
10862
18888
84453
40784
4007
73807
29870
14358
31933
15928
2410
22270
43709
30450
25679
15276
33980
2255
74037
54830
89299
67834
49452
65793
52636
44082
16588
69738
45696
4210
74284
54935
653
80708
27297
39236
38858
33762
86420
17626
1325
44856
36654
88458
71049
84324
99896
92857
42821
39903
95271
95604
88921
9381
23897
82803
47879
50160
23873
93291
5900
40627
50652
84145
65384
73332
87658
19737
85921
31403
74853
81548
54246
49559
31606
43290
97049
48285
50569
49259
86215
529
50006
96841
76671
55025
52995
71632
24069
72402
93823
25084
79784
20803
39311
83155
51413
93420
1979
44479
33088
67153
46997
10885
49452
40267
25493
74049
37798
19758
19312
62091
3312
6799
4290
89873
12051
27166
15605
13318
45350
32889
77966
15403
68238
78624
83343
8808
95752
19147
77033
59604
61436
73783
32446
99669
96868
90032
12974
65218
96631
41727
65048
96226
58684
78899
6923
55624
14849
75498
15135
35248
47526
43110
97902
51749
91999
82239
1372
9717
23913
85843
4982
62429
35678
83401
81026
58415
27334
99451
22724
81204
68659
89713
15372
70750
78740
49903
53980
73029
17323
68518
42660
31795
21538
27504
2954
15252
35620
68676
63761
5571
60853
89120
37857
83190
59214
85932
27692
51141
44176
55446
72465
954
48235
14653
11253
69714
88235
61152
12749
18354
9310
77915
72544
78004
47466
55566
30816
13459
12113
1976
43145
88229
75794
17089
51635
62192
26084
67047
2212
26615
24581
54833
13850
24606
78095
95470
72961
23803
47584
42211
15445
94171
2603
34766
10466
59752
2036
80181
92848
29127
31583
49999
29978
24055
50962
71260
872
5881
92825
71882
86101
56045
2411
13326
9513
64404
35271
88904
83124
49495
39992
55994
73544
12969
64549
6175
25247
10955
99685
20167
59223
49721
69598
12297
20001
31019
59185
18072
27339
3159
89491
27813
54623
40166
40739
43213
8466
91158
77821
87972
96467
19205
76005
53970
83898
60050
85996
14028
68643
26366
88625
7949
66943
59700
98556
17586
20
923
78548
14080
93292
38585
83548
29803
19222
32362
57880
65785
64267
51304
38809
98711
36341
57120
42819
14983
67503
17350
16080
28822
90590
54832
16560
94781
83401
54351
61624
88451
93375
70718
97519
24611
83837
29979
90235
64120
46244
47670
88921
32867
2364
58716
2026
87572
85393
12269
86206
56624
70980
84741
80477
43656
3864
7948
17812
99179
75952
97200
24992
71256
25121
7702
43142
8753
65674
16210
42095
1970
97942
78893
37533
14534
71179
65776
15582
92852
88681
13714
76341
96257
25355
39592
99448
7231
94846
57354
31760
26860
9601
59585
11085
98140
73129
77939
57780
92036
66079
66750
73392
69508
87748
5645
89567
71549
8439
94135
12675
36020
58869
34056
66022
6619
35829
70525
79266
79139
68337
95729
28683
41875
60998
85538
31432
83619
31053
92631
86406
50454
35540
53969
65499
42358
47741
43775
4656
84402
68092
70645
35240
94102
4735
78160
3630
43702
41224
72564
17141
80989
31045
50432
66007
36464
92955
4827
22608
36858
55989
98213
52056
77676
89462
31737
51633
5606
88476
628
81343
60350
16792
5644
46102
35682
3342
57366
39385
92062
16422
81820
53840
73438
12111
19071
58843
58060
94258
85393
54506
68729
74268
70957
84128
21139
58641
52553
40848
42862
89142
81617
94944
43581
93227
32692
88527
17131
14323
56074
3049
46279
37043
58077
83113
35114
88354
18672
38668
93031
44070
59964
17720
23306
95035
10095
40247
29649
57754
96755
28256
28255
97380
90699
30939
64402
68791
56452
35756
24243
9896
81148
81974
94166
62013
96672
28204
2821
61220
42718
71125
82222
51383
5260
13570
58614
20300
69778
14277
64960
77873
28067
47159
13385
13953
71397
37601
36887
36618
65557
59946
19847
5442
82977
39442
33121
11680
85903
38795
23110
78919
68602
8037
99899
15410
14692
28187
35629
61410
85442
89608
77075
15292
75203
85545
95276
86494
24773
49722
35823
59880
96797
61959
86294
35633
84257
30322
73255
75298
96974
16480
95041
26567
20718
94509
49234
63842
97704
51621
89584
52668
82694
35305
1467
3974
94335
65446
48847
48525
59689
44392
45006
66833
17005
51775
64578
98433
75871
95185
27525
91990
41105
17896
84855
57492
71227
32062
18780
8626
47847
56443
34230
16796
72020
52248
9454
28310
83896
27794
4634
83816
78005
63699
17651
77164
46702
58856
53092
5459
40401
53054
84961
46872
92494
2363
98591
98753
34080
45426
70152
28476
60731
99443
83547
69240
98203
84393
29041
94462
92222
26581
84954
38157
42484
65139
35750
44461
98111
76785
363
38521
326
19779
98994
96423
69833
55797
78836
50137
73354
88875
87301
61097
41388
63330
63314
91693
63734
34358
4584
41892
52128
65883
89151
44831
85803
3592
5808
97204
14108
16647
89681
63419
27289
99194
91765
45991
29432
97865
11228
81096
9390
79788
57854
83527
95666
69811
33998
63000
67745
62643
74444
48535
82802
56105
62511
87580
57280
76659
59453
63907
31171
8317
87371
64946
28874
6366
95085
6339
74625
95672
9956
28767
99147
45558
39247
76240
25641
77316
65147
2453
36680
30676
79629
13968
15251
68163
98248
78316
68231
25659
22995
94123
74210
37041
94740
93139
65781
6443
27055
48310
68185
67356
62753
18324
93578
26894
97012
66891
69588
33327
33036
13439
67743
11509
95387
93889
80046
37696
99662
5787
37668
78494
81071
54741
71231
41544
40437
44552
85206
82229
73777
34717
14296
52553
74544
81472
11439
23020
83586
66036
14385
97409
37324
56125
33443
16181
55532
69407
71854
182
38488
93395
19553
57890
94828
97988
33788
50821
92118
85608
84187
84861
39722
15066
43064
46062
54597
37704
28320
16205
94550
58752
61564
5955
34467
60629
46965
15635
48745
55541
52981
7519
31949
52538
70450
22111
78257
58968
73535
77081
45396
36888
96829
49156
51730
5845
84572
19600
60028
88546
36531
45952
70826
26513
10882
51442
21184
51680
82384
31509
10553
45894
43163
37696
23574
93911
12967
53196
57751
2752
38836
6542
3142
75059
95995
28612
35926
28820
79957
14986
94607
86793
59386
27132
48603
28134
33990
21935
72952
50273
500
60109
42229
47129
90245
81503
34582
10909
41413
46912
56041
87967
78242
28962
3302
10351
26468
48140
15989
53009
87563
9690
83399
89472
47922
97190
54880
82555
75490
96048
59297
87925
93500
9348
37540
51711
23910
21815
90691
64020
91156
8123
58574
84188
98334
9350
70941
65347
26190
35947
18565
89162
28803
18130
5534
91924
58768
16668
40043
42067
11684
33602
89555
19439
66473
54301
60630
38822
61847
34198
16925
58125
2925
92503
26295
60223
27246
72394
37321
16869
8120
91191
97259
98212
63322
57715
15614
33164
59451
38148
45149
94715
35276
87225
83225
79971
51249
8748
93002
60636
46250
89793
57820
96124
78948
29404
64538
89745
91256
45403
60917
99746
42952
16124
69476
93055
60442
23839
94893
4327
43652
98565
19538
25966
22694
93591
72674
72533
96088
49558
98924
68283
60426
35014
72936
32335
35150
82445
84618
33519
71686
60676
46062
87013
52644
82140
51050
50924
46771
25850
29720
54219
22240
36092
4629
68425
90825
20328
9756
26868
40625
1229
12705
56194
50570
11921
35230
71640
45856
78587
5075
44113
89940
4709
55350
98901
97665
82543
73075
60335
16177
15596
59603
39981
79489
55746
54681
27684
1664
91769
64661
78771
7773
10396
11918
7115
1137
15768
6521
9888
78194
23424
79263
81552
54864
45512
88791
99890
29668
91722
32849
27335
10964
19337
45806
45606
11061
655
92927
43161
41012
42677
56493
98691
3213
14468
89032
70934
61293
43375
46568
92208
41490
95502
43593
86958
14403
58182
90009
19867
28216
29898
50322
30537
65184
65018
82842
24865
95019
66107
71076
32224
72337
13651
68176
95616
13227
69113
30005
25488
61118
19312
34967
37319
20245
85257
62206
76944
82835
585
17152
77868
76693
87614
68249
54807
85158
42725
40550
59240
75148
98769
6208
7778
80385
46522
50076
24710
81790
91746
32463
55625
93905
47086
18856
65995
65182
39481
41228
85527
26827
34280
72587
98366
63218
14604
21766
2466
22942
86360
52695
828
85533
26985
73883
5276
61144
63478
32281
12057
1086
792
63219
79445
44995
62955
39082
97383
98038
28246
46793
710
99574
66049
54315
81908
23358
28970
1590
51647
37214
55594
85961
3093
80588
71013
21193
25011
60396
40962
29188
18793
21063
30113
48245
49579
53995
93919
36378
56801
23278
75134
13296
89902
40833
22580
71321
58443
62982
76744
54939
80095
57456
4706
23945
56767
95499
94553
3117
83182
37885
28886
84414
13688
30785
98116
20990
5192
7027
41873
65301
30152
70209
69223
25992
37926
89195
67387
74089
53858
62391
10523
27501
87089
244
42928
63226
68404
22311
92526
61792
77865
19879
94067
71414
63387
16333
79575
75460
39801
53054
1162
93420
61053
36982
89581
46291
62937
39704
36032
7404
64428
25765
98655
73632
44901
80449
76049
92234
66195
35943
14294
28764
87387
98764
91667
2106
84111
34622
72478
5206
33643
52886
10785
90178
71673
17137
59350
8891
27941
75299
54029
33672
6493
26837
24976
22346
74348
60828
47791
46000
12502
52505
56750
33935
57499
17150
10060
43660
41175
90012
54181
60660
37814
34407
84717
89281
46147
88284
16555
9706
55774
18123
91345
4179
82579
86994
35497
28833
84094
27713
97319
4159
12510
75907
65043
69181
26623
37538
12603
63073
29540
61815
93944
44509
17994
53425
17562
13173
98360
93506
37552
79302
59570
90006
32394
19145
40073
18728
82646
52302
87734
81596
54795
40157
6992
14273
28091
10042
82070
48782
87231
62700
25187
90614
3837
47004
56870
28217
24094
76983
56427
24417
17201
46489
78593
72486
38688
68159
10179
42836
26990
59821
16007
49774
71681
88843
56089
97766
56824
24627
41551
97243
18887
64136
73580
57387
88600
16510
13558
11185
79636
17287
23591
79997
86766
38390
94705
69107
44444
20821
57355
10302
75911
28366
25525
60206
64735
42738
36535
54434
61811
45584
57602
12187
84230
50124
26616
83751
89636
58176
64970
80657
18187
54463
21125
77224
36968
96231
5353
35947
43160
86937
21973
34284
15910
41376
2424
20250
22894
52640
67718
46517
39840
85839
21473
3732
73291
97557
2355
56852
82998
23193
83266
62867
31595
31048
5753
4989
4529
18764
5282
67740
48375
62117
24598
17896
36689
20025
28850
52130
29736
65768
29447
37209
51910
42147
62370
56108
8439
51563
95794
4366
86012
7765
44206
64981
12421
16202
79299
94623
95518
60906
11331
23347
34013
18888
38211
17978
20950
2901
64120
30640
95561
71031
47133
19171
99628
54934
81344
657
8234
81768
4485
5818
77310
96007
24455
69392
47424
4898
62577
94490
29237
46622
18338
45585
49036
60145
28423
89840
55127
29885
21225
30633
98074
15412
57863
59373
37960
71248
73347
71925
39168
19741
26841
25106
32711
4990
15641
95737
47125
17755
99846
83802
15364
29866
30497
28251
85411
88562
49339
27899
38451
65431
99023
16299
53935
92442
83135
36513
27124
57991
50060
52261
80466
50147
14283
70051
96851
24523
6684
68881
66675
79055
12573
2524
13406
11392
87811
1751
9839
67844
74666
43001
21488
82512
36956
89843
12155
37780
18970
21814
75200
76422
83800
23882
59689
31156
50082
18649
98514
59507
3546
17922
76899
13803
8272
17044
7143
57154
87109
38647
94634
1775
14302
39811
22922
74763
36732
98370
87424
99082
25853
3960
68142
70846
43202
39241
7238
11703
22727
82433
15284
67145
99922
60435
2992
15723
57642
32206
53674
15433
75353
62863
91512
51667
10332
93424
80967
67806
42780
82297
25484
90789
46286
58661
24758
83805
8333
31074
29995
60277
41878
28249
99954
6870
61111
27100
6972
30763
84891
17201
85390
68457
4175
72564
77629
64813
93451
58091
96858
57502
91223
50241
34716
41544
53844
74904
28616
30856
40364
47219
27650
42557
76336
23697
4421
61000
71853
76811
19213
49759
93766
11608
62006
95482
23007
72272
75044
70297
38559
42378
34347
27691
1382
81743
91603
56513
76003
70261
87735
49561
56188
76219
5052
42794
90638
31659
62597
19362
99861
43013
214
22858
11837
11234
87800
22470
64379
17944
89251
41067
6417
7633
4760
41976
91689
46102
23986
13762
671
8850
26118
8053
10421
88185
1646
91919
29885
17391
65795
92857
20627
46764
64672
73441
59258
52050
65516
87251
46962
56270
36078
52188
30948
20268
59850
24098
39090
21870
82348
92904
22768
21098
88815
13679
7931
27761
24680
98320
86117
56386
60268
79967
3902
51101
83701
13750
13180
85688
52110
34929
69514
78886
85508
95650
23733
61607
6593
26910
123
21831
64732
59405
50848
38160
91314
70764
34684
97764
93719
72895
3239
89467
52057
14069
20953
3470
76528
39742
94637
26108
82420
91776
10787
53924
17255
4980
51603
58640
22375
42479
33750
38107
54014
84061
19341
14915
28390
61618
6394
87859
42001
99253
82338
37645
44465
50081
25758
10180
80389
87542
85681
87648
67668
92839
52899
54688
96679
2094
48587
36822
63302
98537
10380
65172
42688
39145
89392
6454
39767
38900
48785
7008
35546
21077
82925
69465
24995
46432
34524
15266
30401
31900
91935
62067
55912
13714
36386
26758
72844
60267
48964
31366
43782
4933
91841
18683
97525
16298
54724
85601
20171
3265
40529
52032
2414
33383
68211
59292
51477
92789
15986
77705
84799
19917
42627
41745
329
34901
37456
4759
35842
79626
30301
38780
44423
97182
77173
10637
35334
84956
73874
85614
48818
42389
41961
33337
50374
67347
5653
91302
73644
82797
5765
20711
66079
7263
37416
96996
87187
16312
13774
70957
54134
65310
76649
85152
56433
10526
57735
7801
12972
51520
34973
50787
33438
43501
15073
37263
21370
39396
84873
62118
20760
98032
26629
68653
95338
87406
30870
45365
92118
99451
96406
42943
27440
81811
6997
61911
66041
28745
48340
57623
3630
93321
60465
46061
52720
4160
90207
58058
11478
26678
65305
35421
14295
16273
95081
92793
68975
3699
95827
53880
43746
42739
2687
51268
48150
34227
55398
205
24511
11289
21064
22839
17655
50615
27529
73796
97430
23545
36132
89271
59181
97518
47852
93563
92181
18546
57094
15673
1614
71831
83409
6246
47467
23896
46291
82496
46879
95673
12793
29459
80032
62449
56422
2587
694
34726
52618
18503
58387
25598
37310
90452
1986
29479
81188
47780
14317
96842
20039
351
54420
67114
31797
87946
82911
36352
96081
39964
55084
91829
28007
65041
71303
16374
84867
40054
26641
39858
37106
59575
85810
7538
29645
27431
90863
25465
87993
79795
60762
52227
86546
93177
78052
70000
82714
62786
45605
79713
46367
66995
40928
27195
68419
75304
40260
99806
78776
91275
23559
2259
56488
24224
14702
92112
12079
56575
10982
22344
77445
3109
78773
98367
64825
51740
58919
57176
63071
38887
77124
17579
77622
29247
38491
9368
29489
56
78863
37846
22275
69378
69599
96979
86439
31614
94980
9236
79438
4061
78315
56700
68893
85490
61146
75257
77449
58543
63514
98224
39437
64378
26180
2707
90820
52074
79115
48139
65343
41249
96008
26621
7300
7643
58086
21080
98241
75505
25313
96493
45837
2589
24994
27520
39055
26815
88813
33406
92546
71852
63551
20735
70567
61272
6195
62297
92501
24096
85339
79365
20858
99271
21848
78386
68054
97235
60044
418
61703
2101
11632
71205
61875
68644
14010
48683
36410
6888
670
16800
14978
84579
71796
49956
40141
36695
39396
9345
73006
34786
1767
3301
63013
6117
43375
12356
43148
52603
63641
47126
39507
10108
69057
69598
4042
16033
58726
78728
63739
33738
51833
85184
30943
38457
12302
34925
60695
16363
38480
79233
38120
54578
66130
66137
85955
55352
69804
54923
50173
56984
71567
19672
70764
13159
6242
4266
27478
39118
74049
33529
68700
4483
87862
52559
70446
75589
35767
90626
57987
95621
53633
44171
20518
67130
95958
83687
98083
36388
11162
20194
65912
70594
20169
59218
2871
56503
18344
76906
1801
50668
47745
92214
46810
4167
41638
76656
14503
2460
67577
31790
51945
42887
51701
22705
79505
12370
54179
16890
75415
51250
57725
28591
7119
18840
30333
22164
77473
18444
41700
34269
68179
6030
38251
2748
83941
96804
27483
46368
40801
16032
52639
33220
2941
82356
54813
1622
34034
14587
6678
79340
12853
88610
29613
26102
28578
72014
21053
24769
90505
79009
94715
86485
60520
45661
63626
15654
895
14875
55013
42818
5098
79666
46941
63501
41986
95689
60756
75743
59736
23879
26943
49393
25831
55042
8230
96683
25120
13617
91723
88244
42861
14020
65812
43732
8293
36271
99321
30663
24534
43391
47960
12748
55523
57656
69741
21289
40415
11673
32153
68390
2874
62785
99474
2227
93984
81524
96555
19728
79704
80635
45516
24130
43583
80716
72912
8267
48349
45977
77720
74767
13092
13783
63643
80727
5526
52600
70240
80922
70535
59546
96754
67780
18867
6014
50585
3950
19440
23278
75076
43916
74561
51292
50758
88569
9817
50316
3885
23947
3629
5470
41870
80178
21379
98168
58113
20125
54667
34136
75853
26843
43336
62254
5471
36922
28837
76011
10103
58867
77493
13045
2548
61720
80359
2711
24986
11070
56932
14316
91480
16353
84180
16323
84032
89934
21306
48968
90916
45460
34420
12186
24710
81936
19972
7803
26366
21978
79855
36826
1783
55813
25967
90773
27197
69486
90838
57400
28629
68788
75721
20757
47664
67106
34837
51089
45950
22887
45639
30274
25550
78198
4786
99411
67549
35669
84932
18386
68454
1584
9983
73368
89546
60377
86503
43294
57078
26683
70915
69724
85260
8954
75694
90926
64041
5308
45795
34831
72036
54326
24364
76334
97628
15951
27773
99092
99540
49311
71727
91311
48258
8191
30851
55642
44168
3640
99441
18561
74768
76553
19756
35189
89744
13169
90953
2911
70764
16977
61627
94621
3415
50095
89859
52473
7749
12808
8873
32360
45668
88620
66498
47837
18461
57946
89741
56338
36074
38278
51863
96520
76715
98737
55907
39392
72812
87483
13374
74389
3337
39748
41986
39236
86048
90746
35264
51784
53958
50649
26472
93871
7582
86686
13091
37001
84492
99025
30697
89788
56987
50782
88243
76337
91172
28850
21107
89535
11726
7961
45671
81654
89903
51543
5654
33047
37386
45399
1057
53211
45244
7928
51392
51195
29725
64560
20637
60816
52021
74871
58085
72575
97646
86875
59372
57353
41444
6232
71292
96979
18925
74447
83725
83588
12273
2352
52428
33996
64781
89178
97682
89992
80335
56488
93551
22238
22242
67800
80883
73877
27252
83259
22412
80316
25985
75828
34286
73217
85512
50849
87203
268
17641
44224
88952
46867
16524
86430
19110
52983
61406
92796
52671
46422
52908
30453
49392
6710
8118
52647
59706
29098
14758
90804
36199
58332
16445
11910
46579
49204
72413
74333
55488
35280
43563
80167
7982
79207
12871
51662
40863
81100
32995
56618
93939
23153
7658
70394
9142
39275
84754
92710
78816
94343
52394
74940
56431
33028
81981
77185
23978
1404
99505
89833
2893
1022
37219
51737
19767
44503
61643
48570
44141
96621
66393
90757
83448
80136
42883
36853
3675
94332
5849
55313
41121
86856
76697
18619
51436
28973
59959
89447
88211
62904
37642
9419
6226
27646
7640
52297
65347
37244
31550
71652
41660
67820
21295
36886
26375
52712
98820
33938
57483
5715
90748
94849
80645
40700
66772
64890
44080
94327
44147
55810
61028
82928
71914
21261
36620
41119
85353
67367
36641
73508
66265
60711
98771
57467
48378
31214
68260
43083
26087
61972
50722
82648
50659
88119
58694
28721
84694
12332
32730
79896
83071
37120
4210
14497
77576
48424
50772
48759
60919
83640
54248
74412
7215
83255
85575
52713
59457
17465
85194
41567
3636
19635
94391
24258
44298
14763
26009
85615
11331
75222
18333
71997
15244
17185
52249
36549
19199
54104
16324
10647
58547
26841
55869
30180
84859
44880
42929
26825
62891
76558
63373
65789
16654
50265
97706
63696
78963
18341
96249
57438
6571
573
53598
44973
26791
83995
60944
90688
19071
21117
2242
54910
75366
56001
63938
95712
36948
27080
92438
66132
48656
57136
2912
22710
97833
38781
37674
12156
17136
44034
95521
47307
47979
21767
40762
58216
31472
56320
58957
51995
45107
69607
17481
11818
99026
9563
91
5454
66158
69777
21339
8097
4933
94273
71579
8892
37903
56198
14307
45751
15508
47139
81042
11581
98058
77418
51074
92747
1885
11733
35386
50059
46479
88955
69692
99321
86723
43472
82780
94293
46547
54289
30436
43080
38445
53855
5342
79746
82845
55292
97236
38510
70729
24255
71878
65255
31630
67703
93132
66670
74624
61560
22134
30250
58894
58599
20419
71815
75665
60813
52709
67685
43032
26333
19182
32184
70326
12825
57420
17340
85390
51127
60332
20144
33052
94638
48052
1295
25425
91114
68730
88371
16916
10566
18750
50333
12245
39562
62871
49437
50462
46949
59794
17867
76256
80993
49523
54633
10123
41765
48266
28030
20413
46307
58190
78883
54700
53898
23562
74163
13916
55232
93574
67847
83956
27735
11322
34721
85734
78492
86592
77575
1434
17332
43631
98228
17683
65401
93882
14650
88596
55232
82968
46275
98437
854
35749
38455
3559
70687
25015
75789
41913
49983
81613
4050
27722
86136
37507
10444
9034
3755
65122
54572
91132
86316
82145
3948
61101
81032
9280
1665
60783
14039
42072
6128
12245
81189
35541
11601
99104
77770
82418
37367
78766
65856
43045
76348
70245
36357
84736
42197
36997
91883
43886
23188
31553
1741
75165
54863
58301
30134
48360
91859
65040
31802
35432
54464
21627
44682
86667
88454
53851
93588
18640
81960
63524
7253
60066
82231
34904
29576
74506
11887
97596
40661
43183
62202
65572
99603
3771
4060
10372
83013
71191
12035
90289
24106
1837
53483
55418
36012
32450
56391
53737
2056
25914
79859
57793
39161
94556
98411
97582
13950
23493
82609
94032
32162
48970
34631
64519
5060
22732
70915
38182
13927
41560
77393
88368
66410
1188
47376
36917
21531
99813
49075
23434
91670
3612
98345
44080
94261
61859
21881
77077
46584
72911
90021
3209
23295
45639
25091
53481
64142
55705
21530
84220
65043
82942
72585
39550
71684
934
2009
45048
18881
97977
73667
47077
66110
99964
7778
30918
9759
52131
36045
95584
64159
16188
49844
47123
36254
39370
22215
62267
16677
50204
29725
84095
56137
66249
48266
92859
76640
31980
27966
63148
92611
71153
98810
69959
11785
10640
85006
83778
72113
10583
11351
79792
98490
66888
7872
73420
87258
90488
31886
58238
63196
83497
87342
13090
35954
84476
77126
87664
25888
51780
84561
18584
87691
64810
91952
80762
27866
3666
5714
92275
23823
17332
98303
35362
89299
59911
65847
37792
37119
46208
66220
37716
87606
34959
69595
76421
84453
79662
47998
22990
75467
86711
40467
23893
52716
30324
31070
39993
57407
33056
99883
56944
4521
77649
38652
98603
76441
1561
86200
64651
93296
95346
6413
98359
93021
84357
81960
92783
54095
57655
47511
95184
73831
27072
91551
65209
8075
23011
12141
81232
64831
98090
33152
25747
76125
72077
75171
30262
27287
45235
18363
5818
61813
65925
86129
60612
40009
51595
92011
56977
10611
25234
58109
47113
93802
49965
38415
58986
79263
56223
20254
65134
68520
8845
32905
44080
89572
74605
3326
63650
89714
67602
98684
32443
11350
49642
66728
77420
8507
65591
25245
86118
82631
74472
39194
97124
75500
99232
35677
35282
83958
61655
98797
91933
44448
8835
4965
27693
14207
17511
50788
17968
21365
81759
52700
60969
92694
51774
20730
32562
15373
24585
49382
87636
33927
71444
3388
72966
41214
28015
18937
11888
83463
42494
76220
6496
55915
62555
85666
83020
75466
47462
74462
75143
86650
72840
2601
11968
8128
40074
9809
19369
5334
9680
72229
97165
37524
6447
56222
87743
60450
67904
85626
62607
5106
98388
2946
65434
48954
74218
42004
11399
47190
62098
81895
51668
18404
40844
69785
68282
40886
91017
89311
2427
94771
24646
66094
91084
31306
84258
26310
99725
69612
19700
87560
23342
73156
23036
57572
68771
82201
33443
27363
95866
25725
93356
46037
28104
59254
73221
65838
6002
91080
1905
10657
16874
66264
13914
36147
20252
91885
37607
40508
55763
1246
54537
60118
38329
84849
91088
57859
11122
40970
10777
8637
54399
80583
26095
83638
79895
4423
53720
80892
72390
46554
61989
76065
92811
47074
5000
23497
32949
26964
55769
61819
91958
65251
11795
40395
84933
61778
1813
23838
38167
63270
96340
74917
36494
33469
9662
68401
68221
82786
32094
72577
51913
5967
62774
1117
52812
19522
16405
28527
41752
41367
72078
15954
7312
85097
98585
31931
48302
30186
48387
18489
62277
98023
66636
53595
89793
80656
86193
91622
77760
31451
79297
28359
7140
63905
9970
98429
74262
76943
58977
8910
47948
89111
83558
71148
18064
33668
12871
55610
5305
41153
20455
82137
10103
16136
42511
9124
84711
87542
211
80122
16636
14586
99553
85346
32673
81324
24850
13234
94047
36077
20881
6913
89511
96152
96443
76195
1972
54526
76019
72920
99647
77056
86841
18985
59981
5446
38270
36674
33395
44790
61978
77013
91550
24146
73547
76507
94474
56222
19590
84782
42813
30003
64449
57033
41587
4151
83868
80675
4531
26873
6535
30502
42191
59845
51417
95304
56361
20013
12630
47859
88284
10926
92981
58074
51718
6085
68265
64802
81088
45166
37870
30954
86734
53494
8897
78650
63307
51645
55878
17895
89916
41460
35364
47793
88871
60633
63435
33681
4258
90048
41347
68014
84421
59065
148
46470
59238
4320
78516
61490
73796
15248
92686
5441
75459
69993
60741
96322
42036
43349
79353
58497
4679
41490
82651
60016
63902
61881
3131
21730
9950
71884
57175
3345
96690
94825
67973
49015
9831
94270
96618
49194
28037
44287
25745
61086
26629
41733
31902
5126
65236
99361
37428
21276
83159
4302
67383
94309
32934
16334
7428
59668
78677
16133
41338
66674
4760
63650
70892
35323
48644
92514
21464
92217
13191
42117
64106
76635
47133
51257
57577
29144
69980
14994
80778
67324
92619
12908
91168
56436
65639
38060
50938
10462
33691
19237
44113
91422
50282
34793
74030
85828
25789
20155
72875
81755
79464
61734
96026
27695
77292
52803
37077
76630
33536
35003
19220
20841
91141
84114
89743
66419
14626
3311
1651
553
82877
27903
81393
33544
67697
37508
44735
67465
43886
72526
21832
68148
17320
53968
80823
12860
94183
89423
27553
79511
49054
87528
56133
10082
13683
47412
2111
14546
86727
33376
61532
95891
85393
7092
62587
70072
64929
87072
10110
62780
16520
23744
29667
33931
86738
24883
84085
70954
67172
39567
38332
16021
72671
75322
98377
77448
62538
57899
63788
54820
93676
89863
13906
50634
84268
91541
70218
70357
28869
46718
68144
96201
76296
61698
58318
20164
60196
50605
9555
43785
93623
50651
39783
86776
77059
5239
32445
30917
26428
35352
93993
55523
15396
11901
29165
53224
10481
39189
99247
60634
98434
72353
42172
67622
23110
24266
28939
92967
38671
87758
83936
15712
59262
19574
39373
50270
4116
74565
73469
24197
53150
59881
7688
21991
83811
21006
74803
26196
32767
12844
27778
66367
32670
13292
89841
82311
85642
88923
17120
6989
44872
48550
6972
19213
62631
92724
49365
2905
99683
41433
13019
402
40830
81607
28456
61207
97795
56990
93988
53875
20015
2601
73964
40750
20076
92773
51648
61929
46962
4805
79729
47285
11780
1220
90721
75606
90290
69426
99187
28446
41503
43642
71585
46492
45521
8826
37221
78978
5620
90339
8616
8232
22972
53355
22960
48610
63477
68781
74607
50112
6932
95739
52607
8987
34374
10509
62057
32427
66051
70295
51576
47556
14175
28361
67783
73250
45370
22830
93643
48331
68041
57078
77214
45886
64751
97319
99257
85235
97487
32372
2611
89643
58554
55690
58100
57509
95387
58570
80392
81986
48315
1884
59613
43897
45733
77276
50301
45785
23206
76583
14715
98190
21542
68493
18389
93812
58370
87376
36527
81562
91071
29956
9998
52002
57599
16068
13825
72734
59761
6135
89568
7408
44949
34901
1366
31285
23487
47395
78112
20664
9399
22181
25682
54083
65425
99442
66763
64827
35712
78661
5822
61356
49920
8341
16024
2037
62207
52722
44336
9591
5604
32099
90163
73991
68775
28866
82515
77837
87226
88937
82360
67873
45712
47893
51056
59358
81998
32663
9491
28863
17942
71483
43283
28593
42708
47303
70818
50159
84365
9321
23348
51675
13827
17021
70312
35848
15681
63323
69354
96221
27298
67680
66872
22206
10457
37155
63520
26208
42515
77507
1034
91485
64846
12947
82602
84475
40401
16637
92121
5071
56782
69919
74474
15097
10786
13889
350
6047
60356
47298
719
76886
61256
25832
18001
55367
64797
61299
2907
55831
54329
91831
27770
25644
69250
41538
42263
63595
22277
73611
59586
21971
99555
14114
33975
5558
70570
77638
79398
85420
40341
67708
35170
1480
10774
42330
78808
33810
6839
26500
36759
78118
64180
69372
79543
71842
17953
95979
33732
47208
38114
40511
74105
93715
97014
65550
29562
93297
96215
8928
61742
62067
1308
71216
42800
78
43239
22546
90663
94290
9104
78146
43457
50263
5008
89819
38444
57711
35425
95011
20750
75957
60390
38955
48173
56049
61951
38941
89504
24326
95708
77083
80352
54680
95613
10498
81434
17866
84223
49349
31595
24916
61465
71307
77350
31741
12560
35901
4489
75169
45221
89327
6646
85472
16563
92931
38810
37314
57348
26892
16208
1132
20747
52717
45515
84508
41758
58620
40629
86408
12983
84284
89336
75419
19782
50569
50262
91749
86967
3315
28222
90233
29742
46031
67774
25096
31227
73659
50506
96044
73959
67075
24783
59734
61715
35187
17794
74669
4687
72919
61145
63906
60182
40701
70891
73209
78464
16994
32584
10525
3492
29066
27777
81319
74932
92855
23244
76002
7803
76898
15947
69256
50557
25067
58331
41965
65108
46637
15235
91540
7924
27389
75085
50869
92462
19857
62254
66012
14158
94409
19811
37742
23787
30563
52192
96524
51413
22627
76312
86529
77858
11929
19172
27100
36688
72258
97523
33243
88739
30328
20412
26775
65255
60760
79839
45070
22298
41427
11856
61359
14460
40621
84353
813
69774
88346
37506
24211
89086
77772
67925
20545
65239
47894
17499
42355
75195
59733
88694
5507
90228
50497
58273
90180
84139
17308
71203
78652
87390
74794
24741
54627
81023
25344
69051
45204
78746
54023
89279
29000
41786
14325
52599
59538
14868
82335
36958
94009
10225
83878
87699
84457
91561
98982
3655
50143
26144
76130
86110
82406
4245
1299
48737
66358
62660
66188
11186
66794
94428
32532
43524
94587
32035
73857
79955
33228
32222
28818
75696
28211
78827
3867
6425
27126
91350
14608
30811
17071
97528
62833
52886
54371
63092
49556
51148
88909
92450
45225
28665
12936
80637
68298
21680
38405
73248
63791
10894
90310
1920
2160
54106
29839
95203
15040
31801
74374
44371
25687
81240
8514
46979
44802
53671
23073
78552
8261
62805
75251
30962
28314
37754
49764
7378
88078
4716
87767
65735
81727
55497
44011
23036
49448
63020
31810
97871
98660
74601
85164
40603
79216
97487
76374
79739
49311
27884
74349
35769
81597
24669
34364
12087
34757
27367
64860
86715
80042
55164
96127
51143
89809
61957
24019
24535
92280
85050
11196
3403
7734
45050
89263
54274
77789
77703
42669
77594
49360
12594
30972
95975
51422
63523
18712
70503
8745
37716
83762
55022
26296
52851
49562
91205
84578
44084
81827
68979
98110
81524
15547
63032
54567
76833
98452
97950
73764
89075
42417
21519
70228
43866
83025
35134
10602
89672
54130
98426
64485
90400
22252
17156
96779
83696
49048
25579
57876
56332
7297
118
75339
78764
49177
43495
10588
48085
40857
52348
64381
76720
36907
67692
13331
77232
27883
48213
66365
87855
83171
75614
44334
13235
39081
82819
11111
80120
7049
85560
46995
20380
54246
56345
62571
3199
15741
51899
51107
20519
91905
81879
22704
7717
99052
78703
11282
80929
27350
27561
77625
72959
63506
1275
92002
22884
695
84387
77440
91102
91933
90249
34900
12595
11675
82243
25709
15424
65248
49574
1383
52089
12898
17955
29990
40219
55726
70551
27166
25070
18206
31151
52326
2155
54350
90863
32433
43826
15878
37792
57539
80488
36462
66804
77218
25184
20614
33620
68917
2645
72168
87803
264
94777
43766
58104
71404
137
356
25512
90038
60349
78807
77517
28112
69191
16661
10451
91800
44339
8318
45628
8112
27765
71595
86962
92395
4100
79457
90878
53267
60418
53905
23334
91744
85909
56978
86207
83415
72681
856
86127
65337
84213
10013
40429
14675
74169
4285
8252
84939
52962
86742
82239
32924
53023
85207
58366
45893
32849
77577
90309
8610
31659
72490
65460
82423
1272
2397
36442
2054
90850
26173
95413
75135
2742
1552
65390
35108
66949
33392
66874
80663
22575
25978
9290
49519
24795
58135
95386
21326
75234
24479
29424
64039
17479
22280
3673
68512
32921
70082
23951
91571
25745
49892
79173
73684
5604
72831
32818
12108
12912
65608
88744
40023
25248
84111
44929
39836
64053
10008
85259
50413
52098
62131
34976
62739
23073
30892
16679
65709
98342
39226
77488
25007
45249
79694
12497
50029
62029
79992
53621
38833
27430
39866
74655
11207
53030
92543
40672
53001
81554
7689
89271
92033
4649
10599
47666
37143
20234
38757
9763
93560
68093
6004
54672
47334
80684
68487
45989
54188
40370
16363
32947
74922
708
74640
66882
57925
19993
34769
77642
80977
69275
89239
6624
8540
8357
88648
16043
98371
79710
59120
47263
85789
6702
65519
27781
88510
60288
62453
20416
88976
61548
49372
61316
62708
8397
78139
31343
7369
59561
56000
69358
62408
97559
89061
18585
94844
69581
43845
54463
21339
71907
26323
89400
64756
13370
40528
84094
15475
45001
48201
60110
80941
14870
64585
3347
18528
31181
10885
96571
65120
88204
40163
82228
35556
84099
17784
57996
92040
44758
42647
98639
91026
79048
74202
69523
63679
49867
52175
55370
42956
5655
61609
76925
77748
71904
26726
61711
79384
39214
25089
96259
16682
57731
25034
3001
32566
19626
38862
34246
51847
36017
20465
82372
21216
16840
6006
41032
9271
68002
92749
32018
70640
29345
80211
27598
20422
75965
27094
92308
78212
31778
59600
71534
89264
85938
5164
50217
69295
63621
14480
21673
39059
51970
32975
93889
19395
52363
42270
92363
53401
78439
28177
527
4416
21367
32122
3392
3900
73258
47972
72463
92068
51095
48896
62384
89592
97550
87600
18243
18725
83239
82757
24977
50922
25250
44768
65749
25498
58270
65197
2619
40991
66811
11332
62367
59818
84275
61240
51940
61944
34565
33341
27163
7388
40738
98791
54244
10552
4729
6567
67759
11935
15363
93865
19045
4220
40987
50247
73228
92709
46603
18061
24368
41271
79962
20287
84656
29344
99573
30099
12937
82822
41794
11284
75232
83883
77248
8598
77637
31017
58818
32377
12816
51551
44803
53942
90049
76305
87138
44061
29779
6375
13627
26140
86390
2273
98679
56904
91745
27693
39918
60524
51375
69280
52990
35305
45478
14120
8768
88488
27058
37996
64824
10046
19844
53122
29680
5821
92355
25160
15131
24334
79933
21034
86545
22896
54005
15109
51146
62310
99666
62848
20414
12012
25246
52884
52393
25260
41678
36030
84193
19665
18273
1935
86191
27216
5200
56958
67977
65511
29071
2536
6649
83203
97260
37152
37005
26571
44081
75586
665
85936
24153
61051
53047
33971
64426
77380
34106
14567
94341
46539
51416
22635
19162
32971
94806
33280
96711
38392
60976
43079
78173
99114
39820
57018
89855
30633
66943
85547
24346
33991
5486
96173
96921
29179
98680
78338
88658
6856
36788
25387
67643
79773
48026
854
64318
82350
98774
58173
94807
17475
8157
75554
18973
67604
78362
88000
62272
36172
62329
44546
15722
716
37146
80564
91944
38188
79347
57255
27813
36634
32273
14021
60652
8289
45496
13459
31830
17321
14639
79455
8606
45318
12172
49957
28377
31946
70729
82496
75541
3869
29742
47450
62140
8282
77056
34359
90730
7976
38371
20209
86713
35097
14856
86208
99251
92137
45503
92602
55768
73677
55960
182
73420
52893
76128
46284
79531
59877
67799
7086
78694
6549
37192
15506
59901
57114
26807
42722
89431
87165
49452
14431
93294
2262
52875
96453
43852
11290
11748
31025
89073
52723
77923
3338
47503
91196
73420
231
71768
71290
91043
38840
17561
69740
67772
87559
43583
93856
27118
13375
47796
64827
48925
30328
78415
45708
65112
25716
60014
61353
19843
94203
22854
82586
41749
99955
13205
2408
37715
8048
58176
47918
86483
46706
31333
93498
94157
20953
12580
39430
14087
19645
4740
99718
63733
52628
31036
51568
99924
4680
22214
45816
4586
1292
78205
1802
22351
60264
35426
70290
48442
61150
5336
27163
14614
84068
94166
85320
62679
63505
65870
15474
17412
81538
38449
28830
35887
23164
57513
49847
43941
82981
6566
6266
50743
25236
47639
89365
64593
76481
57141
68905
51214
8337
99051
48415
2542
12964
79052
13423
26668
10134
80407
76047
98059
87510
35348
95777
55052
71401
54151
88808
59961
93688
49862
33048
27748
97711
28514
88085
88854
39882
69953
47942
51814
30069
48849
39770
7528
3522
90851
23996
85068
6468
20556
39868
81009
64559
8628
49120
57934
43181
41869
84589
95107
79333
1273
33607
87907
80356
96688
43146
86673
18948
86891
17664
50854
65525
33357
47762
91840
6203
47194
75527
52875
82774
25771
96837
26267
74809
42966
24104
19651
19612
95018
76355
38003
70753
25825
47059
72253
84170
39990
91897
80057
33605
5088
66815
63848
46513
37269
70488
53387
48876
33485
75599
28882
85922
76382
6053
18193
15714
75280
92763
21856
77196
11034
44825
67127
29692
14525
82304
96428
27777
49777
88202
79751
43687
22949
45224
2419
71702
25924
61170
89106
58946
67711
52095
20506
70814
28507
98761
41786
8937
8051
56188
34861
25031
4893
92814
57218
23984
60096
80753
80137
46305
63628
28585
64221
52518
57251
29417
37633
40123
56094
9515
36036
60694
11475
10788
74302
42595
3813
21207
88539
28746
18303
10676
59129
6742
43462
68332
11482
13898
89974
17365
44437
541
68391
79379
65376
90349
68549
56683
82430
63876
50311
93508
24614
33932
65647
56585
474
63690
96206
11457
50870
21865
20370
25360
3979
11415
47179
47765
44119
7220
28331
18578
12959
89350
69028
38091
23366
83263
31607
58973
50747
73884
80141
32409
52566
92455
27756
37407
60975
28207
99178
17576
20667
91884
83214
40808
98193
20162
42956
29717
14195
34216
23706
91791
22285
2029
35850
98828
33460
57675
22046
14456
29429
39013
37534
30679
49364
64654
42446
74591
36784
71392
86839
12031
61928
21366
50264
38154
68031
80536
74633
81817
20794
47802
35273
86373
68545
64453
29172
44970
56944
22563
5647
37869
56896
73203
69711
59149
66620
9473
62815
83651
82676
25410
90202
16510
28677
28567
10461
90826
97885
54907
69332
92067
91679
2456
72159
54269
43918
72744
76977
88862
86890
61810
27698
15954
29928
34277
83240
35959
80232
92756
4910
28241
45174
81935
36078
93214
3386
29267
46426
97125
79202
66094
439
85530
42956
21146
59293
49658
92380
81786
6757
23732
68390
76755
69375
59377
40263
6687
21632
73369
36940
97188
24123
86926
11087
71589
19234
25110
84565
90935
12874
63923
99244
83401
11677
53173
74441
84367
34664
74242
42472
98297
66599
35527
31359
82563
7717
79153
16052
41764
92706
91155
74306
53924
12918
29273
469
43612
25576
62151
83283
77366
52335
20710
6268
45347
4345
61950
45440
18798
68111
23861
8205
48007
29037
36456
13162
19201
39297
32736
95534
12211
82855
8079
86273
22480
32942
88750
29464
68328
69266
95220
9327
72587
71138
30679
58178
56456
5171
56398
82396
96850
37037
94155
87025
75299
38846
11697
87819
57115
79531
56779
93637
51567
45509
41257
43598
67273
18463
28332
733
22694
89208
54446
917
25262
39366
57396
43995
72196
22323
78666
85573
11158
76892
30539
8854
17316
75032
46591
37410
37309
27348
55258
56137
44091
70499
67989
42470
12851
33833
9430
86169
65457
78400
91073
83285
14412
92580
30297
39350
47617
56539
74285
43657
69412
74139
53877
42290
97406
19841
10025
83766
59414
79949
35622
1859
55970
89759
27089
53937
12501
61561
78693
56290
48961
87821
14590
26549
16938
12209
56653
4986
17829
40916
27685
3374
57091
97619
94788
31013
303
38493
49214
61548
94072
9767
61389
89484
20148
87921
51179
17193
10039
2245
62060
28124
98221
75986
29470
64353
30955
83731
89168
11998
34703
28924
16070
50888
91631
19277
4723
53378
17969
91039
67812
67044
4050
7400
25598
78500
48645
80254
29044
27240
66302
60873
46579
54621
11139
83526
76153
14044
33623
73632
51320
83419
14805
86022
62836
18516
48315
4535
19623
64338
10915
42018
17711
14887
50496
55841
92257
14413
55714
44133
35309
81532
23753
1531
35336
76251
41222
69268
10955
60474
53569
22947
36067
1003
82510
24098
43488
11383
10300
57481
71664
53509
70646
42134
89945
95441
10615
26170
59401
61536
65509
4677
59500
73425
8541
8527
9425
8455
25158
66811
52715
5965
58278
58893
55556
55036
26848
79370
98947
54119
55735
35648
87094
19408
21137
75555
93682
59547
81663
38489
15693
7317
82998
55451
95000
96191
23554
98116
67145
12851
82919
79186
82532
60760
97477
58925
85827
54187
87328
72026
49631
72213
4773
76258
41986
82545
38414
93633
78208
73882
50732
42426
51922
87934
20403
69719
9845
44935
51782
13391
59261
70553
16206
66797
14745
28981
17070
61492
1366
3377
68751
71779
92334
13177
18885
68128
27157
88515
11765
60894
45692
37899
29003
95028
78942
86555
51670
92940
63334
17528
75989
9144
33853
84932
53776
41934
37563
24078
98681
43648
32546
82022
9710
9379
95794
17441
22223
46205
26302
10321
58908
5710
26536
96950
54043
7301
18964
10533
79154
19111
29996
51022
49867
76956
23049
32341
38134
78328
83451
23313
42882
26239
74895
25008
54687
81797
51138
51357
51104
80024
18565
40988
37418
82649
43752
74572
61797
71452
2284
59296
33706
43899
59787
97312
54445
94454
5915
6018
47489
16269
9324
95604
57979
50038
65593
97432
71351
5752
19147
25744
88116
39967
15050
27208
54228
43498
78492
65062
25799
73625
28370
37212
98972
43196
80099
50371
7183
28217
58382
97167
50348
8723
11187
86021
50633
43943
2117
38451
4454
103
35252
8241
76803
4765
74145
8716
10382
40687
29238
6649
71484
35405
49878
34420
90006
87283
69639
13787
1668
53775
87147
72429
46757
52035
19673
27947
21976
25458
61820
90611
97123
10449
25278
50645
90937
81995
22225
98954
23842
82318
48677
87344
49925
20883
13396
87442
47799
64678
2964
86458
80369
42445
96020
29415
53930
61563
4000
63774
13074
41415
34103
94335
91062
26749
71630
17380
37443
83761
4667
15418
5180
40758
25732
37153
12442
26120
58093
25082
76157
16956
3469
50552
20007
73316
68594
15424
79584
2770
95040
13142
93112
86802
27831
2417
99070
13776
2484
30739
57186
37075
95636
20110
92612
65099
52589
52363
98209
67942
68836
78442
83617
76512
7694
423
60598
73978
12600
6972
88163
91029
72482
54768
48885
14490
82437
51368
1300
19335
29012
2498
78959
12513
20068
33187
79086
89008
2251
72620
48167
57003
31600
10044
48515
57431
78269
70688
55267
87128
38402
27255
12262
58769
37840
14543
61091
79005
47861
76622
64624
54972
5900
36224
13436
32535
31185
96941
55125
80487
19552
25178
24023
71482
82238
18991
19676
59081
68547
30499
37965
81389
9796
16995
88240
90389
24452
61429
63581
84748
16361
41943
5422
46325
47577
26142
71441
60956
88843
49798
75447
38841
38283
19029
74785
47791
58949
75912
72870
87283
66626
71910
39357
52821
14817
13653
24631
45674
9757
60845
68778
69255
87165
88938
58220
25588
6529
82297
68903
18205
56259
2562
95698
93868
66129
16877
19197
78342
68810
51908
45548
97044
69454
20926
80068
68158
60946
70047
83915
41490
90924
98564
73240
18484
17817
54811
76165
25029
71597
38293
34648
83902
50664
3722
10715
28121
99133
8672
2279
68059
24888
70799
94495
97498
76344
87603
90044
26267
45432
87809
92414
26158
57474
89314
39606
98594
12692
79654
44969
14405
57913
82733
55863
64462
94602
86981
76471
3458
26204
29894
60385
70451
48699
63097
44411
84199
15146
4901
80550
60944
15278
81614
17399
77669
51561
17054
71681
80624
29622
18029
82132
57931
88912
4521
25490
62815
73697
38000
44425
69842
39325
21471
73911
59619
46798
92960
32545
63646
91620
30578
65619
58517
5861
20181
10660
80790
58109
68954
48085
12608
62331
54732
32464
57747
98845
23736
82650
66979
46960
69848
36872
78471
14622
64511
59925
64179
26930
52463
22710
43646
99947
48348
10864
78349
29157
81144
91013
49708
20235
86076
15081
38830
76242
69188
43440
24710
5238
73234
58472
61301
4899
63014
45978
73164
67911
27306
55455
91176
28478
98533
39076
5208
21327
99066
79624
19011
47568
32725
78632
43257
92805
14653
57647
49747
53222
50562
88139
92134
1919
21796
82299
14458
30035
385
81083
48593
57012
41618
3904
14573
27420
58996
33036
78318
85436
34014
13412
95205
67564
17447
56109
45415
60322
96298
12704
214
44728
84132
30340
64225
61343
67617
4226
46217
5287
79830
4910
21046
65705
45621
28214
93289
17796
19765
29001
44818
34728
99033
53400
29732
13540
70320
75711
30956
98234
99260
27224
47479
97669
83152
17735
13513
74223
3927
98980
32475
73348
60759
58630
11220
93245
92727
62157
13553
10983
8980
11802
4370
16435
64511
64311
68302
68170
55276
10418
11508
50346
14937
49861
59156
82804
57616
88902
86137
19382
85323
53953
63204
1861
1531
48542
54934
19619
5732
81380
31554
48855
54482
70125
43380
91783
88518
27795
35593
85734
32516
31851
46693
68987
38033
60109
44854
84770
65709
93729
91657
37482
66883
90625
18877
12400
88976
66203
52538
11298
28506
76127
56291
29365
73906
24605
76690
86501
32407
95589
41368
29714
38540
68104
48644
53356
47140
97016
95703
36311
84098
45096
10240
49972
7731
59942
64990
15295
70662
71637
78086
4798
92024
26946
84936
70935
34523
16755
3991
60723
2572
57562
36701
6645
7007
34702
89630
4512
46378
89241
82846
75410
29825
31301
21453
43898
72184
16115
87647
89659
78972
47095
48731
99154
83313
42225
66902
80152
21749
49487
41153
21820
902
69278
71881
98096
56540
71724
8465
63169
37139
67992
5170
55368
57707
79559
16534
1160
8829
91808
44031
71545
18861
98322
67086
77657
19289
53839
20829
9613
55620
45980
58527
33127
55917
40165
82559
5153
24094
16199
27694
18531
23593
68602
97383
76130
43474
64749
57030
42788
96404
17262
55317
53169
20
11534
90925
21946
39091
59398
56141
56112
84836
60587
19905
55039
84030
27366
57342
85387
34426
42614
70872
25912
34372
8355
715
73109
50799
75362
53847
55865
25442
43668
31632
56117
48478
67776
91450
70917
21813
19503
50902
20766
3567
81494
76026
94456
53482
72690
33356
1514
6287
51014
3425
65681
62778
95593
87018
83913
84282
35096
35760
93320
1992
76273
4186
25793
16601
36355
85705
56457
56280
47976
78262
95641
60474
48815
26120
21409
53705
55385
10432
50067
86952
57867
80251
98449
19747
32304
77125
78942
24982
18218
75015
50738
97795
65430
58980
28390
35979
98559
61900
40252
3315
92616
68150
11577
33657
33507
36407
19073
30664
18345
81997
97985
99304
37189
25662
518
34715
33435
46381
3131
338
92655
66696
75927
50831
43911
79125
12187
86022
44024
62187
20527
68866
46345
34828
60556
68540
56696
32995
79665
35041
92479
10890
47821
37308
82801
11833
85781
59254
73342
83673
97666
51007
53523
70037
48174
12793
73014
38593
8696
61570
45323
74799
67899
64385
35019
98377
54437
77723
2896
60486
12287
55147
41975
42163
83439
74293
65089
17888
41046
82898
86090
32328
3105
31480
97951
68121
12216
60864
20889
29284
49238
80962
99104
35547
88672
91597
39070
3229
5374
60792
97893
32130
5691
47935
96409
62307
57188
27749
16881
28349
78389
52362
12891
54179
27088
43260
42366
81709
77367
8593
33340
73110
66010
51368
56796
8262
13019
83349
4232
78385
75368
7880
29250
88072
31041
60677
9053
5811
6541
72239
97899
56151
12405
88237
87604
29008
76552
19284
31429
12261
41503
30820
16705
77087
78314
67110
4667
62674
90317
26996
10746
52986
95752
8531
88014
36981
88664
37841
94259
59930
57169
70682
36338
3459
28325
8098
91068
27835
95574
46996
67418
26581
34597
48228
66675
60166
91826
18972
71805
47483
47843
41246
37839
6519
45162
48321
50524
28043
72465
12922
92864
77615
27496
32717
9166
78244
95679
20693
78703
52698
41013
97653
46116
22252
35068
95206
14199
31558
15119
68363
50353
68127
77673
2687
74080
54274
49653
1780
82759
15076
92601
97893
54189
292
34052
18919
54581
58795
13435
34966
86064
68368
93543
57710
53273
4459
76312
71229
31862
7879
35813
52555
24051
72561
20635
17256
80622
36720
5961
82386
43042
34613
60289
3769
18818
43263
14527
36851
27505
86032
13401
86052
73941
3459
47489
39232
1342
13359
99202
89075
45069
58341
10728
86882
62663
15068
52917
46605
15437
25998
8950
4898
91936
69666
20190
66987
55235
62648
31446
86000
29030
30102
11990
72943
47612
47297
64631
46024
27827
27694
16033
94556
38167
61330
58116
85157
37614
39165
35546
13062
97640
32740
43426
49613
81297
20482
66998
41509
32289
49748
21890
13097
32541
30159
63596
43694
84182
54724
49436
88904
76382
83532
28853
59733
39685
8648
18315
13384
89978
62963
179
67550
38772
10312
62298
49796
89656
24577
95102
54590
81280
28614
19004
24474
35781
79341
19079
33733
82953
82136
79038
51114
31418
8565
40125
48826
99574
5747
2030
56567
78612
37163
49617
39082
89620
69841
77259
33734
41220
26357
54738
86297
6464
22250
26816
82757
59724
24134
61277
29272
70097
41039
68325
25574
42078
47898
12870
81165
96514
71584
3559
70087
55416
63510
10357
20390
45295
11376
69181
14916
89951
54152
425
61211
61567
85169
98816
37331
49521
26712
41719
18031
14772
31598
34376
44445
88368
46359
15315
92997
91777
21691
89219
56956
55323
38098
85115
88901
18982
44808
28160
6903
41551
40086
46
22808
67950
16329
86514
85375
41347
1161
29510
75666
90935
70244
89604
2486
82158
67084
24142
62360
21068
57821
18574
20921
41367
80514
88017
29117
98479
27756
94404
15396
60429
9970
93981
7883
8006
41191
51169
61375
94995
88547
65987
53603
56104
78858
58281
12767
99667
73372
9894
77874
1854
41894
21097
51084
53312
23443
21920
17647
36673
9546
33507
32320
13937
61433
47893
17228
66089
62061
75395
25004
3678
27698
65978
8046
23857
10992
89019
83760
67918
27748
55080
48405
25282
24014
69643
97040
96938
68662
70933
64612
17622
22327
46535
12269
87872
83303
43018
11786
35119
36445
97092
25402
68765
48020
69846
8590
42607
2135
68083
42698
11448
32638
96847
1865
54628
14451
57687
8782
5804
87179
4975
6181
86311
95772
70315
66688
10941
82925
83130
56477
16960
15374
80659
86601
41706
61525
34140
1468
50221
80179
6116
84631
5731
44939
32201
72060
43736
32537
52024
9237
89012
44132
93277
12196
16259
48575
47216
48923
93524
96031
73941
1006
87315
6583
85029
75066
31747
95430
11442
6647
45495
21051
40750
68296
54868
43246
39700
35018
62212
32033
88136
19243
81849
68483
99518
36356
78660
28301
99172
75923
11616
28881
96060
71620
23817
44495
16192
2966
71486
79637
77374
40360
55071
56739
36552
20662
93886
46279
93314
88300
66696
60151
11333
4708
26888
7520
79541
49824
15086
31333
78156
68643
90141
43828
67084
44390
78859
15671
73319
57712
68852
81206
72153
98601
79941
81198
13594
29026
51899
23195
27608
56429
87111
58323
72076
78822
72382
78532
74825
19005
20518
46293
31976
74755
97018
24844
98626
65854
83536
10760
48265
95350
23637
48079
52214
69359
63889
14555
81794
78270
94671
51625
59470
5213
27814
63822
94226
39259
13439
97897
66316
73104
696
86544
22567
81856
73883
49933
39258
33959
58157
95943
42720
12022
73227
72833
77168
8672
99183
13106
10714
11103
63842
7565
95865
33922
16613
30519
87788
73331
14149
28937
72272
18124
25151
94980
65556
15893
27933
38358
91372
2172
5097
75583
59251
86693
38186
68029
98789
29315
39756
20138
46085
7108
33420
87446
29826
45089
83316
49788
57213
46403
94318
89468
7378
88335
83462
8889
4531
35813
34473
79207
39842
43704
77685
10638
27825
40943
95498
57569
25824
37059
39926
19938
37032
7984
48353
71474
55298
20601
37913
47505
74294
18904
77990
68592
47275
33031
89937
47146
74520
46385
92192
19580
30762
88618
66714
69890
91360
58947
50395
18197
88856
71077
34609
70998
96793
64613
6196
75804
13988
64804
46047
58284
8184
336
77743
87295
47225
15599
38712
88620
42943
39222
83030
51480
41434
80858
76004
63374
10491
35215
39659
10569
38368
75045
23365
65856
28436
35252
94299
22500
47059
25376
72986
95757
5762
93296
83726
16680
62128
91673
80761
12902
47204
79117
32890
84521
12682
4206
98733
91920
37127
64088
2291
29978
49684
17401
33033
59342
60558
94140
2698
33627
51871
92192
72361
72618
29513
15419
21720
15792
85074
25128
57471
45989
23668
85116
55593
9820
36677
83273
43852
13714
52180
69114
5710
15327
39890
71003
29510
11066
32837
69135
96355
13177
16679
29849
2263
29878
63431
95271
87277
77880
95433
58146
16997
54924
15376
58398
14324
80871
30029
26692
72448
27430
77528
74403
68158
88139
68060
51714
18215
31698
15809
76578
77551
26943
90000
70144
92185
94132
39993
84386
88285
69823
9440
98906
61542
20725
29510
69590
68692
49394
94295
34300
9691
11622
61274
63366
59259
12474
78070
78909
67526
1058
58920
1959
19123
79415
74483
15190
54328
6104
70038
74686
13476
93134
31313
27441
10051
84853
33918
41408
19982
86662
70407
15582
71022
40842
24149
71898
44183
76261
70278
91371
98728
4134
94146
37093
67603
1658
98726
91837
8698
56812
99031
46271
80090
71453
13295
48597
74482
22995
83698
35615
33754
39468
55712
52945
48556
86632
37634
49261
74145
51117
71263
71105
77306
26441
86889
46439
88334
79044
9544
22505
59741
89924
49864
46745
94153
20142
84879
39958
67927
84116
92321
21309
65072
14175
4704
62793
69107
72903
15342
60852
31047
55536
30939
66700
57130
951
23687
5366
2506
36573
66829
57467
33015
91477
83599
9082
22255
81764
69889
74165
69458
12041
20597
37915
94656
3886
50282
31057
68900
9219
5916
74024
72353
7988
14626
29630
43165
84538
42894
22897
3463
67900
35469
179
43649
93231
90922
48579
28491
47458
83336
50035
70930
56781
20597
54415
36599
3815
95082
59779
75441
4675
96185
46055
11218
83270
55586
39517
51989
87109
23478
43595
78155
63676
25872
49864
92180
4836
74554
45238
305
79196
6543
8693
50057
72322
21223
57677
28756
86462
92859
6005
34879
26655
886
92825
99916
62864
28819
18562
95186
38217
58180
76411
21541
13773
71093
33168
92419
69651
40546
44102
56773
68418
8574
60839
73107
73137
41732
26196
16598
98740
49321
93610
44009
60124
93180
53293
25407
56358
36355
34699
57683
17133
35022
34566
54792
73539
9751
25716
34994
35501
64620
79331
84163
21123
26540
99616
91673
28931
32057
73665
2879
58329
63895
46613
78339
57061
46852
45955
54044
66007
95485
73711
55153
7497
94680
5042
8897
59847
25040
47767
36646
7448
35578
88041
42067
71817
45293
1570
48193
40388
78015
32232
46816
69509
86106
94499
10133
60314
11902
81809
13364
9286
99226
34968
68080
17554
78740
81483
12887
67074
654
13997
28561
43888
31446
71081
20350
43229
90612
63178
46948
11396
70099
20819
64903
16014
12754
78133
14633
81780
3135
71222
66819
20087
60166
79676
10248
82423
82810
70210
26386
69290
29742
51658
75125
82901
96865
83186
54715
83516
79931
85449
84135
95067
62289
39855
12829
32227
4641
62996
75583
10241
45347
76666
72793
62576
78968
45091
84527
13046
41938
92749
59281
31586
79272
20492
89550
84230
30732
301
12183
73108
15052
84125
17455
27728
74884
30196
14696
33812
96745
31157
46377
54073
31560
31258
33966
44054
75903
90000
38183
15037
82510
51477
22236
69503
61414
17654
97491
12780
54380
44964
7842
67446
78705
30591
71396
1598
14582
19442
87260
90316
62433
96933
80700
79710
82763
62973
32304
12294
34560
24232
25832
90653
63580
52254
51043
41068
4091
38627
96911
61764
6855
46597
89385
13689
39034
47109
11485
61871
22562
74740
8672
19351
73546
85096
20959
53268
32959
35374
33906
50556
81371
80654
31017
58111
27206
85403
24787
66372
25913
49169
62708
24560
6206
29867
99659
82832
34907
3983
84591
46145
71073
47599
51723
67767
76843
72982
24779
78291
15965
89547
77577
66573
70281
58281
42751
33750
58145
5171
27017
62155
95916
13069
46538
99498
54975
24707
38207
58962
32230
27915
51352
1105
44261
75873
46097
73194
97001
9556
24969
73407
17592
39806
13920
74040
44856
38691
6253
11464
22308
56931
96681
61801
72219
26407
75187
72341
94453
25434
45015
65903
73275
50197
5665
86772
61180
67074
935
22844
16076
61693
22440
92438
92046
29400
18312
21517
66430
31680
34616
51761
99453
63928
84577
77082
57797
41196
12252
62955
49397
3185
96584
26598
21242
15210
19837
73207
5637
31581
17139
53819
76108
67358
95134
41669
4115
82944
72027
4545
74576
26070
87963
27747
73534
31793
2490
48623
24021
75369
27209
30235
98019
83232
92184
31623
93974
10943
80591
67400
64545
47313
69950
53474
95010
34395
2207
77060
56637
50511
2444
13763
45032
71032
3238
89224
52844
61929
44434
72349
16648
89203
44331
21793
67280
81185
10688
6969
61310
68836
53480
15578
74168
59395
28413
19922
50611
77258
60423
2693
99516
77016
49414
22126
96157
84139
19273
36092
98673
66575
3236
47781
95907
42737
76723
13225
46537
4879
59745
29957
58527
79419
42593
25264
47149
85242
40251
33350
1554
14262
64695
78862
43368
35221
25505
62801
1883
74281
5803
77806
91219
12556
37649
35551
42831
37734
78061
75244
64547
59276
23739
6489
30154
97300
11987
52587
67839
27580
10582
13907
88471
7552
26710
12800
9706
90363
60303
74509
75058
44330
16122
53428
12088
16292
53168
47415
58484
89201
82383
91837
35559
17260
78836
76841
93914
5842
32009
2775
81969
82720
29506
77853
15690
74813
21735
73345
2150
46056
75889
36816
33595
3403
60439
12894
1390
53166
33660
37798
25708
4239
27684
88271
69550
61787
53869
43538
25233
94538
20080
99437
69150
57158
34108
35896
17890
40140
24438
68209
78973
68599
58124
46268
34220
7287
7314
71175
59621
86767
68621
4633
71316
30750
34902
76848
74443
65009
14572
26185
7622
26236
93686
15268
5386
42788
39336
55310
89238
62027
53623
28422
84731
37822
12002
13408
34758
20274
59437
50917
69829
33137
86081
23910
24230
67545
19861
88726
70686
87959
97109
99926
29553
48993
86621
49653
77784
67678
61579
58714
26856
29493
56794
48081
32201
62614
54807
38128
37554
69272
51710
17972
31301
39819
49484
84429
96948
24537
76402
76336
64508
77126
41427
51325
34117
37072
61169
33401
60697
89953
1643
59206
33193
16526
39585
6012
61873
67556
27027
31009
77951
13014
8685
50419
95429
13779
80952
2643
36258
99784
14505
7654
98127
20706
13207
75708
66362
73136
97495
29458
53758
50567
92815
54235
77784
11876
82197
72583
83806
29291
93166
60736
64489
31327
35096
4518
23766
85270
91350
67734
69849
83402
71054
88386
83743
89299
51619
23635
1900
82267
7583
58085
89266
82735
62791
44967
49241
93604
59655
26456
43945
86729
5685
21309
48406
49954
82138
73929
19782
23600
65059
86589
60882
40765
12934
462
82005
26035
68506
50545
10343
53435
44655
35015
45422
65335
65360
8336
5408
69659
28234
46917
25077
89980
85854
44946
8507
52227
52663
21537
50175
4793
73000
27501
93783
77857
20063
41978
73004
84666
36465
63769
41545
89512
39906
68127
63199
48101
99217
57462
10051
31884
96847
22550
25246
75843
21007
56017
90498
94437
97694
35181
3684
25903
2689
15234
19254
89714
13015
65255
97248
40622
72090
84910
3013
51746
97208
74457
10122
38124
16039
75401
88388
14182
49578
84241
48134
21171
88787
43574
6277
16270
99227
59147
70191
9424
24517
96288
11391
78022
1586
66555
59914
62020
18752
67706
49851
94557
13017
67533
83417
85645
36996
39609
31123
80476
9209
49765
13124
49975
46945
19316
1719
45735
66348
50140
11088
49175
1935
36131
42539
9957
36718
5012
14692
31721
21969
67868
3002
44414
19267
39045
51846
27535
22827
4056
44499
82096
95660
80047
71350
4692
55558
20462
45808
75267
85126
99117
15480
19109
19595
79109
80170
21865
65293
22521
72253
63366
60818
66246
99272
57973
63605
66362
49126
92154
14618
26415
78677
29210
64963
79894
96946
29229
41288
27632
2703
48873
38617
94413
72853
93798
11855
5639
86554
40339
94153
15682
87449
9868
27884
90580
83545
60495
82064
98611
89869
62978
22500
41529
61955
13936
5331
25601
93793
54547
41948
92311
92638
56324
82145
38204
15340
25227
33365
77178
58
17874
21864
64937
61429
41859
29283
26850
60524
74334
99299
23166
92967
42543
65905
98264
97353
6539
60828
37969
14785
26132
73304
68865
17399
19572
43119
12696
75157
63317
32348
96120
95101
49850
28703
84008
25492
61386
33437
82056
93018
26447
49453
35364
70372
48942
11322
5019
60500
5894
82167
45838
2475
40741
92220
72631
44062
95203
97158
88980
22894
86286
74819
697
18269
81048
21616
30318
74987
4367
37982
75132
34091
69778
71035
45431
89058
10826
82648
46621
146
1382
75232
8456
83764
23438
71833
24930
16769
87004
88105
79122
91000
31157
63651
11239
33730
64129
39866
29050
90201
67636
63195
30530
96017
46838
55701
20825
91359
13928
15949
48392
13286
24784
99620
78532
9714
91252
45317
15983
21908
49981
75703
12881
83814
45286
69861
16348
5455
52198
1545
80020
88303
76631
90826
43642
29576
16991
3671
72595
92811
82434
37522
50753
73077
26427
