71924
28821
94009
44942
35550
14345
63918
89825
18898
36126
35867
12784
13982
68949
74908
76829
22958
52975
75820
35150
25244
24724
92250
29027
62454
51690
37410
12989
75470
80743
82691
93263
14552
91394
35585
7966
2591
45732
25217
16432
85216
42140
57711
25097
53449
17961
85970
23173
27255
13198
43448
96250
40220
6079
90425
5065
9066
16563
54709
30190
26988
26153
70631
74116
36868
81004
79738
29252
65695
26883
95260
82509
90114
71259
15528
66736
79264
34403
49705
44717
90751
21846
58698
17339
95077
86008
57113
69270
44304
11063
95596
80725
81744
26495
36856
34161
87111
5723
28854
27572
65074
41759
96568
1845
70207
64837
7057
95641
52069
5456
94375
11529
42255
98978
89181
45920
26115
86559
9198
93460
78314
74918
14780
17269
29276
84243
10656
65072
27693
88089
54235
37881
5592
69460
77630
20589
63928
15498
23820
30232
1431
34870
75321
45801
34590
33936
23940
9197
72000
19230
93571
17937
51262
67421
76414
20037
81321
30488
55141
8771
9053
22805
71238
30505
80417
15946
63024
90286
39748
16395
61123
54705
10898
17219
40460
99541
54764
15424
12594
78934
54760
59924
27705
78544
78290
52307
6969
7083
59572
23070
72246
59565
45836
53024
81153
59012
57505
31752
27817
81529
92314
77216
37666
90332
74487
10214
62292
64166
64622
63901
34711
81247
12019
44463
95871
67426
58574
86137
83631
7112
19396
90467
2102
89387
63313
98887
74775
70032
17140
39958
98083
83758
84330
91526
26154
14855
60886
8116
38855
71629
9088
31807
94285
96383
42874
10007
30077
75908
35057
46213
45876
4188
71160
87839
52934
28033
25262
26924
84020
31249
94198
80513
83567
84584
73405
6885
84254
53787
2689
72552
61906
62122
57336
74856
60201
50131
80896
42155
3653
36803
6852
33247
12955
43870
66833
93194
77783
8812
53718
86296
53649
2506
46931
30574
10820
61648
8610
47422
92197
89187
169
92836
2628
78171
94794
5321
24102
41723
22507
90223
20667
79450
16492
54938
25001
54566
4838
37442
13813
47856
43514
42953
54759
39410
48465
20242
14170
2179
28990
67553
65168
58058
51724
21547
14477
16028
82480
5356
67699
15135
88391
14670
12286
72441
2213
40819
4136
49006
33622
66880
16215
18313
25223
45418
58657
98297
92217
34753
96513
70541
35024
25162
22320
9148
68810
56002
72423
23238
88504
36670
87862
86609
81287
69419
23658
47538
73466
70578
12079
59694
24917
64464
74469
81573
15919
44706
58924
39624
46885
2522
44759
13998
26391
67351
56219
22992
66812
5607
1576
90851
75163
47694
36523
59854
18847
11899
2332
40039
64517
84042
44750
88938
22157
25980
61137
95081
92564
81997
92599
38707
87420
81246
73909
30776
48944
50771
44114
66954
52921
2794
42669
25950
51898
86672
86013
84251
49046
83853
42291
19263
33238
8399
48840
53568
22009
68674
29217
41220
34930
30251
91403
57032
33301
13001
93826
85501
96941
30087
93649
64048
81845
96953
54450
33313
1028
74680
93966
2718
25632
21470
48656
29051
76576
99034
24192
86718
93159
54207
36033
29042
12466
58791
26001
45849
5898
94427
91032
60281
83846
88731
62605
55173
83553
75503
80246
75328
64402
99045
30794
36521
6788
2008
61764
82263
36809
30940
3917
81526
48963
75418
12456
57149
52402
84345
73368
82416
11542
2620
38863
13737
37778
44857
32980
24308
98549
33811
46356
56128
87486
32800
23060
98305
18762
47109
72392
63680
54605
38167
81904
48927
21697
15382
45749
93345
37473
81677
48764
54575
61935
37283
52058
7902
16247
76855
12072
58959
3362
49890
84517
59331
77490
91806
57435
67509
87616
85528
6413
12787
82366
93491
39637
92487
17973
28441
80487
30527
50373
42695
38321
273
40351
70025
92886
89645
39583
51115
697
60820
45090
66672
98125
78583
79689
49929
78442
81308
29568
56683
8747
68833
74151
29395
61655
83300
12907
89481
52970
46787
42416
31626
891
68052
55856
78204
65326
48207
35847
45589
97696
26007
56177
27031
7138
83800
50661
30616
36667
97848
82243
26220
80258
17943
79338
92681
44483
61324
57011
53611
20521
43418
31822
99048
57635
64973
58234
40003
83066
8307
84902
29845
39931
74813
22616
76850
66329
83258
86997
67907
60574
35314
44430
27610
77344
64508
13304
78962
62014
89669
63822
41786
38513
33285
74810
11452
29096
28767
78934
25140
79452
81809
84959
61124
52542
57895
36733
23385
7666
5602
19894
51236
51042
73387
36494
77755
45983
88498
9150
58292
80948
91094
65196
52843
59846
71881
55693
49610
87177
36068
87243
37458
87908
68573
54864
18946
16482
38904
1347
12500
61182
57119
1200
7237
62001
95068
89483
15055
70701
77410
32998
36176
3588
68256
76719
42619
25774
86274
96026
14655
67565
9186
60245
86160
79322
62974
50987
52268
5326
74362
97821
25265
46103
84519
84804
94369
24042
62235
53798
67690
91369
44620
61914
64058
21487
28989
220
32457
6515
48361
13440
8667
99519
67956
44787
53561
78400
82148
45453
8703
5912
41262
29865
27504
30111
29086
11264
1523
78316
16297
4571
62540
48477
73095
8266
22094
65417
24260
42659
74614
80551
21468
52423
43918
267
25759
11971
57641
58605
64549
29562
14470
89915
54199
63831
76060
3490
26768
75346
75391
81051
52690
5224
68873
23536
15577
27636
13104
34682
4734
35075
60855
51685
15711
10605
7599
61254
63547
64679
9254
23841
80369
82224
411
98924
51852
27736
84843
54856
50589
16789
4925
35038
75127
88493
40004
1660
77259
95733
24797
75745
75689
22159
25402
96993
45555
48457
7983
93996
13199
96145
86270
91869
37757
93352
66227
91236
81622
72118
11515
73659
86298
26997
55060
26290
18829
97452
94720
12442
37953
37149
83264
33595
16134
91354
21883
23916
98079
9792
87505
68839
90238
1530
36851
36758
2686
12486
31058
355
98387
528
51553
50187
74621
25778
52784
90977
45218
84198
567
86867
22198
39930
72219
52974
21680
12152
50702
15920
4559
27687
8165
43202
34235
47057
16672
61483
20413
69725
71659
91134
27059
46290
73605
5661
88482
85058
12767
46944
87825
50484
84164
95196
23186
35457
74174
13321
92759
59849
19653
80322
11674
70283
32823
11031
31875
47910
8770
72376
73414
73227
40378
32403
34464
79011
61674
85960
36758
34954
63192
6988
79504
52937
2523
8500
26238
84391
9932
43095
1147
29194
13923
6441
84652
73110
21987
95342
45852
15681
87401
26775
72489
41940
84702
44504
64277
22507
47262
73097
44011
51267
43384
93806
36946
53528
2234
55352
80225
21177
54339
46321
30945
76026
88991
80535
57745
65809
42083
4287
3816
91052
47123
16134
19958
20319
600
66810
7272
1529
7655
60697
35925
93034
29972
21849
53494
95965
92776
54731
60901
70219
2306
38581
7163
20751
76396
62797
19239
55101
74965
21876
40714
92238
10440
52972
70106
97751
87580
53408
40226
37237
94849
80633
5791
5422
89939
73073
11821
98275
94398
33959
25723
76095
62122
19021
3300
83200
25674
97643
18702
31783
77103
86958
95378
77550
83484
51194
20538
77115
32660
87655
43497
5991
82479
83225
84817
87450
70966
18433
76247
21064
21762
42079
4600
98612
90499
8714
78823
38919
39357
37450
20609
58915
19956
22965
834
39413
59518
46848
13265
17152
97748
10759
94548
97183
51044
43818
7630
24161
91300
30895
96126
12529
36766
86625
19398
11943
15866
92838
74824
90317
8807
97580
32788
77837
34314
19064
82667
31928
87885
82597
59925
36626
47505
48421
7748
83214
75156
38718
75639
76781
61539
80162
45561
71291
92071
91288
97422
54668
31034
18741
89214
1601
11870
16529
30780
83522
94766
77166
91172
224
24441
55009
17782
67357
35323
17779
99545
18758
55680
30803
16640
22862
46553
82579
2139
32508
6564
32107
60555
2911
55807
61490
67446
43465
72324
8937
15438
80050
63262
31898
90411
82021
48762
27412
53309
53534
96904
45329
21301
47145
48586
25290
85158
78957
27617
72865
79502
55604
53609
38241
28633
14008
58840
86317
88565
10845
93558
46023
86658
69714
74967
39772
80659
99921
58060
3171
30653
20000
48634
38246
88989
45187
1695
14446
95175
57794
65035
77817
87091
51878
79154
37779
57438
40444
50069
3758
91546
11648
64302
8926
72915
35470
21251
1745
37550
32377
56077
60531
94678
25592
76770
93753
29912
46004
46798
20729
86234
33173
89014
73021
51342
36845
27024
59544
22137
65684
33103
28872
68514
17223
73429
60047
98400
34287
78337
97527
2910
51360
45541
96416
88639
72999
88222
6777
57497
75448
50880
60716
30826
71109
42747
82127
13477
36089
51449
99467
34944
56317
72077
89569
99350
5865
63242
77300
26727
9112
40322
95309
60074
82423
66299
49568
32770
71533
10169
62131
89750
86563
86555
11411
94452
33787
50822
47981
66582
46527
59203
89530
46803
27429
23228
46009
49729
90513
96611
36290
79583
40803
53543
50261
95209
5866
83561
41981
56476
6927
24920
14369
86647
4598
97759
58339
4793
9231
19859
94177
24664
30944
2875
78024
93436
495
17688
14798
76410
36480
71331
41689
49053
39046
56584
83628
15409
9223
56954
83549
78487
40727
28250
8599
58731
81211
80403
19783
42747
35492
8876
49837
27719
45119
60539
14925
29749
44614
44333
78509
79000
70100
99460
10371
5767
41627
95284
38223
18542
54822
68239
6837
51698
15937
48624
89687
80613
35761
20316
64979
96272
92878
5334
16091
24794
15504
56519
51356
23807
1375
77336
58077
87622
92083
9440
1493
13627
33263
76534
22707
38069
75043
97942
20011
40273
90799
30210
42324
81510
1372
60892
55711
51968
97953
99214
96892
27034
52443
17713
19007
66695
15153
3218
63761
24662
51397
54412
93475
17232
9640
85286
12071
14089
15315
68898
22873
34416
87412
14614
26775
91826
69235
73757
74654
56381
5392
39225
78309
30895
41526
17891
39499
4058
1151
40476
17681
21788
68070
59363
40265
14004
9006
45299
41470
65064
45149
48242
47346
9510
27220
41060
2218
45502
57960
67087
6590
6811
77997
20944
540
95056
35953
81445
69372
86071
51921
24348
33962
15482
80578
26583
51672
60205
82466
12190
79555
89446
25702
25681
93129
3546
94819
71644
88038
8154
48295
55482
72863
94440
16066
67974
70985
52887
75267
37839
45065
96490
32980
38300
25042
31963
48617
91481
9361
16258
4352
62826
12034
53968
79972
29802
64630
53975
26722
96507
28227
57895
39361
56118
69929
39940
44336
68362
36057
12389
34879
43449
20193
54071
67974
3172
40026
15415
50362
14436
27726
93982
48419
64750
43808
12031
48780
1792
11188
39424
98490
68479
88896
8524
78085
64967
9999
21661
40326
6923
35945
15781
99479
41894
96981
11727
98380
15893
73349
14696
46702
19573
16151
87112
59219
18015
31650
6185
78248
17191
64136
99302
26504
46343
94384
53923
51798
90910
73176
59532
76931
28910
55796
28235
55599
63326
66429
83288
19360
77866
92179
89570
43945
71643
53492
49299
60393
12384
54793
53553
8612
22028
32132
24154
87279
14145
12217
13337
8687
99263
68853
67756
462
28368
75496
8149
39454
91426
66305
66180
74476
11550
83219
76420
47313
23770
45993
18785
98790
28833
54198
19197
16999
5805
73253
99762
96083
66249
72447
77559
33535
94073
20259
61194
81866
96881
76640
84133
20764
42349
33648
27157
99732
2796
11339
34856
54013
56863
2782
71199
23946
90489
1114
89246
11867
22018
38492
21065
50494
86579
38143
31100
14915
49820
76299
67695
5009
79471
94865
66673
93984
71666
67300
90277
12375
69014
74933
20819
25081
13941
35366
25537
6069
49478
59409
75051
2801
87441
11811
79905
23250
64697
99051
97709
7224
99690
94339
81625
88108
24740
91016
10231
52853
26227
31850
63418
79890
76643
9103
21175
47405
69018
24200
69800
34240
56142
43208
98286
30228
69226
83415
97140
51568
79315
64053
61259
29498
4857
53888
1466
67132
19961
49529
96042
21260
41089
82455
97955
70162
1008
1001
99188
17032
93483
33313
58475
1142
12129
69700
60846
72841
39931
89922
58326
81358
44556
33304
33837
52578
37930
25125
60020
19710
31062
61208
17139
20406
6845
47877
81701
39245
88750
82699
2077
80806
2376
75537
60037
96639
44734
37525
94889
49193
53657
51878
23098
47128
12271
23179
63390
94578
26902
32166
43526
53530
37398
72792
43139
5860
92313
24540
87983
32780
53707
15087
92377
29246
46796
46119
65545
7161
12961
89878
83762
29050
12100
23565
38543
74757
21465
87847
25464
8493
94895
27263
5690
58648
86786
86404
43121
38347
13859
76946
43443
35288
44381
77812
11327
60077
81911
2435
39407
51059
37919
95968
91998
56671
5553
32788
68393
29606
45850
10276
50874
15467
34065
40806
56781
2103
5961
48799
84093
47758
64509
24915
56902
69724
70788
15932
37714
81209
33282
80199
23781
44605
52256
11429
62533
58882
8767
73921
30247
20258
69178
83064
4577
98531
91964
43921
88232
90156
47387
4480
35400
2288
86130
22255
73502
86279
95712
88994
52137
29824
34486
65656
53734
74706
22369
6092
88937
15061
30577
79369
45927
47651
19059
12610
57191
30072
94303
69168
73462
11176
60789
83987
9366
77951
39846
12795
6543
38676
89092
6469
43682
8908
48295
57883
66138
28227
49096
71390
69405
35322
62142
70598
60749
44925
11527
28215
97915
32362
23968
33174
18776
9808
66344
22235
74559
29148
85898
73930
57623
98055
98702
30521
5040
7819
81880
28865
79130
31572
52738
54504
48112
11170
84563
13293
18258
34967
13233
63621
25059
15930
56441
56151
36130
93663
56071
50746
86214
90820
48004
80965
28432
6974
19053
11369
19299
37250
69108
88336
30515
17269
52052
15194
49384
9930
39432
69629
24315
67946
99386
18102
99314
40111
73798
35197
77871
49041
33234
51864
83118
12079
70972
20688
83371
39405
67626
12504
32006
59969
35697
12306
73006
97108
80712
87987
82330
58714
84250
15830
77173
90160
72295
47984
99839
22279
15862
3461
65430
75363
68769
46852
73876
4834
12334
11730
97002
6514
20594
99259
78757
30129
39180
86787
13746
35310
15619
89055
29504
3880
33584
45728
92363
75365
73748
11202
47803
96045
54135
67183
30934
15021
15198
33225
70965
12183
9337
89923
56099
77023
79026
22488
29645
47901
2667
40838
12332
12297
99373
64627
53795
87127
22271
20964
7076
76084
165
53866
80681
77133
76083
71704
95253
86996
1661
8119
7689
85089
85685
7466
23171
48749
25512
52418
69286
62654
7993
14227
33264
61879
81080
71579
7800
95988
74855
81490
12411
18452
56651
84079
36287
66665
84829
88517
361
58131
97418
38955
40525
85003
37380
78525
15142
7578
97494
54512
10744
67263
26796
62232
95029
95038
77113
32986
95159
5301
76097
5118
59111
71678
19762
67969
8390
87107
16173
85202
91241
82265
53225
50808
55406
28986
3565
29274
39182
40216
69594
31182
56192
17393
56251
97486
33649
22246
27906
1655
44018
75719
48474
87645
84662
29898
8110
18779
30909
7114
64381
19858
7534
98924
95499
53342
173
23053
54233
50328
21942
12180
14990
15794
98220
30364
61252
2537
12676
22214
18272
52003
90231
34940
87194
57670
1997
43550
92756
52826
2617
56723
43666
30787
60180
8783
29172
49141
32645
30097
29928
6376
23626
83820
16741
15761
39311
17176
95027
63884
19971
58242
74707
57626
47480
90702
50420
15673
27739
9769
66098
43694
35431
9755
96666
73285
94954
1985
32961
55156
66173
62873
59573
12062
74328
52609
47835
73253
86419
12937
91805
53531
417
46363
56128
20766
8755
45758
9026
22791
2860
35584
92342
90260
42806
92209
5551
53573
90733
61682
39588
11831
96450
16511
52406
79080
79505
59907
5652
51254
35772
35007
62213
33412
31491
40565
71291
1529
92798
65414
56931
85721
69701
24260
57588
93189
78757
64766
9971
1934
17165
57878
89258
62306
80683
93410
48771
33692
88118
94534
40851
89291
28562
20285
30534
423
39330
73112
87928
2163
21614
69650
11174
58684
54354
19521
18684
5242
33625
34598
35376
79262
47089
37996
55351
7366
95695
93339
10141
30747
75793
18617
23670
46895
21816
78733
483
10185
86974
96878
46403
6189
48605
17337
86862
17609
21407
81337
63865
49708
29002
44771
70034
99894
35898
72519
23828
29816
68681
61418
98070
83907
47413
53145
90017
97524
841
94021
80764
31619
93458
22579
84576
67475
48817
88150
39944
86263
21241
94505
67712
14289
90326
59862
43072
12651
49188
16433
22429
10409
31602
89216
70200
98763
92206
95304
61307
58051
19958
61714
79156
3007
83254
3378
16145
43858
81016
45108
34617
75819
12983
83061
36106
33433
21535
94983
95323
2945
7049
97279
26656
20351
95245
13413
14424
27412
88461
18932
92754
53015
57605
13900
31617
50984
65805
74489
55899
23382
91688
82317
432
79728
26490
2671
56559
72185
80816
80636
44756
91619
89727
15250
30283
83890
48014
84621
25384
69544
50158
88866
72698
7044
29398
65967
10850
32281
30092
91062
66379
54674
29059
5905
65639
80654
59820
39303
12814
24933
87466
89992
68408
51906
15177
21583
58622
28297
87011
45752
98251
54666
38419
26696
50962
83583
68537
25931
53195
19162
93357
75792
31082
71795
42825
40175
26525
89709
3160
41524
51519
14392
58899
12175
22169
65147
36848
4462
23758
56322
40377
7508
81401
87475
36852
88377
20380
50774
39895
26769
56396
24582
50848
87966
63926
33157
36907
53382
52873
81141
56643
6759
44656
64115
88904
29749
30721
37809
22461
5248
85173
1618
59037
81301
75250
17412
6016
68350
97065
80856
28868
64193
72568
81994
81260
56508
6173
85682
49290
57496
35107
20177
95448
42132
74627
84427
59938
25070
78877
76567
58931
19585
70534
59487
33655
35194
16396
30768
4806
62368
35096
89269
85458
57666
85146
7651
25430
74561
60813
1979
71095
17493
94151
89200
68475
97018
92177
18536
17858
56987
21362
23874
38676
78496
52886
45186
87582
77112
86145
19400
64420
38280
26497
44753
88225
94919
99943
44884
27139
10776
53913
50768
23058
52579
47477
56229
91752
27522
61866
73669
63154
81940
77842
96415
49454
26271
1475
74956
51206
63844
76875
282
32403
92447
75718
58638
47467
91999
28133
79456
88438
71019
56432
63630
480
41447
26764
13658
79061
81149
74153
46033
2742
73196
56721
75124
50384
99705
6671
27291
93408
60573
22085
7952
32034
42658
91966
3983
91052
44242
10051
91898
82984
34142
64394
44684
22257
72611
43156
33287
29510
54618
53497
17516
67963
96328
9385
85604
83955
79125
46177
5032
7761
87115
12558
74885
95433
86307
18387
95638
3187
34694
2322
32197
26982
23481
60550
33661
9089
44593
48739
57629
1458
92683
26757
25977
33435
71243
99824
11514
16844
76225
24249
40916
96403
21388
33525
46287
89931
53218
39663
44013
78178
84080
2117
27297
44628
9173
97209
17298
82973
45226
91219
53813
78870
70590
21935
14314
37556
13900
29978
6538
20144
37763
41259
97168
92203
45771
37686
66076
4896
73737
96492
69593
88818
83936
73806
61378
84663
95562
43314
16706
22761
96161
61126
36755
5794
2304
10013
410
94378
84898
87681
8620
92025
55056
34431
16560
44299
59098
46303
95720
82714
72193
75528
90270
73123
84850
84023
77084
66738
73307
73318
81807
34209
32547
76586
33611
131
2415
57079
94746
74750
35722
5038
95877
47908
39336
93881
99664
19931
37233
89332
63130
20718
28374
89542
45055
74974
1874
59176
6780
98445
51019
91042
72419
57471
59678
83419
27096
35430
17092
33070
16066
36430
26347
88174
14159
8080
82731
67774
48932
43493
23709
74412
21666
58582
69141
83708
13090
38455
17400
91863
18373
31579
45465
30343
29230
66930
92821
99640
7650
26840
43636
97587
50796
48661
90456
44095
87665
82253
5460
51648
52371
45508
13275
78548
61474
5243
19480
59761
39241
84790
65484
91925
49527
14999
1098
10756
48557
53301
98517
80300
19673
36159
49945
84155
29527
93284
9726
20335
4352
53167
88069
1424
70347
57451
15290
60974
19933
38646
44196
19003
56355
87746
52510
65740
1941
95397
64281
433
90419
53064
19349
26323
20597
27644
42910
3241
55560
11980
9256
65008
7564
50957
50392
26187
4984
10563
79660
44371
68023
57283
52669
22409
19075
97822
30073
42067
51013
35975
80203
70629
81570
42530
2297
89190
89268
14189
11401
74679
56352
44850
28244
87790
69905
87062
64464
21472
94857
23151
75419
35168
38021
56316
43734
52258
99186
41902
36332
14573
5917
84727
75749
81948
11287
23652
62792
14743
37583
53066
91077
71778
41645
69653
21034
70295
15113
73726
15749
81813
1895
25155
67198
96566
45122
74823
10249
67152
20865
37683
36884
55554
51584
90275
13099
28634
78462
37907
99734
43668
18461
83204
27422
46122
78954
46368
77304
3369
9347
67400
2347
68819
47318
66142
37747
29593
13742
2090
62240
38774
92071
46779
11087
12551
60044
47248
34253
2846
93105
21935
34708
32478
10684
20332
56836
1832
37634
69007
14767
35688
23447
70382
93599
4975
9535
20430
16024
80318
63463
30164
52468
72604
82934
34419
42465
44470
37643
4575
46516
48306
96155
89292
7207
5284
88548
96564
62991
25192
23280
9424
32002
14057
22440
23594
47076
69792
91513
99955
5872
69505
29344
30586
44381
6551
69964
24204
72631
61335
25320
89206
89092
95935
74555
12057
86134
14747
57743
11475
82841
66934
31258
18942
11467
33105
98650
4947
60066
84176
92579
65995
68172
45380
11138
95843
91904
6201
24798
96527
14248
96718
63041
86952
89410
20986
55604
98817
33457
9544
40064
66046
47643
49692
12497
9464
59278
33817
81588
30517
43541
69115
41046
35599
826
50263
26919
65921
37773
30319
93996
97890
42050
62889
64254
35737
59676
63588
19314
35301
18143
49267
98441
86227
89025
92327
37035
69523
20185
22984
38544
46648
53772
56771
30045
79965
57000
69703
91567
54868
20764
13020
62333
88716
49654
11517
44650
815
21185
5297
92550
96846
5410
27765
17176
636
52882
43417
33372
32453
72706
49816
19616
94298
65765
96533
66468
97073
23721
27124
54023
49450
97473
16021
74934
53423
67295
76730
44906
74156
88078
96672
93821
737
66624
57408
76158
98033
99884
21180
30465
74251
32078
41001
77134
22831
61177
3180
19071
52438
5820
812
22892
19659
33053
76361
14291
2086
42779
78907
46055
45544
4347
91422
28597
72688
46359
91187
21166
61237
89955
84948
73134
59626
8562
91379
20811
26759
10983
55150
41850
8003
46579
24196
87590
6931
6578
5596
93782
17587
54959
9668
8743
56596
88845
56103
32906
22834
52546
74769
70520
11979
52379
72964
49164
1880
92962
48995
56482
91818
61063
85529
10223
87232
37281
45120
39945
27759
49536
74067
62415
60322
21672
13834
5758
38471
60175
69835
13131
90705
88584
48522
70219
80695
51935
89873
78762
38831
66055
17401
96426
65910
29925
14310
31071
27250
79379
61542
5653
2315
95164
62742
635
15409
8647
17675
66457
16807
65683
16374
19705
84331
80329
26066
80815
84467
51775
52641
18140
94312
44807
13759
68689
68417
1711
83343
35271
5084
23050
13073
62669
12657
40260
94182
78657
38370
56869
50500
49885
77721
20998
31570
4391
38040
59515
15883
73683
22618
94987
40306
6533
31284
91131
27686
93272
3971
66145
89878
5832
39464
73409
40230
25347
35680
442
38839
20219
82189
3004
99989
58787
74145
49922
29012
63297
85918
42119
28594
42822
24738
13961
35473
5865
89177
1588
78869
21753
1709
48080
40980
72959
37887
39875
40777
76725
98431
99788
95753
23167
42714
50448
84591
90312
28926
66105
19009
89744
67568
5116
46825
54534
12845
13100
44984
41799
40036
52458
32595
30920
6677
53700
97493
20996
93488
82612
80797
12687
5703
35281
376
45826
25737
41999
5131
10055
49440
37830
24297
42565
15180
32747
7516
35275
60421
18669
26524
97204
58815
9043
80201
33390
57261
65606
33425
70239
71303
89429
59550
54871
78144
89581
33132
73989
83534
5461
62628
39976
84113
78914
21984
76710
12696
82564
85875
8125
52517
16714
95639
42730
1162
30499
10063
71142
52423
94374
40246
73011
14260
78562
47537
34951
24506
47361
93924
55681
97496
86231
6617
94208
22702
80864
19070
44182
37499
12367
34120
74446
78825
81159
8135
97123
65000
67116
59785
58289
53784
22713
95082
29335
93810
68362
66895
63827
30314
1174
79937
50546
91950
56826
86509
44740
96108
45622
30568
5332
98514
34247
20062
6870
46700
77924
9729
87611
87692
85646
54939
22714
34982
18490
98031
46910
11018
30963
74822
66468
36528
59964
83812
80832
3416
20567
81907
96690
49101
62561
71629
94304
79688
7608
35701
77799
15623
24157
69430
51710
28534
47680
24983
69261
11593
41783
64673
76534
23801
78840
38881
7154
97557
763
48699
35088
56177
66802
52753
83215
23640
29314
32588
31482
82875
85812
60947
34659
77707
92568
20308
60872
44412
63291
12927
99906
15262
81544
73695
99651
60530
47829
35095
48571
1125
95340
62546
85939
27280
95315
41154
81345
68377
86478
68079
34582
27758
34415
6945
46851
25334
57768
35865
22743
27037
80096
48580
91431
21672
46512
24397
53750
56609
13677
89359
60025
68188
95908
26934
9814
66524
92104
86827
30647
99407
60958
77248
62298
56450
88294
7686
6511
70949
80499
39561
93131
61062
97799
37876
53593
39978
59127
34284
38990
46652
35645
53883
79829
39567
35807
13340
34369
79549
48651
17100
23811
6643
53569
78636
77815
64448
53273
11696
32624
33769
15944
84348
29279
92097
93273
92078
22380
84355
46321
53342
80851
26425
95297
4772
47709
15542
87992
22670
65915
20793
45072
34797
42512
50492
38657
48567
8146
85676
23523
50310
57929
17925
7436
65924
21297
51704
33708
30539
39774
33618
40304
89497
30403
79212
17513
78551
17965
86609
8580
79367
96784
40771
19939
27987
79897
33260
48974
87402
29026
70086
8958
54683
94715
58445
58477
41981
56321
30217
21651
36251
17785
2019
15533
31216
83936
3067
9470
57687
97178
59282
3659
89368
75701
5994
63362
49160
43508
65963
84968
32868
46379
72997
84618
96548
40271
60113
55994
43624
64440
73047
74123
4943
72912
56964
30021
28523
159
21760
5334
27452
14300
51483
93012
39375
30574
52533
67605
79671
70339
93420
47545
92440
42854
75685
46319
81249
99130
99758
96981
24902
37501
85764
91317
22170
1401
1235
36046
6067
78518
99811
97047
15913
27168
53908
70571
30424
19161
66782
2235
40666
20208
2794
81702
38437
52947
78675
56022
39655
57771
16758
21154
76605
76252
27960
36896
78163
13671
67074
94463
92564
35291
76860
93026
39634
77905
71583
94102
59358
31914
24387
99902
28331
76819
62883
64159
28501
68253
9630
18617
88026
2779
29987
55625
98800
97788
48616
48941
43016
3265
62856
82606
76279
45188
34775
17387
88860
8090
70752
55879
96773
49222
78885
77349
48205
50425
54892
66709
17284
68809
8625
99986
75615
60005
31825
41876
8369
13423
75935
57246
95210
2662
8913
64415
46559
89580
73843
22749
78393
63529
10618
42254
13864
15250
89249
43104
25810
99640
67952
32662
98019
23478
99989
77546
8510
280
20506
61741
77103
47019
26015
4596
63833
89583
22579
37785
58626
14266
43349
61850
75381
29268
51605
48188
91281
2402
27959
14076
39712
21111
57480
88173
78148
90533
59563
32969
65556
72579
81963
71865
41122
18924
78987
70539
24590
50639
63631
54738
5271
60951
32801
99993
91274
82835
1032
60101
34983
79472
76285
78164
62895
96356
62207
18423
32799
40805
82134
4152
56257
94986
87157
76944
45037
12332
21752
53010
73886
13718
79766
18357
55625
84409
90039
47691
64209
49109
69071
3018
71747
75782
690
57008
61574
54022
60568
18501
58299
72463
89132
18204
36311
37050
88453
37231
22120
60810
80219
67384
87362
55616
15223
55810
51229
67875
11548
22097
75312
51337
75080
66643
26773
55926
74617
66858
82013
38731
36939
12982
15253
54076
70634
6431
27399
91130
57949
33503
4790
26697
70553
17568
51983
93463
42008
24613
47797
80915
3600
38077
41774
94153
46470
84536
3987
72765
49672
39377
77330
62675
65199
99535
82683
61293
75212
12477
496
69575
41187
60225
74123
18657
34416
57509
86037
73185
30569
70853
11532
882
31961
45384
84069
96884
24980
23094
7091
40658
99567
93761
48452
16054
35925
64944
29876
46270
12795
34436
47919
66387
27191
16007
58222
24064
76882
38859
63242
9562
67610
20260
29503
46613
69450
79123
2719
23382
82252
75515
98211
35878
15988
43838
63751
93527
24000
97975
18520
20655
69726
86731
97590
74907
81143
12871
47398
53243
3670
31839
13588
13389
46674
96647
46407
6698
91013
71742
95772
57226
85294
82420
56461
71981
82125
36766
24792
20385
12150
61763
86708
30982
71337
29900
13693
70138
96908
18514
45104
80999
74296
16222
13020
35138
45420
86111
39013
54566
24402
9096
11140
41004
25830
87866
30305
54873
47209
90515
1211
97179
66479
86442
57663
43496
64920
61167
53075
94064
6607
62084
92420
30831
88083
55958
34963
3883
23409
86461
5359
58306
61551
53506
52768
91028
58129
22964
22738
35720
77339
27402
30585
688
80924
4486
12556
96472
31268
21849
62103
79586
87441
15435
21484
6187
83932
88547
80490
37331
1575
88270
69646
21505
96928
70111
41095
5555
23368
20915
27500
86975
89778
30303
43851
75352
13155
32224
77347
31838
11806
64628
94645
29653
6052
39114
65444
4614
56710
10091
35728
67218
21180
14625
65131
51905
7295
98204
25476
49785
56398
44146
47142
60463
9177
55101
26523
33119
81744
88071
53261
4777
48568
23986
8206
90763
97062
45726
97145
23073
78073
64712
47950
92171
27558
19983
96023
67668
59383
32884
44650
44577
60194
45836
24501
68348
28684
66019
65734
42985
94729
53521
63317
86748
50957
4815
22869
70581
14816
92681
49446
91521
5994
9159
62789
1319
45312
2429
82829
7387
1845
91567
41980
62358
7616
77923
6632
20132
31352
81665
81129
50422
71267
18168
25498
89585
54175
55915
56526
86408
2301
49140
49313
78027
27524
74952
59658
96574
81816
4106
28987
78931
36563
93464
7260
67020
60302
19762
59062
51371
8309
34709
95720
6305
54456
13739
497
9828
94696
44496
9029
55545
26582
93560
31112
26372
50475
65403
79388
45034
43028
45221
13220
63782
71822
22429
52184
33425
792
18962
39691
95002
56851
23899
74022
26747
13865
59585
78534
87566
19191
30401
13209
34571
21448
50056
59975
96564
86042
87873
97535
35079
13822
70331
54098
52413
19789
43174
90861
63913
61644
97412
77781
22572
75596
67770
78611
17680
66490
59972
97696
24616
71859
61838
26358
39086
21377
43241
96678
30971
12795
2181
11130
10308
73492
85441
45101
97777
99201
60679
68977
51745
41236
78882
10248
54381
72347
50004
80282
80808
385
3312
72750
87060
9089
99040
71280
37643
85653
91659
94179
2593
25978
16136
25995
5213
96797
75728
54747
84255
77682
70811
75333
51058
47334
93481
7841
59200
39776
73578
77575
39060
22048
91313
11106
20080
77748
7342
478
1666
57086
55998
12331
94869
30220
46308
72042
57659
46077
19382
26796
22999
91153
86473
62085
64510
95874
39587
46719
60334
73419
5953
24996
28963
52103
58715
52854
58173
3216
68973
30095
83034
76416
28070
84075
75327
3025
14641
93929
22128
96901
58713
44744
68927
34261
82528
66017
2404
43421
37217
72296
30707
75545
53895
51672
45450
9808
13349
71373
22808
68054
55257
21508
73247
2268
9890
5180
80988
91302
21167
94753
10515
44196
81009
27664
53851
56650
21997
18285
2945
2227
15108
77613
89677
98977
98899
24548
97039
87486
24196
87674
24607
46601
39435
51132
87822
80579
87604
61347
4007
41648
85954
92549
62856
57690
36360
98462
10230
39664
77084
37016
74688
93545
79557
59512
4724
59592
61932
91272
99566
76894
25828
18862
95475
52853
68407
43431
30489
85242
82002
37611
49173
79659
50104
41358
84496
40996
69967
71344
78894
82201
44113
55980
61871
45384
82401
50452
69754
52412
76786
9480
32934
16451
28347
13045
21299
91249
54431
29850
15270
50546
42671
37084
96353
38114
71256
35624
25406
99310
93468
54261
58367
48906
22230
37574
83330
47543
97186
21149
79551
26503
6847
73972
42990
64229
30444
58511
20247
14499
38512
24108
28406
3456
87021
72296
93367
45534
25526
77022
11558
22700
72434
59821
22527
88172
70937
48413
21160
73373
23016
10763
94107
8975
87081
34755
89490
711
55802
88779
6694
26529
29206
20618
6505
28294
15261
72411
63035
58799
9039
58181
70626
44489
73654
13873
67936
1453
79526
40438
58560
48995
29476
13119
62109
77741
17373
43832
85559
48130
6487
63587
32775
95769
35806
87238
4075
58824
56190
48720
42861
74609
16338
2942
36730
9479
95207
74248
79593
52896
18230
32989
66325
19551
4397
41012
9717
89867
86093
61604
26641
32655
30074
82089
4121
43490
68674
94906
3450
61892
57950
35336
32800
27536
94959
82247
9535
97683
98530
28311
32042
29946
28273
77328
83995
31528
44836
72891
7193
59712
98308
27437
71823
75370
66610
62703
33203
9683
78601
86615
13057
62099
69014
15580
52758
86450
52430
42234
86325
85293
7125
5124
81036
80021
26098
17259
70672
34454
78119
81054
91157
65689
42164
7828
79658
8706
67812
87621
45581
73262
31472
20140
25416
23262
12091
7285
19203
38564
24019
67718
94939
2188
54004
54122
19350
57397
82863
87969
76531
8986
97888
50212
37610
60907
76066
27812
13402
77086
12796
30471
95958
17345
75491
56154
94543
92536
53267
19701
44148
30489
37936
71318
45328
33615
54530
21499
54399
89109
67748
98853
60181
69174
15427
28436
14527
54413
749
84342
94141
82403
22851
74178
40528
82907
49783
42350
36088
40331
43804
72096
1730
67305
7249
70691
97688
92206
79187
1053
82638
90658
74967
98462
58392
41912
94153
36395
39110
89126
96570
83980
77237
87428
60447
27442
98752
75693
24481
26109
29596
75965
55689
25441
48102
58440
40144
18870
45752
42391
66418
59067
70752
24985
16958
96678
65070
85460
83612
4787
32976
79772
59814
81139
94201
27540
17360
29796
58801
33559
92332
27932
89769
24735
40066
24811
83069
39840
26907
99638
7490
17950
41140
21939
59695
44431
22943
92934
81800
69694
43131
84016
23315
67133
10947
88715
83395
9038
77257
6557
45730
69934
73915
8721
91433
16452
66800
82975
76015
32523
2136
534
26694
13615
92206
43825
16857
17884
82453
46411
26097
98035
68655
43155
20641
42388
16565
45262
3807
31329
14778
68113
83816
24947
84339
44355
49666
70396
97831
51091
64288
49485
78295
57447
92401
60789
37079
23688
30752
24328
23510
13244
54979
30113
68210
95225
43505
86418
97086
97606
13765
56061
15867
91818
83361
12798
14930
95960
85889
71016
19156
50246
5771
17103
87590
16623
18670
28657
86844
56151
14102
17895
59665
99647
98185
46519
30542
2945
50341
5502
2300
60957
61868
63653
13575
86006
83703
77092
37015
16769
29203
38773
60980
78332
38977
49881
36723
88502
92189
44930
85032
51614
2967
95414
40197
57667
483
4015
74396
27003
41473
44078
9685
22831
98921
20334
17550
23084
97109
42932
41335
57563
98053
76842
20597
48195
65059
19562
44086
52582
88173
9631
3042
99381
40491
59968
15843
35722
12504
2199
37244
12036
55255
92926
93129
96298
39540
36658
27321
28159
94543
12320
56234
44857
96798
53271
99060
80607
64680
66900
26857
50095
50608
64897
74510
95339
93819
44991
44723
36915
66417
64026
74784
16923
74432
20670
81708
82522
49901
96053
61700
27745
35259
58577
85245
65988
29144
97317
67367
78387
35901
64788
76270
56030
98780
74379
80863
42831
94723
26167
85348
63038
86110
16135
35960
95382
93940
37064
61506
54698
90876
22397
77733
18948
80909
48898
76881
89063
7450
63331
6039
26854
20064
54857
3047
10215
94975
31036
81065
82053
42016
25397
58973
32007
24663
43576
73044
42962
72503
18704
63500
96866
40392
23126
30253
10047
97508
87426
77590
83238
51073
42727
64807
73957
54662
1740
79298
2148
69000
72300
27340
65855
1562
40003
46094
40387
37716
5093
14072
53456
25198
52812
72818
27058
79784
92379
173
43147
66089
9534
93798
24289
9201
6220
89927
59866
52289
6307
95573
47225
54245
66490
48693
42530
81812
61063
61773
54329
13577
29676
81427
81490
54773
39528
35508
50166
53509
84170
26216
98113
26472
26315
69552
74946
93945
86128
12306
83550
20722
87536
88819
68104
85700
5684
22903
57217
27978
26335
11202
68167
84660
11298
18625
71740
45862
87755
76302
95721
63795
84381
95129
72459
1181
94525
35760
23173
79861
16857
82865
74752
93245
56324
17120
30420
79836
41074
4920
28395
97766
51116
30438
92746
38501
18772
76900
41246
16212
12024
45749
9085
2630
97173
71161
57422
86691
55073
14133
56644
4947
61753
74988
79954
51207
26369
65325
10823
50443
34948
26427
91530
72620
27646
69089
19336
83413
76549
26477
78905
99894
83654
74857
70029
1991
18481
14764
26603
81252
86584
11127
97075
32060
7758
35730
53106
92005
75250
53471
79682
15897
82961
28174
76741
98202
21941
87219
38556
34637
28846
27206
91799
79684
96557
93897
10648
12857
30512
27698
47108
20431
6774
23706
6627
76178
54146
18419
9083
81617
7665
26774
5167
96755
84906
89262
71193
60546
46497
41487
32826
85281
68045
94393
78647
90608
45435
1177
17690
76627
60274
92248
9620
92022
31732
62558
24118
29333
54218
3744
23484
26219
71180
69057
78264
37138
34704
97877
67969
59972
89867
28633
11646
3786
45501
73675
54300
44845
16577
16613
94204
21152
16472
79741
20564
6571
92146
41066
82032
71261
66870
25164
82887
24851
87270
90340
74911
7398
3282
11476
95802
41194
8598
1672
28336
77070
59874
78790
60506
77119
80918
23522
18551
75398
64793
54678
46964
51850
78760
99392
91201
30413
16622
30780
25524
10475
50068
40720
71131
50626
51675
80715
16570
83004
77449
41065
67010
19002
48203
28025
83331
30890
25124
71140
60114
46267
64164
44022
20715
67005
32089
34785
8857
71584
91053
57794
18641
91789
49823
58214
14489
81043
51148
60737
20741
11687
58206
81663
7724
37529
25071
43259
58553
5454
46236
69759
21042
99858
12667
93918
77457
33300
13127
36927
66811
96537
94955
18977
75260
41154
17513
30886
12001
8114
46395
59564
2506
93592
54906
47676
50122
24851
19751
58321
92781
69099
45479
40701
25793
27724
25412
5802
61741
11230
6064
99725
97954
88822
43347
31839
65063
1837
8931
32348
14745
34766
51639
68338
8334
86218
22197
263
29286
61261
31955
42966
13254
84978
78135
68824
4599
63402
7173
57346
48548
5778
2406
6348
2730
4297
97959
28231
83598
80183
46531
72009
94281
62671
64724
88611
92227
1363
85444
59234
44053
43661
69451
83861
72788
78831
58983
39277
71758
38099
77273
27628
49761
54131
83943
5177
37737
8880
94638
11799
93977
26132
11985
48529
37232
29453
96503
52775
99765
4117
86507
87929
55712
92405
81646
27698
88077
67455
236
92417
94886
99312
48013
89176
48129
44238
89154
4264
43902
75207
22734
5027
89571
56960
66706
71422
74542
70023
79804
73132
34854
32878
69959
13318
17383
23650
2458
24329
81881
7725
78339
82420
75974
93018
5518
35489
66013
37293
72883
89951
10110
68544
7156
471
5109
60903
97615
8415
69152
3976
13113
10117
47933
67521
54526
82662
64735
33476
90274
88071
93506
1299
62502
90219
91465
44757
68600
15994
21538
59897
91826
87414
68088
79099
27836
83363
43943
80434
50779
84667
98408
9613
8632
32135
5379
12236
27149
32972
58215
16423
68316
94732
40603
90169
36293
36952
26862
19739
12767
71140
71624
37664
38312
76478
49466
94008
8178
37425
20914
59288
74675
89477
90033
71795
30650
81030
95505
82337
96012
96387
56897
13576
92159
8295
75451
24691
8886
93912
26795
14850
78558
5336
72813
42237
37432
84735
99080
57977
69159
10316
11304
80878
69500
42190
69589
62100
68635
21787
37273
80402
37307
7484
77235
37498
34972
24342
9822
47759
40301
22730
845
86730
9082
15612
23110
60042
70148
71420
80903
26501
31824
87200
8722
15645
80692
95158
47051
13896
72047
79158
36488
34363
6786
59669
45909
14207
75685
5067
53858
32673
79447
4774
58159
45002
31458
32301
94541
98160
26512
14373
91715
84883
62351
83863
88358
6319
45023
31724
46142
62281
31432
62746
28273
20851
6955
83389
58552
51285
9336
88696
26740
68361
42307
41693
1000
73420
93145
95288
3479
60018
13732
4682
9945
6075
99390
96826
68101
87527
95617
42831
68565
60869
86940
82475
37403
49770
68567
41426
60803
83314
69911
98145
37336
6930
37925
8489
25344
52384
58941
63089
66099
17791
44428
28105
44111
43279
3481
42453
36999
36164
52573
11197
419
10878
79556
3012
8113
78205
76832
73731
12022
71441
82295
59613
64162
27430
89966
79743
47246
84408
84591
94855
62022
34326
48172
26112
50810
77144
61650
36981
90976
13245
66833
38600
70224
70479
88437
5605
68129
94931
81242
28358
24169
34922
10765
69696
41475
69117
29727
49862
80485
58465
53313
26805
21020
47099
53251
89388
42058
94480
64611
64656
96362
73382
94268
37491
98506
47055
81846
6727
79393
28103
62633
68134
26410
63354
33198
3127
42353
13633
14512
67706
84980
96970
30730
1471
35684
5328
44635
531
87817
70839
80372
78082
35791
73122
44399
39396
74550
78367
13358
59005
27150
85643
94589
49853
13844
72588
17122
43535
50317
41839
55295
57222
96076
69197
14712
5940
76906
26286
44966
45446
75543
33212
5678
21766
19626
30663
20119
93634
21412
27356
52096
15601
95975
20439
41777
28476
61863
66567
87351
66518
47219
79720
12937
90753
73547
87998
79677
45842
37874
66166
96174
38117
1364
75906
32365
66006
97295
3545
86266
24740
73229
77915
29201
51220
31456
30102
93265
15315
8619
54299
30490
76925
73643
14480
62500
6498
25571
30921
88564
49579
44572
79735
77498
77715
75423
16113
39056
51364
88878
74669
37920
15071
25642
31302
78033
13579
97853
95769
57352
62045
37906
37358
22608
25391
32436
83764
62674
28527
66736
52147
17162
61392
34520
64444
44790
14374
92722
56376
37109
53451
75689
14103
68982
24971
30730
21426
60429
11532
68786
13116
6417
44908
32651
1071
5840
41963
20187
78642
22961
50105
43648
68538
25126
25920
47130
50702
12604
60775
61452
87858
4885
3271
76454
11125
1762
10169
7255
8158
1645
58642
69546
20600
73887
18141
95407
64972
52099
62431
89833
23786
68346
21693
7607
77096
78497
72106
35248
67746
18687
12629
97560
63317
81682
27130
23777
91199
35745
1457
65765
29067
23971
63558
44331
53024
68442
42310
6309
94410
19895
60038
48844
74606
50408
83242
70646
91313
69827
70714
68020
42419
55581
1336
4477
92469
84520
38884
79133
84313
82830
7248
76131
81153
38672
13940
35370
91871
96105
73488
46581
52140
10125
87328
14501
9959
30073
91360
44766
81844
56166
26458
96359
67773
9362
71408
86267
56707
44595
15777
17987
51386
74150
90328
31206
19619
27247
70924
38133
93984
91025
90346
67821
68787
15565
3516
41842
75699
88748
32995
29722
17901
39310
14678
25263
26930
77657
20955
46045
47251
60045
78421
21743
14120
10291
14996
34343
13126
30183
75159
99852
5786
87456
35899
95208
52694
81054
2555
37929
64568
5358
78178
60666
85016
11483
64925
20479
31373
60250
61450
79554
55263
88761
44931
77050
92668
44226
24046
4563
6125
77686
62830
41954
49132
76213
81973
56459
89272
17936
18803
78294
25683
54918
27945
39284
45737
64412
15576
83415
87729
10657
66400
69579
6080
25098
78140
92944
57430
28673
7054
12309
18707
81069
33485
79230
94513
53343
91519
9047
47108
35857
82493
12436
37232
53501
47468
52237
23447
85419
64577
50324
28503
2264
63902
89743
39084
56274
33724
90747
63444
92876
2935
10123
47328
53216
52671
41306
73936
59217
20071
99491
92553
44346
19499
40925
56606
3132
46105
6417
71507
13592
88120
53565
81397
19160
16105
27476
13631
62185
10653
84866
26278
8733
29989
5321
27822
33151
74493
64998
99972
7658
6627
32007
54828
2150
75258
29375
98454
13059
36246
55150
80335
96751
28533
49480
23230
254
11511
38646
18636
27428
26217
11507
11909
50034
24291
99426
72098
34944
59583
50469
19262
90242
36101
78001
37213
20211
95182
22928
16682
68226
71109
60492
68170
17518
54876
23410
5441
53212
75620
93822
42009
15896
63795
27855
31810
46319
51196
10385
78965
75196
12301
34011
38482
35629
57266
24874
71249
48034
1860
42994
66565
92546
92148
97306
12574
64652
14368
60591
42966
80176
92093
6806
67020
28743
90817
25623
66914
44892
83695
15195
51042
35751
89647
21876
55987
78838
10786
82106
21504
24629
60201
32637
92359
22677
52385
63295
80811
63158
67889
9190
95704
27308
63948
57497
1135
31846
58619
49328
61303
3329
74129
3968
9594
82079
88980
70127
90187
4163
16329
17574
82232
62880
45511
42532
66039
88804
6547
12369
38796
16654
34047
99432
42438
10837
65606
21471
63113
86085
45123
75263
77619
51267
68194
77171
48863
10404
35756
54091
13707
44300
74563
56245
88247
79671
33631
98385
70941
72622
2619
85625
54072
27836
55815
78785
73305
59975
17215
92676
85731
17094
72471
5401
5038
21727
34408
38823
53222
78031
91807
38895
29652
70999
85944
81612
1275
86417
77767
64084
72566
35089
12249
80828
44143
55181
67312
85859
33567
29609
92076
71807
1007
89288
4278
10850
89884
52545
11216
69305
18508
95954
76083
96278
62433
68919
92327
67566
5336
70821
80506
34269
32158
55787
83114
53032
70475
34872
16086
54783
81242
80873
5137
3612
72539
65056
23980
48346
88600
78000
19939
3595
42653
76473
40241
76052
82204
36634
5293
51144
51924
14324
93947
45698
44545
43603
28813
28061
80268
22446
77952
75296
31244
41095
71904
27671
76788
71266
44245
32791
37225
38482
79623
16893
45270
47280
31999
43365
4860
1233
66825
72763
56089
83155
78095
96899
37529
88114
4000
26686
16053
28467
39178
31938
81067
37550
48309
7219
78515
93975
59908
38238
85167
98432
93963
54368
80725
52497
35172
88772
93171
34695
31435
95159
48123
60256
40162
4016
77996
43770
39862
44363
66816
79662
64926
69528
13913
57034
9882
40390
89690
77151
82418
69132
22679
57481
10410
87159
9182
1224
37567
78927
22984
4000
61746
17101
2533
69168
65347
60671
91671
3099
62795
54973
70584
50026
76820
55837
49579
17901
44011
12216
96185
56692
65128
69789
26908
62136
31131
66229
39718
33254
91785
46093
50971
66668
73297
85592
91772
78901
75967
69247
38850
46527
66308
234
43361
56965
88245
37220
55588
20947
46545
30994
93846
51340
8007
63950
49833
14031
32489
95706
18920
8626
18668
97366
67313
67709
7316
60362
46927
16521
2941
76144
40095
23736
6268
13957
7190
30009
22709
35603
82363
88199
21048
1979
44453
29607
36879
22342
56639
37535
14430
21690
23865
38500
61625
49691
9284
4862
92003
85493
20093
79753
17106
37354
80817
606
8273
5345
42991
30659
30707
56206
72230
16456
53395
75128
60819
39380
13540
52838
54384
48460
27000
43480
82085
33050
64317
12764
56897
18430
17294
16042
24782
35453
30459
96481
79102
77889
34436
3435
71428
61846
98828
99138
82449
28358
73762
20153
19152
77539
38206
4638
74755
2234
71499
43313
36653
83566
8826
2390
96230
45736
11431
74690
17617
98212
77672
30212
50477
99654
62210
5301
22974
63160
24190
9356
3530
26388
74701
95725
81969
33579
85626
41650
16530
85015
11114
33018
28970
10901
83873
12832
40027
18012
84630
66614
68278
14176
77386
89557
13924
87461
7177
70350
57623
36828
75288
44471
47101
80325
69321
39587
54790
83617
72587
47357
26930
42626
42708
86416
68055
66492
45310
89478
72765
49741
5082
60282
18898
52553
23910
16846
41523
10964
22774
27749
6902
35480
82530
62516
47406
11522
91903
97749
4834
37831
77687
45387
46637
15437
86476
72347
95093
43161
98836
42508
26957
8724
2369
26452
32111
48579
29716
60851
64776
9203
37675
48289
95308
96649
27433
77804
3612
29419
31869
8839
12447
13190
24782
71911
46830
86229
80587
94500
22115
33560
6204
96823
59857
69666
95086
31419
75823
8092
59500
44534
4810
83677
63383
12513
10495
72587
13775
37079
83910
81448
2623
13295
26268
29181
95782
76510
41933
70831
47101
87015
86484
52964
79153
26129
99526
79974
1964
62650
94940
88670
39459
54235
57782
93486
45218
98058
60985
17034
93675
94507
3689
23714
8349
26027
46437
33900
79020
1801
11935
29753
36303
83531
57043
66146
28991
60704
8878
90850
18983
14067
11402
7968
1799
43105
7517
3923
26447
37747
94981
31723
11527
57192
19762
51587
54406
48525
84516
61577
76605
42256
29481
89328
3020
31156
56803
30222
16155
10063
55262
27022
50942
29752
53526
87013
29803
52607
3361
68876
6324
5273
43198
70681
56246
43217
4031
87323
58072
49244
12784
80521
35487
16064
56291
50565
22540
67683
92595
35899
6603
74499
18733
44762
136
76406
34869
89331
60701
49349
52451
9474
85391
99314
9502
49622
83066
78373
52800
44292
24137
94614
26883
36079
41519
35010
91381
20673
90096
34268
34450
51000
61568
27882
69364
68827
99186
10692
3522
91264
44283
51022
81415
39946
15499
86756
25828
1551
73720
64311
41174
67583
78964
33796
86425
62994
22936
20628
20281
99645
28252
824
40121
40581
55113
85572
47137
94233
35278
69251
22813
67989
28785
81719
96332
3313
78198
83461
33084
9316
90523
4258
59006
57013
6957
62410
92208
49476
49941
83001
98834
73337
11619
11389
42064
22333
49576
48768
57583
35544
37870
68835
17300
56802
68434
82617
52889
68422
81698
65825
64076
65741
55552
11785
46067
15564
793
21662
4315
12290
56365
24248
72601
25453
91819
70621
13083
98122
15000
13967
68339
91203
33768
58990
64252
7766
62775
79945
54145
56328
57404
47856
64833
29708
86451
50268
98526
24980
25226
71727
22337
80900
84686
91083
23837
47709
27134
44834
24053
57665
12821
80125
72556
69741
90960
5401
16335
45729
48614
78748
59298
72163
60430
30826
88020
63974
29662
36782
11864
91957
17584
78834
58021
33811
28515
40008
36701
46483
92327
2023
39310
22836
78262
67210
34778
59822
51194
7530
91332
94424
43634
97329
26080
53747
70475
13610
14337
82126
17340
94810
14129
96205
86006
19464
19667
85534
16567
85176
70917
18095
25321
74620
71602
52064
53204
11322
51616
98359
96904
11136
89316
31974
55325
21252
33108
63478
78865
75809
9469
84013
46560
87101
79753
20636
85125
94354
81130
79795
36148
6951
36981
50057
2592
80577
95820
9630
50667
38610
32293
7901
85724
3158
86421
90268
62896
60048
4905
86414
37507
49749
3556
48766
22722
63780
26068
77819
52244
50868
51329
72936
93484
42798
85597
20473
22333
12961
37275
45393
83090
43597
59512
62008
65657
57447
59125
85575
23019
90001
4109
81386
46291
13045
49780
64239
86151
44323
35253
75029
95819
2632
20635
4348
49149
8301
17166
10277
26287
37881
70138
68632
45766
25282
56668
51232
17603
53244
77680
22976
38599
80490
44505
74764
2940
23442
8766
51626
14691
7035
15621
67791
82144
32889
94415
86046
38387
47027
67147
84502
60851
72282
81800
78121
92300
18492
14458
53007
61561
12909
22871
15111
44344
90138
37954
60930
84869
58648
61869
16390
42750
16317
39145
31747
6730
64962
19233
73315
2475
93012
79958
16405
79255
16694
21234
91358
22730
14383
1738
27136
40825
54660
81082
27614
61871
37170
75434
37997
75065
46021
26830
31235
25188
69600
30291
32569
62238
10801
96042
33540
90486
89559
96431
12640
56158
73641
13456
88131
40854
14910
40394
28459
28726
77422
6440
42288
41474
99763
12838
28607
28135
50694
93457
29091
61920
89857
3156
79041
57909
19338
24751
52641
29209
71024
22278
42796
55198
95219
15170
60454
50093
15674
42585
48249
75705
69749
26347
64568
75253
18923
38459
36675
41201
86250
9440
81554
84534
15691
3643
58618
20352
68442
23684
78182
20440
33509
72991
79357
8234
19388
60875
100
29853
24279
32377
25717
17321
32074
26699
10219
32964
93746
94254
30694
51267
85636
93491
52035
35231
39277
3329
97483
21027
20132
8406
95479
63174
51477
73519
26209
82365
31676
28165
39226
2817
40079
17634
27648
32383
80599
39166
49138
49635
13041
96902
43475
52861
85931
93754
60564
29040
36337
14545
75350
73153
86971
91032
91592
25701
50614
4503
55597
26062
78520
87812
61680
2023
88787
40945
6379
94373
66521
80876
92624
51851
5691
66078
4940
74772
26149
87712
67413
22486
23
55743
68631
91836
70832
53096
75043
48315
11461
8698
96349
20368
55121
52991
27366
31185
78277
56045
19130
24421
8545
88655
16111
15608
72374
88070
78477
38952
54850
96757
87357
77698
31212
68119
97653
66884
98625
16924
63071
4189
99208
59435
39515
621
77995
82848
75587
6027
35491
63296
69768
95614
67650
57631
41328
49818
54697
30555
19006
44976
50556
94326
82533
45837
10615
68999
69435
23904
83125
32086
99499
94074
60709
72882
95555
50790
64089
23091
91701
68792
52789
3036
82162
9216
72748
74373
74623
60706
7247
86864
65187
79937
5455
49186
77132
8458
21537
89167
76302
31846
66078
45503
4717
82649
7617
32691
48781
80246
84999
59078
21427
61397
57458
43633
55766
42655
64095
80778
38441
29851
67806
41763
773
84843
13440
45347
15563
54603
67211
51405
38808
22147
38784
75411
92977
39377
20467
38960
48974
32722
61111
25945
3915
87427
53458
51544
3703
63547
39813
35496
36736
83974
78333
33963
68606
21030
34417
90149
67420
42177
16477
27877
36508
54144
97650
48588
99372
50159
93693
99604
67739
62958
42615
59159
72776
10842
15880
39797
58490
84944
11449
75192
63385
9889
26272
86885
70977
52265
23128
23420
93400
94952
3298
29528
44730
72153
8865
43404
50385
68816
57816
79434
82968
72835
31728
45143
53643
141
81815
12411
86606
34556
12488
67874
69487
77530
71261
79580
70789
67953
47567
27734
79669
74522
71924
92944
62137
36466
76964
71282
99727
86005
45430
15679
2243
13305
19022
5369
47121
92223
16420
75464
57874
72293
24959
35291
57288
71914
98897
52024
35278
18789
53383
76911
83220
7760
49919
91358
88270
99113
81557
81945
10650
45793
5912
94641
70006
14753
95753
60399
25854
33752
93167
66010
55205
66102
61425
22395
66893
62459
16384
1946
8590
40592
94954
89043
61426
79508
13035
17528
94326
92511
84131
12389
8277
87291
43884
78578
66457
6167
53172
90488
35984
67888
15203
61174
7069
41960
76707
8271
28028
63143
15696
68390
21992
18863
82423
254
44583
96242
18045
80964
22318
33341
39096
66197
69551
93169
82223
90276
90944
73948
27974
78186
42981
72914
70598
10100
37140
16331
35888
61750
4257
93602
97231
89963
93942
75512
79931
45405
84651
18051
79744
24635
70210
63790
95245
44621
88488
59219
27435
33867
16222
59581
87528
57431
95488
14465
54456
56675
95417
68393
6761
27970
61600
18227
87967
45332
38117
74985
43271
50361
48157
33975
87022
82112
32100
55046
30162
89315
93209
72176
34590
62417
40994
8446
62504
15038
97412
63773
14280
18127
97036
19799
18763
2488
23306
3603
54030
56773
74577
53236
1630
8943
38619
27775
46892
42179
59682
21376
41161
29117
31250
82162
76307
2139
15397
78361
57708
70515
60056
46472
15679
89119
99751
722
2811
68569
11698
80159
46449
77542
25901
36246
79091
62021
25042
50698
12098
86373
63792
14531
12926
12520
64046
74567
60651
39338
6272
40207
22389
644
10307
76271
31671
78657
27964
12554
56657
25281
84452
97213
26750
17486
908
88413
972
7253
40894
40744
7789
96666
87652
95699
23478
15658
93746
20420
59344
13283
86613
69599
86534
92864
25722
85597
94509
68029
24380
19863
17546
76692
4612
60472
63932
29493
64240
84745
75192
629
24378
66906
20549
41687
46126
41559
73803
75362
77901
66121
89270
75720
6994
60412
66828
87480
59301
31463
7672
57819
61628
41342
71524
21059
54517
99982
5388
97765
39626
81631
47121
25479
760
18077
25707
47615
53555
29876
57467
4174
49850
82479
22395
76053
73338
47374
12530
20772
1754
70068
94879
12357
69761
102
99642
13923
13384
91776
16603
37845
5275
91282
4714
40025
13283
94849
25372
29590
17344
73910
85517
19884
22238
9262
81615
25401
61388
24076
19123
93790
91336
84556
46000
32719
67542
90185
31895
2964
55595
39557
20044
85878
44020
9763
60770
87768
63910
90768
41599
61803
27434
38125
37107
73077
30653
74243
19908
68203
15934
27000
40860
49353
96115
33006
1144
14308
22085
83122
68976
47300
91128
49905
19860
84680
67891
77454
41997
263
11298
68935
58036
23093
32813
958
38840
92109
53732
43524
72613
36637
50939
81580
34718
20534
98493
25837
17354
3781
92938
44663
38090
73974
11828
66754
71904
20296
53359
75152
30404
89529
77794
44
61653
38045
43380
51674
75536
203
34038
84040
63386
52176
78519
32058
39129
55826
16911
48303
45787
75635
84818
21117
46573
94587
90447
14709
90227
35473
51483
97819
10241
87583
79360
50178
76253
17089
51637
53627
74018
37229
41113
79550
53259
70385
83268
3032
77655
61783
95312
20695
54010
94309
89021
36152
69997
31294
38588
66255
23976
9269
52770
95529
24902
86286
93207
78897
50362
82109
72657
42863
89492
90592
12053
14532
60523
36907
3430
3932
80378
45653
3114
22866
62008
72391
34493
11267
93275
30785
70944
64980
92197
93711
41773
7923
10890
82215
42253
37877
95886
15771
99280
76068
80141
61543
91448
23175
68198
24161
43300
31607
56798
58015
9681
83282
24937
21729
37467
65762
62163
29629
7321
16316
70634
92887
77490
29336
36702
77680
54069
61661
19499
29876
9238
78191
720
25842
61638
1984
16260
63908
60140
13061
7425
50534
1521
20299
64871
81868
36076
22798
79486
32280
38448
98787
6722
71445
26688
43465
74045
70052
10234
97976
9036
79266
3360
37612
13172
34450
16146
32213
19017
82028
74653
78320
65614
36846
42645
17193
43650
48919
42131
10847
63385
77812
18073
16824
77710
71290
40031
31045
82903
93301
45005
40155
93767
71038
40772
2144
40261
92405
85282
27894
97730
29784
36714
95159
38077
76394
83136
19978
58829
85484
17911
76075
6474
28734
9215
56402
2506
50935
55627
14817
24431
81
13981
9850
67340
93142
44166
95618
88798
94465
4494
64266
22750
82095
73593
99766
74959
35301
65046
56306
2494
95486
36169
64217
47933
37163
8676
62548
87351
76472
31156
75918
18520
11322
18390
22881
48328
61258
52070
25024
47329
50567
62707
17665
79423
15481
30747
15384
73582
26840
11094
93882
76663
26857
62048
92145
6303
12190
47820
99376
41156
76939
99095
41552
41702
5669
22980
3444
52714
61766
35009
21710
5310
10235
5653
21149
14991
45784
38464
80599
83120
91711
13905
88150
9106
35659
9847
29934
51482
20908
89536
32896
20437
44319
21170
64190
26706
11545
83257
92490
75144
97264
61369
68116
21919
12482
51141
87748
5907
51582
9090
3561
82468
21317
80445
88508
53813
29648
96157
25952
64125
82543
84151
94453
93628
36690
92016
74030
77739
5565
88751
17712
58648
55201
44529
30190
86567
10085
11379
45748
96739
21328
91478
23375
74404
47725
82756
30121
56935
48171
2811
32468
40191
503
8117
30418
2133
4501
67178
8896
75035
12392
50201
85726
66876
16697
74059
56187
76766
85044
61307
86472
91671
64367
63059
20754
99260
60758
91031
95200
14838
84024
15500
68353
68893
86575
25209
42416
19520
54931
90996
57060
58998
19083
63456
62438
83665
18002
24921
68132
96424
74472
85668
44898
54884
74802
54295
95873
73629
31918
21600
14076
65554
17033
99740
52658
76087
57518
28053
66726
70649
87191
46722
41097
13826
56105
78422
15621
27501
10893
40833
21678
87572
16478
62567
22769
64736
12524
1859
20821
31055
84006
12201
47514
62236
70027
96465
98293
89749
34015
75494
66923
73690
73606
7891
21431
24142
21595
1777
2356
95575
20195
61966
85537
90614
31927
60726
7375
97633
29555
49034
32151
93860
2838
54521
59292
20596
15416
22025
52299
41002
15154
569
44207
95184
91913
35539
1753
75225
22282
93179
60503
39771
54848
21501
16042
58413
4584
66047
45664
96909
98416
37337
11760
18444
54204
55137
19964
73712
46405
26826
97444
44746
51987
51549
762
13992
44372
39745
67679
60081
12813
65024
85103
50949
83017
41124
63824
87369
76475
95461
2041
30441
1691
94185
53104
9029
13905
43111
32830
12007
48405
52672
92481
58710
53270
17896
98962
34368
31648
36794
79186
40937
27099
22549
45784
1877
96431
73809
42557
49877
74334
8625
79909
39522
26433
4906
93079
70895
12114
40156
94558
75505
71318
77968
91456
1916
51962
67237
48575
43981
73213
88572
57551
38263
35971
91562
65758
57826
53319
32849
26319
46303
38450
61763
51434
67345
95969
36902
77957
96082
1198
8913
47257
55766
64454
16635
80324
23105
16577
20779
6945
45566
54019
55302
64945
88244
21243
59325
78676
17813
94135
46957
38224
19337
6178
16849
2563
41336
94717
75771
3811
43243
61111
59793
41737
72276
47348
78063
56180
81636
88401
32675
87691
43030
38983
81644
46875
96738
91083
73880
94639
33048
42251
42265
53604
2111
24740
98217
67721
417
95330
1503
5909
31913
68392
10725
84556
87648
36137
1557
7872
17304
10934
89040
68257
16535
50245
2630
79645
44103
79800
89829
14263
82582
31324
26936
61362
35943
39768
43005
13390
49849
7477
69961
42898
47745
22629
54222
10011
3963
54143
84041
67318
87177
30829
52017
6995
92062
30417
45559
49355
30756
39524
34377
49033
20424
45864
26103
26123
90296
76245
45774
22867
68514
66299
10496
82760
27232
42037
9750
99236
34444
12546
32328
2456
7514
11741
9594
34374
88691
45458
19878
48678
14168
75846
93723
26799
6145
24267
1374
65278
75417
20870
33415
73754
95557
46162
85139
91690
59160
85762
42370
46324
32941
96095
39940
6950
30052
95363
76692
51109
74706
16103
53488
99161
78927
588
38756
23674
6806
71173
39899
46516
62789
20857
93388
11586
2315
84721
44497
41158
17488
82715
43655
92017
21784
42845
47782
43799
91325
77055
7178
17885
16651
93939
40811
78856
96090
91954
45404
56199
62158
41489
33699
1125
73012
64631
30449
38617
69923
97271
89249
11773
60054
32719
17524
27399
58225
77247
1468
71159
36340
24337
18238
72899
86172
80727
97043
26066
31499
79629
92606
3985
39113
51543
57243
19714
74145
80463
75341
23494
15369
48436
71588
50560
80256
79304
98425
71571
41905
74303
27108
42908
22702
4981
48590
35792
76780
87215
17016
39120
87818
4775
3195
65116
62507
53080
91619
38340
96962
24246
13897
67438
90679
5348
727
45323
26864
87918
38426
2981
35280
68432
54913
73880
45337
1947
21689
17393
12324
53137
25716
94179
26966
39147
78402
45718
12195
33214
98657
60097
60967
31743
21767
87798
80231
32779
78664
78249
4198
46094
52598
9444
33710
89997
76408
56837
75776
18504
4990
33800
65009
45484
28302
9326
68287
56728
27118
57592
71516
30529
278
64985
55021
16062
11970
76873
29139
21940
95299
7603
82504
60522
92854
18992
86362
21629
68548
68280
17224
49711
94636
68179
56293
44152
87857
48653
80652
66965
45868
22124
98415
3139
42024
91651
47909
86269
34620
34685
20979
71363
66706
43603
54473
48500
80710
38049
59917
60424
6638
94403
88589
25102
40713
30873
59329
44605
45845
20076
89816
67587
99850
64697
29451
7486
55914
38121
64506
82622
46271
51951
87931
91963
69621
22689
3494
6841
26528
54223
59017
62475
34038
82275
80240
98259
30854
27180
87647
12733
57090
24455
31707
91872
68084
64938
43641
80498
15053
8316
31575
80688
92972
72582
63230
81046
3920
43456
54360
45230
86315
21873
1455
9744
62131
14643
93194
68151
57057
18402
11341
38699
87140
35411
66067
92517
98437
56436
61778
37398
33058
67923
47389
82610
68958
85483
64513
16695
61637
73838
60473
56737
42426
34959
36061
69320
88375
42989
61320
1672
90262
39230
84236
97873
12481
91686
76375
82746
37816
72455
5184
27242
56944
80939
45995
75383
39969
4909
66682
56559
34050
76253
26288
7858
99119
99723
42851
9595
24719
22312
26489
64483
72316
26550
55102
77866
43512
21131
98585
36439
40656
91981
45856
66660
65130
15281
26198
23042
39350
94917
52220
32789
79735
33699
37319
62488
1911
