98321
98315
24697
10222
85808
47877
57835
23901
13617
74749
31707
58136
10237
75757
8238
56577
65864
64377
46382
41011
23042
2902
79271
42800
37355
76438
47200
41962
96507
69927
74568
78883
70286
17376
21037
39171
85855
66117
24192
82120
54621
63675
43509
46574
96636
7980
56551
95718
10280
10863
32616
60357
55079
42028
51892
69378
36248
57180
61873
32340
70048
13543
65047
37536
97128
77471
81225
37281
46664
11641
44563
60895
16739
66227
33552
87899
78016
92071
20147
92959
9063
30360
83110
99751
63375
88973
76721
41387
96210
56724
41639
60037
28342
94511
3135
34334
13001
43679
22616
80051
32440
24695
63622
83861
81514
52607
76563
6622
24773
49075
32967
6909
90090
5748
67107
93079
57197
42336
2898
93088
66115
68305
12593
215
68283
72807
80386
99283
64353
17773
52963
86788
93255
49513
79995
13687
83781
18165
69362
22424
90123
15354
73248
91819
71781
66344
17489
72999
94071
83364
94586
54897
39173
54822
15736
76410
71689
88005
86646
43150
73466
26442
50693
81349
98968
45282
92902
6305
25883
58096
3194
50576
17817
89006
84938
83001
99169
66280
69020
55635
20014
76612
37509
38666
94444
84891
84158
32026
46437
71225
47213
29272
5883
68499
90256
27399
47567
35096
82448
90485
52813
16950
31047
96408
32610
42039
35196
85647
77486
21767
12974
12210
14978
79377
781
21788
84943
76431
2604
19511
71606
43534
28957
53807
35484
73100
57083
63126
15309
4066
48325
84467
7194
63015
99781
6172
93907
18797
58094
27270
34265
36264
27677
18514
88689
3183
89474
53416
97918
11347
64757
86145
546
97512
43290
86194
40084
59640
837
77769
27406
38323
25757
9381
66487
40803
99641
85462
81814
49263
11344
40537
94082
38338
17958
43648
17441
70292
39280
45632
15323
86706
99068
4857
95069
29529
39551
69531
94372
30347
25493
31443
64461
42907
45051
68820
83145
6085
57745
71105
57317
74579
78152
54607
24330
96695
50134
38021
3905
23368
94076
85587
79324
83673
46814
12878
44190
34542
44375
25009
86494
67220
54241
23735
64777
63030
84165
94456
26714
80137
58079
94032
52860
6770
95700
18274
34218
66867
43260
79797
19210
715
47711
84080
78081
25160
14171
63677
22680
80149
55846
32917
35870
14352
6632
65283
81794
87031
70911
42462
95253
65208
15779
55242
2293
51421
95751
32123
78027
77660
54496
70092
52846
8892
68002
30263
95249
62750
10134
88576
55125
76764
29218
20313
71915
22987
45467
74664
35730
92631
41129
31069
61717
64826
31501
23259
66755
35541
74104
84835
78194
53554
85477
95172
96356
46473
28566
87543
32259
41840
11446
51827
77916
79915
90231
161
70942
76922
4939
78372
8266
99844
26347
86601
19276
31004
27200
44558
53229
75068
32719
89501
72608
2790
30290
80847
91472
8973
96266
91315
80813
34291
37517
8585
42394
43710
67051
29826
18429
43295
52921
35589
48793
2473
66110
9430
99283
63563
99715
25969
16424
14015
49185
64170
37895
45461
87874
51683
27304
33161
92818
27959
48441
703
10793
14971
65221
48342
56892
57549
58189
81931
79661
3162
4800
94513
80934
4965
33795
21363
65920
74760
9243
38261
4958
37238
77819
26739
6323
70179
24622
45982
42665
88723
24735
8633
26124
23321
8244
20081
94006
36307
47718
43685
33517
36301
58003
63993
63321
65132
24849
82358
71701
48079
30976
90240
92433
99215
51270
55131
92969
59275
72605
35408
61271
75907
24613
34545
67042
82808
28574
31726
53221
88344
3314
50920
41534
25663
28876
97981
88044
70377
57184
39628
76779
99649
79456
44282
71831
83641
45275
10513
45743
29447
6195
54203
1125
15179
43517
99938
22443
75367
91148
54242
79380
69665
40821
40044
18589
35558
13599
91813
83209
11456
29466
43467
24908
41981
19267
94466
43898
73108
3873
56094
70974
69349
22427
72605
57299
35777
65287
80884
79627
98570
91993
787
83485
84318
14790
31714
5607
44024
9428
96526
54718
32967
98795
77345
90544
4767
60314
5380
97246
87283
3179
19609
10505
65526
16989
37463
27587
83328
56253
68620
18021
28503
7171
1617
48263
35146
11302
21577
18200
53702
62052
70605
7941
40845
83957
26798
59350
93187
55725
45203
31561
67567
36125
38501
52697
73158
5980
88129
3191
79439
76159
24754
67474
41335
57307
81008
57420
51800
80331
4979
12167
34583
67222
30121
26300
89728
29542
93632
60730
29960
83525
16502
87953
45458
47723
97795
58612
96485
92556
44719
61048
75326
33173
77609
99421
20889
26711
66407
34218
91265
62165
23514
16904
43649
61579
46901
13812
65843
30063
87951
22644
39285
6557
21240
52280
54442
15002
61541
5555
43149
43630
77485
22521
47425
74504
97610
27371
16608
41741
90865
60264
47561
79752
26239
54809
20673
1586
73850
29400
59967
95073
64946
92798
55218
57402
25575
78822
8676
5508
21720
38923
87121
19085
76120
832
65064
94774
77239
44908
33236
80787
95367
95184
86329
98152
47077
34446
2243
94548
15370
99429
55109
37835
99080
50850
46219
63993
2781
13623
36939
7652
65797
6305
83405
61446
41607
68092
79412
41737
65671
99979
71817
50323
49966
44181
43601
64071
69933
14489
45791
57911
51934
87807
76884
60707
47142
77708
88168
1951
44251
52291
95080
32377
68821
44478
67774
20306
86693
34934
99939
52517
16763
87560
76123
56996
70694
40265
50847
54770
24213
68862
52639
7406
85775
70456
29478
42666
26978
94254
31996
86216
6666
3211
7476
33618
44812
17705
93223
41237
95898
2458
82257
58086
1361
93708
89095
42961
27595
50063
26900
61335
98929
94598
77289
77632
63238
71162
79097
81097
96309
60284
59132
16545
32665
49479
94502
94966
59245
66872
6329
99600
9610
16168
96597
43376
37521
2599
56572
74039
91513
77670
52539
54661
50938
93153
9314
1335
84435
92722
78905
19488
63836
51498
49150
6489
41627
63714
30935
68565
61931
65498
93233
87555
54114
60951
98410
54761
73846
39144
38094
4102
26080
41529
53371
76113
59869
78545
95000
20649
11545
84793
32766
50907
55417
31115
45769
18084
5513
82073
41589
60832
94401
15497
3718
47146
49833
73301
60507
74148
62546
57574
43442
89371
87080
37647
83659
98562
67054
31428
17868
11284
39847
69594
33414
59975
18344
9469
22888
20295
28128
74351
1598
38590
41602
99893
65690
28885
1381
1135
17129
15983
7551
25222
82468
85237
73321
74923
41243
61252
37505
36525
28149
13931
45143
31037
83911
15919
45390
89367
67342
18523
74456
51684
43908
33850
56269
96232
82746
71637
59924
90872
23901
62326
2588
88290
58312
7412
85737
38487
21784
52618
45677
45542
99068
11406
5681
5471
31329
28758
40674
84779
62362
44844
46159
84116
6780
51434
45621
87908
12846
510
25650
990
98402
37690
44595
47340
30855
63438
5905
21503
21161
90313
38849
51710
59808
24665
40625
92421
55753
97748
69495
46033
39384
51474
94641
29822
95939
36941
80860
85728
22854
75117
16534
18210
4907
87224
31906
61626
12527
95643
45142
87224
39519
48995
92420
97401
44161
74641
21996
69356
6658
27224
4613
91856
83764
77846
12042
56156
65833
33878
23252
54995
79923
93564
706
3145
14896
45933
67767
17827
36359
6246
29483
33784
8636
45327
28548
60777
52390
91732
79182
82012
56243
21624
40427
1445
57419
38243
39694
91699
83589
25411
5936
23111
51197
21471
84076
12675
39927
96235
38102
35794
88176
52774
77284
75103
5412
88660
97602
88788
63753
79949
90710
48605
90690
42801
23935
56781
53835
1635
62392
94899
75812
24570
71499
69216
95960
95198
82953
4455
18878
24074
99137
20695
77779
63558
16733
49374
13474
2926
29329
42426
24675
88314
56477
94764
32765
50847
29047
78563
29049
22378
41347
55787
15227
29508
51285
51210
3820
33156
26012
99436
49537
10461
72106
87835
78086
48907
38817
14199
7356
12286
20730
71724
85670
43682
14101
25950
24028
85767
49511
43094
30475
65726
74654
25416
39856
76164
94268
7340
82010
40286
66337
10492
30616
40162
82671
5566
41443
91432
55000
3650
8580
33800
27022
1132
53954
66753
5378
9131
88870
15688
80979
95398
32565
6717
91039
38403
63226
81704
45218
5819
73513
83103
26893
75569
20291
4198
67927
45006
29733
77020
65982
30952
20154
50021
90791
42195
91874
78319
15338
69747
31697
18226
57281
51724
49371
9873
1073
731
98491
72393
1726
87143
16510
94117
69254
75980
7063
72967
3889
99875
25141
7552
47503
72523
96299
17985
29854
9451
16910
90449
2796
10875
93286
11837
66635
59923
41576
87918
86673
53105
67909
65415
59857
96230
76393
82125
35740
71611
43629
62676
74374
73861
52977
67029
63318
92194
70521
31995
50662
61909
61880
96196
18564
67881
17340
19730
77398
6453
14000
53600
55212
2680
44193
27415
45902
87400
80557
81049
80972
94043
58633
73557
46517
63292
8276
2355
23105
53113
36017
48482
62343
22780
99115
70527
46823
84335
94769
715
15178
93891
54728
63056
49934
23007
83179
25968
98688
46593
6012
5491
99309
49756
5325
39543
11762
10696
4784
60598
58214
70140
7733
65589
8170
27997
14487
16583
61955
45566
96813
99617
11966
16050
49406
58100
19171
53769
80956
12477
95873
91969
35108
44662
84352
92230
51047
42811
83865
97744
65667
59826
94663
33558
72013
24016
68896
28180
22204
26052
18829
98268
714
41839
567
75657
69884
55479
92877
19953
48295
71453
26122
67952
91604
21812
34707
96747
42169
35261
20227
5218
95038
87416
13221
94416
72376
86222
14754
22778
21583
8412
92106
52844
48661
3437
89789
65697
48021
85888
74370
5844
31944
55655
51798
18175
33486
30276
52747
95642
19669
65012
45858
68563
11278
68248
24503
26237
84120
50660
17843
85139
24364
98962
19723
64161
90351
57784
63081
83
70710
8213
88648
5886
24454
16940
9835
92516
25425
52894
46438
88954
83698
13421
57243
96712
47296
95260
78953
93371
77048
67373
91777
3297
58711
81710
85458
12607
37335
37796
93900
70969
81857
42900
85268
67820
71431
32266
42953
87706
3387
86564
27485
24105
3861
68730
29635
11307
54581
28705
86084
48834
37663
19302
32851
39562
96865
54645
12558
98852
33376
96782
60962
95187
3497
93743
85059
22595
18484
91206
13470
82653
65361
91410
61250
90662
45105
47367
61178
22596
84254
97525
59758
9486
60754
50727
52853
68499
9553
79720
31540
40905
95036
29902
2094
7349
33112
7793
44923
26817
89277
78560
63787
70460
95910
7814
98275
73231
85378
76968
22915
94238
90199
49276
78765
61496
55601
56235
91714
84850
22354
96264
38540
94613
29412
60610
57715
6998
9894
11573
3050
829
49960
59847
44654
34808
16299
82247
17767
43779
38251
84713
66787
44495
43734
85366
59468
88382
45853
43859
88918
42959
29904
36875
47035
38351
38562
88069
16992
50685
69375
19087
72896
10091
29914
48141
42674
92950
96266
21739
50199
38907
47210
43493
90418
86927
19393
55009
88349
25048
34024
22407
28691
59869
8298
70983
12233
95037
57044
24285
77277
98292
93789
52982
96502
4680
13745
15507
15955
79748
12807
26388
84541
41560
36645
43003
9819
47937
97656
37546
91871
74777
66094
30915
67967
96736
10304
14968
2876
26484
84729
53381
2208
6458
60290
42688
44144
31331
39292
37174
68804
92743
17403
58054
82493
8126
88539
642
19255
62523
46159
36263
52362
85962
91812
29979
19822
43185
15818
52812
94435
97469
34650
26045
58704
63112
98970
29558
41665
78030
82828
20672
39918
65643
74960
90391
3154
2864
77649
38528
56574
33505
38366
122
77407
99621
42338
58175
38775
49347
58432
37488
2491
33385
62185
66920
49490
58921
14493
10921
68837
63436
89665
25589
34777
80783
59527
10346
40334
1900
95521
4413
17026
4452
77252
63548
89199
71545
73673
86473
98398
91689
96395
54295
76272
29986
74853
65412
91922
2981
3321
91361
90114
33218
26010
21727
96193
61718
11622
46583
3996
30077
64800
23160
60533
29833
71882
78068
52068
79878
15031
5714
59135
1233
52377
70688
9534
58711
69679
6428
11634
36099
34899
19540
9747
89158
26198
10930
45985
52151
21360
86541
95906
97705
69776
34161
9754
40159
3797
75814
71124
95291
50826
99870
47125
38193
22993
96799
33354
67282
73559
43396
80606
35443
88675
66220
45577
55465
87737
43224
25020
35821
23684
55697
84806
60454
40637
98125
36742
9140
70649
64845
91088
70731
85626
1255
92730
47798
80156
86586
42237
17369
22928
24755
7873
64970
10960
35930
20231
84742
42972
95311
82278
71894
76294
74048
60346
52975
46339
13732
3596
52068
23387
38279
53977
66873
70217
93246
49586
70613
96060
9544
75796
71895
10820
24723
63042
88783
27358
85106
83756
62882
27139
18371
97742
5697
81623
90095
61510
35424
42319
63861
47376
48014
23093
10414
23976
33170
22843
23485
64083
60932
42230
55622
61855
68989
36530
53412
12541
44863
14695
36023
15664
69471
41661
80563
96491
65281
47231
7912
86386
18325
29
54908
36811
24438
21653
81838
90339
29834
46368
54899
22119
68096
22252
82002
65400
31925
16859
27867
42592
74049
87424
38756
1947
26478
85178
31158
99437
97955
80246
91528
14886
38712
60575
18444
27637
18808
23953
30456
95146
74843
3963
79913
63993
60900
4039
58513
49438
50271
62894
79805
38031
81010
12800
11068
44754
99551
34427
11741
76524
14657
6939
55106
48520
45717
71551
18330
72798
73319
1660
86887
131
45580
69736
3897
13720
73830
69313
11720
10091
36627
92636
51372
16972
37789
91121
19876
36320
28206
42041
14466
25769
90895
81395
56985
4919
83290
62602
97053
14959
30824
49125
5992
87680
29556
90991
72171
65920
55487
96477
8918
21769
77843
29220
88249
36002
56679
95904
60185
24489
67090
65341
54113
87679
18223
64122
67066
87641
22795
92750
26218
96911
16200
14571
90475
30418
29631
96404
16123
51633
2425
29706
7367
98268
77264
78450
16517
64866
58
24430
85552
1676
18724
46407
10512
46548
45704
9465
76434
80473
82678
38700
50408
43947
1128
94116
81594
24022
36430
33588
81629
93149
47842
74697
37932
75411
8165
6521
16576
51703
95212
57643
15044
4589
64070
47862
89133
64762
18796
5583
45344
54041
72021
11120
15062
70489
34713
55387
90905
2295
81855
38568
15963
50937
37084
91629
77094
43378
58026
87557
82275
43478
97544
28263
56332
39781
86238
49636
82172
10200
15088
4102
43289
89192
81187
64002
2206
93819
5358
28886
61771
28387
99511
86471
72230
33296
3614
88636
66762
97040
55347
29360
91608
76719
18463
59486
32167
95879
12256
69060
91467
90326
97537
39010
97778
80147
82120
34515
53338
93050
18564
44079
54429
75559
29173
41896
6282
64759
63146
63157
6814
37262
90886
43633
65443
86019
79667
21585
30549
51169
8093
28699
83991
63267
24517
20113
27972
5340
94029
84763
23276
56175
45771
82654
19837
24425
38959
6127
2283
79101
61074
91917
13758
57839
32825
92254
8933
28571
58744
45166
99746
45735
72424
28852
74274
56985
50888
11734
32372
80946
61473
61781
81297
57123
14775
57784
16750
87596
62204
72642
10427
69870
88517
32551
12529
6539
83700
213
56983
50744
77764
3181
37044
58098
92536
98756
81388
94376
77676
80244
26703
7816
17135
81711
87975
81876
72875
77654
13880
61216
11003
83782
55929
51321
30530
81407
31627
87238
99855
89373
94574
1931
38238
72816
91649
53309
81357
93740
54949
70785
14754
60521
13246
25447
97826
74372
76430
73759
8330
63505
98685
74283
11725
95976
34745
27828
17467
14773
64693
86500
78995
92626
88937
72503
90185
57520
74985
5602
35853
42020
50378
75241
78805
81149
26038
72914
30402
15999
83711
83199
71907
23185
11056
99413
64465
35944
68585
25791
86327
70016
80998
69779
40096
74796
92985
85140
92091
67824
97178
2722
92216
47398
21247
77330
27
84923
50965
2182
30756
77658
98646
20897
64898
58438
13090
53793
99126
81360
28625
12675
95371
5352
49285
79898
87578
84020
48327
34104
66480
31150
29653
55957
34254
47808
55792
26779
77308
40572
99288
31011
50506
60161
30837
56437
37280
47106
53557
86426
60057
98037
81530
66779
87153
80303
80324
74986
33241
46538
67263
93318
40751
76644
45040
11112
88436
38383
34524
33330
98117
11624
73634
59746
17481
6232
43585
3381
58207
58443
52870
44630
29574
35250
94335
12667
56418
86662
18638
36878
14856
7784
68795
6115
93010
44783
6561
80705
98695
1652
63229
68845
46651
66782
83093
24532
3089
3639
8700
249
30722
24803
34051
62156
47942
1685
80720
74089
45591
50492
92741
38820
68409
9923
23816
77744
28690
22135
57123
58963
7873
41566
52585
59408
87965
14134
59679
33318
14553
18172
13602
21255
3346
7352
38951
41445
85638
34301
42949
91103
4586
60803
48382
57392
57442
18039
2201
51634
55739
91957
99112
85841
24199
30377
91073
68879
72558
9494
74885
58370
59304
68544
58267
45870
10868
72839
88158
58001
58540
32339
25148
87582
9149
77154
69893
38472
57312
41233
30244
16877
78930
2601
51412
26076
84793
41887
8960
963
62722
16830
85128
15319
95464
77261
66168
62046
71429
69609
21328
75090
40019
93128
48468
30016
5127
50580
83941
61346
92620
44376
57738
57540
61577
95619
41801
21524
75793
98872
52253
57843
54167
13378
50318
52581
26938
22580
74762
26318
69542
29584
60893
65208
24167
70022
73951
20425
94047
97959
60802
23440
34101
84229
50517
96991
69608
97300
47688
98413
29369
26511
15627
63839
12490
16314
26121
89261
73817
57407
67701
84440
45715
17165
18876
12328
74654
2484
70425
72293
26817
73612
99823
10996
35730
93130
55746
4298
26551
32418
3030
82563
18872
90808
51441
53711
99470
65945
98152
59662
96380
50004
48816
98811
31215
93602
60898
86350
87612
52011
88493
88534
61252
32282
60398
22339
36337
2387
36751
73045
27211
47330
96154
23062
37024
91291
13469
7952
74701
76567
80893
71703
61354
52590
41737
21677
32520
78016
15939
11801
39791
57267
77608
28047
34377
44238
86134
21766
21028
38561
32289
59773
14052
45988
19079
50590
67173
39313
62973
21264
19371
9757
68453
7139
54068
78528
88724
90260
10656
40739
82037
3808
4695
16079
70849
67242
56304
78109
47714
95515
89629
17002
37790
8633
8879
11892
95963
63704
24567
67860
70684
78152
44585
12650
93832
95407
84226
2453
82771
57545
7115
22261
96837
6947
35069
46141
46554
95089
72109
31043
72711
73281
97938
49302
1252
91685
50117
98524
72126
14129
83908
75744
8213
77127
76739
61633
39829
54910
42674
87296
24476
88576
27757
35669
22784
61121
78727
1241
92666
58675
60641
58350
19209
97775
64822
68442
73296
14773
64323
29733
59852
24239
94374
36942
76552
69845
18567
55050
559
96069
28662
36760
52461
282
569
75205
43964
11935
89914
65791
28522
94739
79477
4190
64311
27857
7590
82738
76353
87025
53260
97248
13230
53109
67889
83667
22453
62815
94064
83871
40120
3556
26379
4852
67331
95268
7789
98846
2162
76868
18816
71840
49781
48151
11178
66868
46701
49550
49703
4369
74937
94469
92642
17334
57007
23347
85263
29559
38416
80434
9102
49493
86703
40826
23348
60510
70252
91114
65661
65332
63506
33761
73399
36036
51355
96594
25611
93846
10713
2289
12804
46778
23655
17511
14047
26028
28116
38478
7036
57095
22656
26988
85484
66442
67651
35796
83511
81638
64283
6093
48916
28552
56597
24006
73944
2800
33054
16383
63730
57732
46484
77722
7522
94694
94352
74295
95187
64913
81024
90401
49285
5411
20755
41609
66242
12952
92161
44476
67286
46799
53132
47534
26634
73551
6354
6234
51457
64925
25481
87074
28561
22009
27780
58200
96698
99251
83769
48200
44849
40201
80327
89505
48223
18647
28080
80941
8610
79678
13427
36820
57856
65959
18358
96193
85487
1050
26942
50969
90182
31160
98692
51282
50034
29018
53198
71259
68475
7347
78957
87842
78149
23299
32825
32286
82474
3978
23111
60926
28815
79340
93890
50437
67748
60523
49025
40648
33217
81172
90278
26449
24009
92110
39643
82740
14570
19720
66616
2412
31814
81054
26092
33901
89104
57095
5137
53689
71968
27910
7898
81342
33269
10015
12290
14874
80129
15862
73693
88641
74879
14552
46124
45697
59837
49859
28861
31955
24266
2544
24889
47664
46671
67867
8151
79997
38731
88337
18070
15911
31985
28048
24151
53319
84017
13843
32596
64358
2455
75288
55387
88365
68457
50886
13476
3857
94922
81862
93368
10346
39751
86817
71930
86490
27155
44544
76473
47097
21635
11625
41844
175
60862
68901
30350
51804
91758
64774
35236
69283
80976
46221
18174
32995
64403
28108
13401
67143
14626
54052
91089
79628
58690
65599
21641
82277
99564
70843
95372
162
64106
10855
99376
74616
79017
89122
76102
92704
42486
43828
97271
43738
18100
10104
87400
42359
69721
28773
87566
22555
3229
56916
14012
52801
60598
66088
67191
19723
73214
58924
27620
23936
82023
10443
46438
99964
52837
61022
99965
88752
67609
11589
68104
95901
79978
1657
26640
81553
67691
44815
57682
65725
6737
44621
37596
59954
59870
99951
86939
88789
98468
31244
69302
57612
14616
62795
47347
13625
42148
72403
26171
95024
42195
86878
27640
94563
95887
64961
30314
40495
17665
32692
50244
6587
11639
39059
43175
35589
30405
23154
17201
18013
59971
91057
60483
39191
82759
86652
40324
9575
30272
22619
43134
82737
74867
85547
72335
29417
94830
23443
81535
84102
88789
19768
69896
34928
66316
61020
94215
80405
63014
97496
95745
65825
35433
54194
96546
69651
17304
3502
86926
10405
31675
7673
34922
55219
64907
33180
63692
2265
75823
68371
49406
35454
89241
65287
85813
87275
42215
83273
71046
72006
94754
52215
69633
36376
54582
41614
88338
17580
85527
37926
43792
15783
29193
70718
99192
97719
61826
25157
40123
26667
64521
46164
98448
50226
32997
23367
82153
30417
87314
24941
921
4586
14978
67385
79551
82197
77990
33438
63737
79222
66068
16043
34662
99561
26080
7098
8284
97151
94968
16870
23588
14570
11042
19866
50475
15953
9739
12658
36443
21623
33111
76830
4081
83437
21412
87548
84162
11520
88310
92541
34786
17988
70207
20477
27966
75152
95323
18987
51521
18720
7962
70580
60964
76887
25603
66934
58164
36740
34622
10140
75648
26430
81692
38204
15687
65059
96617
46727
70602
48714
54400
79556
91284
72947
89727
21065
20384
27008
22808
64349
22815
99227
60486
41766
4638
59561
46627
94344
65785
49750
88098
64177
25127
85001
88189
62957
32420
5861
93873
25572
55413
56427
39434
47024
86893
38295
52430
21402
49253
26747
5456
56836
70260
47126
1694
73209
97688
92433
72558
70296
21741
38571
44373
23332
83656
39181
23531
26300
26944
62373
8685
32536
55034
26354
11503
18729
80083
1825
6164
84421
68996
20241
48351
4296
54589
76537
18798
70643
55472
34779
69112
66486
81017
77338
33466
31166
65848
74302
31566
24051
64642
53698
25973
72806
37887
25461
86826
18478
87042
11886
15448
9555
33898
17566
77303
33781
85014
7748
25472
5967
87789
10986
96690
21741
74215
19597
41293
73760
22027
53572
50123
16296
97095
95031
90677
55496
76737
68257
25232
14504
52584
90513
3112
41983
52506
40875
32574
85874
24322
39429
19398
89180
9293
72278
56895
94696
59455
65844
94908
15700
1702
47912
1233
62896
9314
12654
54013
71914
4702
29074
85161
38338
58563
50690
1741
86141
58425
17870
10619
39566
58182
93853
7667
49702
61067
17454
44565
48310
89438
58326
84058
99378
39672
17579
65479
86954
22662
98054
84773
88334
36773
18445
23765
87984
24281
61808
74256
30593
88196
33111
63215
11849
53768
41250
9107
26404
69479
78913
39987
98800
82181
97213
50786
89363
6738
84728
44563
71678
19194
43900
92765
99268
28726
65156
79837
49921
52277
13351
31972
22267
54512
68234
76261
15956
29162
78184
37147
93279
96213
66221
16077
33845
37159
5716
61611
54452
90373
1932
76597
30140
65868
6454
35331
75190
94866
1358
41649
22600
33206
87616
87539
70388
60811
81464
94458
33622
15956
43993
47579
53982
7304
69622
22418
89428
81494
52261
289
31549
50187
96607
95243
62599
76886
18672
68099
28453
40082
97344
3308
14616
54459
59382
59309
56863
39688
21622
87725
46333
52473
68530
59062
12983
25385
95737
90413
8790
57901
87171
40114
30451
81622
44435
42129
82264
62135
64257
9245
18417
42102
44298
5294
32595
10067
35688
69652
69966
80968
70575
23127
45175
38214
6636
76223
69625
56641
58365
54351
33626
3403
32647
44740
96897
61568
91526
84235
31474
3045
44559
24160
87352
70086
65412
13863
6806
85774
51363
38684
79906
8885
38113
27062
82809
48215
28486
91949
71914
10187
22133
68625
43268
57741
48725
98622
14468
55494
54586
90488
64171
25870
91891
34361
60946
27389
20197
90372
9781
19013
45654
61099
13458
50859
13075
47476
4805
26416
77774
76824
60430
68391
90802
86838
485
66524
77655
6451
86517
90306
67532
96622
72709
36202
80825
39082
7135
32083
31308
3727
72051
65330
76126
20339
85672
278
10642
48245
88832
86339
50880
66941
38635
32454
85596
70224
26352
53365
99628
94907
15051
4125
54060
38267
53395
30156
52370
64386
82826
34620
96248
88437
59903
15750
28593
29643
22253
98483
6504
56110
79246
30295
48390
50958
68471
77345
87315
10020
39016
98817
78939
7940
38377
94666
22316
75664
80849
74243
76706
87328
41133
50922
76376
16333
74445
49209
81820
54099
40919
32184
87616
64222
65132
65889
11519
91083
87009
28617
60685
3610
7835
55609
55155
52308
49225
90535
13080
40759
80993
49451
16943
98608
30743
16472
22378
76206
81854
32513
78887
17952
89823
56091
65757
22081
14788
27552
39301
18906
48421
42121
28577
83436
77872
14277
67324
35229
38580
5553
87684
8423
44924
64070
38261
91333
56555
43651
25948
19500
80733
30479
14759
96963
71902
13990
55140
80064
20787
48763
91328
16962
99296
40008
63394
92017
31812
31895
52491
29048
33662
78383
84227
76176
42738
16137
17144
21298
7994
51281
11474
97646
80019
70475
97605
17480
50496
5656
7985
87823
80262
6791
22371
80170
38063
31676
36325
2207
89476
1063
27949
940
27632
31125
79783
36472
68546
92185
72180
65183
61444
98612
451
89813
24846
2142
60929
38677
52768
60919
68314
98168
45631
4700
56033
33220
53082
1276
17739
26085
35746
86835
54281
70989
5375
87871
68115
645
76707
27625
15776
82294
95929
11858
76807
14248
81452
68772
81214
99248
37420
6084
34258
86263
13718
15543
1240
31594
59773
19017
68375
52598
3923
36258
97019
97316
51164
56140
84367
30575
49358
42673
313
57510
22678
88346
24020
18758
55941
20400
50689
62865
33888
67903
92462
36286
21784
51035
69305
22327
56737
49801
23104
37541
53523
18492
38209
44275
50132
46373
81200
82041
87262
9896
70638
56471
36000
51420
60975
15278
83955
65415
22250
32768
98075
68063
90865
78848
52766
76896
19833
98944
26773
74286
94381
45284
21981
28660
72401
15126
60180
13174
19753
92318
98613
79153
90159
57110
89775
2575
89178
24633
12992
86077
37753
20229
18044
68480
9106
34501
78180
36120
3442
10134
1972
40018
22268
75388
71845
30156
48289
7189
17136
21648
9707
68206
49102
37706
35516
24757
81026
62823
8003
26306
2056
16083
17750
13132
48947
68920
57581
65972
36855
50758
53254
84139
40750
23130
34476
38191
50616
36917
5195
23207
5044
52462
79355
1427
65036
25693
24935
419
60544
8451
32666
86810
72238
85322
14196
17638
94053
73063
60965
64826
40833
3951
34153
54977
7338
37344
17654
60480
35823
35084
45883
71920
88831
91308
33236
68498
92118
86755
51266
44010
49351
66372
13338
43990
77126
37212
29497
92523
72959
16142
49464
82110
56270
48249
24432
45082
51732
7479
33310
53818
36718
25483
48642
14982
29466
67131
8683
25709
1166
329
95511
93643
34242
93709
16462
15663
99686
75372
53352
96461
90766
77569
90096
82904
97808
63535
36090
44204
61688
53642
1728
56568
15203
61253
1763
64407
37749
15729
153
26491
97712
64145
68858
43855
95047
90586
72192
14558
99266
62354
80349
15126
750
45976
95489
56591
24303
59973
8652
41655
16755
52010
24519
92080
46366
67942
27679
83245
76295
20876
26427
75673
69456
77246
85260
95379
1204
2607
39868
46809
90460
34951
15706
31844
93635
28794
29934
51690
92543
68435
28325
54394
69219
10640
62344
4646
69678
3257
21444
45564
43672
80102
46951
96298
55372
1872
357
50251
45654
15891
6497
57065
55470
33406
49829
10715
54861
36311
44487
86229
7734
12989
92009
66962
38696
53476
2483
29028
33471
82892
56415
56994
23793
92837
31749
5653
25705
47975
87017
53373
48037
77228
92380
311
32927
72380
4094
62440
97556
91214
59988
68937
81288
47169
37608
82024
41740
4691
23136
52596
37149
8238
60585
82909
98031
65592
31640
76220
60397
7556
62877
80523
63145
94260
31375
25783
47464
98
9255
30333
70523
11089
5982
49874
30789
48967
25303
57760
24927
68102
55509
50655
76813
99430
24457
6329
35084
87407
27311
13851
941
78620
3991
44474
11024
4768
3769
60956
32185
5024
9312
12386
10883
44711
16168
93425
30394
25337
37328
87295
77226
34356
34019
44289
6851
15866
58827
74487
8382
43252
57712
96079
69500
34957
85219
88663
87249
11492
80736
49240
97361
25845
48274
32713
79734
82513
46886
18264
37558
43914
19483
1374
6059
72337
75408
95601
67881
2068
88853
78949
38711
88028
73563
54627
55145
37269
93987
72198
60846
19494
85529
18425
23920
8817
29756
74563
50232
45275
76768
65954
55953
80039
74689
67600
19336
83306
33510
91632
91788
53740
74583
10769
38418
43798
71175
37333
46080
12734
49710
11764
1430
66525
2017
28456
90686
46059
76653
36550
14676
98441
42192
39412
28544
95038
1984
39324
43033
92471
6020
75085
90735
16602
33685
38693
20916
11619
9799
32862
320
95593
14119
46629
66091
80426
75613
9634
85429
19871
95340
48882
84665
57161
9577
82928
64420
1988
17212
66553
64972
74834
90417
98979
52954
43606
64498
19302
16510
8351
18925
38478
24455
90209
20883
26873
71255
65909
4961
35295
69285
20009
38720
62613
58838
70190
59133
26722
10940
46492
17435
98557
82893
56621
17630
23906
49121
63177
27030
11814
66795
79849
61163
88393
91980
85310
60432
80901
27927
88967
41944
46641
1992
87671
66733
84029
39288
18222
55766
96843
74974
40838
20402
50391
44186
27676
22440
57161
53360
60148
24589
64295
39396
74601
22336
52915
68879
73198
63853
70838
43454
58161
39675
66195
49170
5305
16499
10262
39127
70933
18933
90429
34197
83399
37856
86173
58411
44417
14353
78725
76203
61470
99366
35443
27440
80952
7557
79544
89696
38145
42643
34835
15917
32854
28635
84518
88419
71395
316
26873
89277
81209
40005
64671
58357
72260
52051
28576
69065
71559
65981
18936
50443
22073
29004
5054
54347
61788
55980
42971
53717
33801
64408
47491
20729
63716
95765
1698
53046
87153
2304
37100
93156
47764
31764
85694
79743
82200
95627
74668
9558
33930
9664
22848
16502
33747
19415
22809
84569
95471
26681
63006
47749
62499
83682
65659
75132
42148
5045
66989
12792
59283
95589
72016
69147
95858
73654
31263
38960
44122
48495
93739
11417
17292
46012
89100
98838
54592
93883
41860
34494
48098
64339
45115
8821
81791
11747
78138
49106
12476
44483
18039
22836
96110
32761
82939
65874
66363
5741
17776
83878
85768
18356
99104
52748
7289
37849
20228
72090
59876
8103
57656
57593
12946
5105
83546
76743
31522
27331
29754
62815
94326
97387
43013
90765
86311
1717
59159
27771
98108
55064
69285
92677
8540
54865
75027
93450
15504
58175
22746
92730
20108
9284
30863
37451
48549
90874
67041
21055
24134
36732
82681
6060
18077
44239
73399
90555
66425
43398
95187
63258
34672
63758
1097
84223
7981
39850
47255
99116
76196
17266
23556
35869
85990
45777
14130
46450
96091
82108
96757
60675
26465
88860
13524
46014
56378
88242
98300
22695
85675
74106
7323
90491
95437
29531
35074
32600
38312
75944
82895
72363
84718
99600
50634
33898
46565
68801
40983
11820
67569
36345
17712
44130
60858
61576
99087
39306
15932
96874
78817
5943
88977
84711
74893
21817
57278
7861
26847
8879
42947
22327
32263
52681
70863
12465
45633
52061
88436
61200
58279
14001
29119
78089
77210
76620
91673
5194
67967
85346
81966
31073
7239
20216
73703
30283
96912
59427
77032
20878
93652
23582
83574
94213
34341
83308
56167
87957
85949
7297
41889
34683
12883
3969
50008
92987
84067
82484
8236
32457
50193
74535
29023
21642
19927
71251
21665
50774
30964
28468
25026
36954
71255
12282
65609
27719
37806
98211
71474
5933
48197
22706
77187
71411
73608
6761
23766
8310
44304
44891
36401
74637
96553
29199
64114
12950
35287
85092
97026
27689
51687
99762
91847
79505
32771
83501
11077
29786
45576
5484
67363
53542
137
45391
64060
49587
79002
57401
94312
7709
53639
27208
76438
9027
37374
85416
95509
95216
90309
93072
54838
84341
92915
78088
97249
94424
75635
24637
88288
1830
90720
86678
26506
95637
4799
59537
81896
67912
36811
80476
70927
8636
26581
85945
40198
36148
34057
97426
43427
26791
79632
7597
3437
27155
45360
88769
87493
72162
21726
61112
83116
40665
44797
43234
78353
46565
97304
11884
28773
35286
75390
72877
37640
78458
78107
91446
53781
13781
97811
89698
66360
93403
18574
82406
72203
14674
51719
53424
97942
42209
38226
48293
58548
59393
99410
65126
59246
15463
64556
59327
37029
81685
69890
56546
34511
24978
15621
3446
39276
28034
53328
73245
13360
94027
18456
738
77937
32734
44389
24782
70389
4528
71976
38387
55121
51550
79505
34172
21501
50065
1449
75581
91866
56106
22072
85480
59089
35257
26453
60329
73045
1909
4119
45521
68997
36685
80413
96978
64116
5167
6813
44085
28704
10893
65723
86435
99877
63642
36386
5594
29378
32374
25451
69619
93208
47234
94183
81483
82093
54565
87472
92225
88270
86980
10164
30431
5829
69777
27867
13406
53853
5727
23490
32623
4183
79272
15164
69967
7419
50788
50113
32488
69583
25718
39038
54702
96773
77785
15785
34708
49428
10185
47102
46251
38034
40330
6824
38597
4162
3462
97393
28756
32545
53473
14433
76910
27465
69289
2928
72537
5198
8036
77682
66137
59839
87676
90112
49143
16103
38509
73948
41348
74919
28214
11375
69581
15037
96775
68705
51668
59706
83325
25678
56910
76579
20041
7138
63903
97131
93520
37095
14936
59858
12122
25110
63334
19768
24031
3178
99526
10777
37049
41932
49660
15967
81987
42259
97194
96049
30972
68053
54711
1436
53209
77918
76456
16795
59176
52210
16065
87951
90743
81235
5512
72157
80967
84823
73425
9519
18762
22105
94056
99641
87940
64026
23175
8839
4930
88174
87526
48436
87166
26053
93010
28173
74085
11703
71227
16428
94090
59841
36980
91637
45558
2582
1633
85625
47492
84332
56112
50062
80559
65221
34580
79036
45675
55565
36612
95819
39453
6056
42628
7459
70513
74435
38873
22089
25586
2247
88559
46626
1164
9334
12551
5494
19094
89936
23600
79504
29637
48022
52747
35538
17240
85425
54321
77533
48741
52193
61442
41987
40157
44500
59002
51281
11402
25109
65113
26899
92100
87429
55846
2898
36709
58
10043
91231
58135
87544
2830
12317
86861
68405
60046
46807
41001
45690
72696
31421
82688
56377
99317
97560
13600
31241
61054
19659
75070
86337
1026
65851
13584
28808
40007
97399
16759
20809
49731
95935
21231
49164
73224
95979
1227
93612
96485
11613
81516
63189
64278
54622
25725
71291
48832
89601
67726
72978
50967
91425
60778
73809
89520
65994
27154
70344
57649
42971
96427
49219
47334
53753
10528
97103
15087
50490
49672
50310
23285
48274
16193
85363
15529
87062
25171
68062
70690
9410
34504
79028
62817
46008
98240
92015
56686
58943
50540
96187
15367
32982
20430
8520
55516
85470
68328
45678
83134
76419
19840
47382
43679
79047
54281
75336
52971
22957
8164
22656
53717
87790
42031
32149
58828
30271
15103
68827
29075
55188
14796
21266
54463
84929
44443
74960
84949
39976
41948
6216
31556
73310
95829
74021
66024
67198
59217
19793
14836
33214
91428
71488
43157
68232
51691
30099
24320
21775
2846
43511
61225
84670
44352
90082
46541
48685
1018
13347
15220
70256
22083
12535
68240
42308
92734
85496
98208
44474
92957
92423
93723
67648
22976
62027
79899
99920
26257
61097
87094
3181
68122
51538
35962
30841
39332
28248
12963
54182
86797
48664
14822
18002
17256
60112
66900
55761
6783
56266
92044
38588
33895
96352
48155
59461
4821
62701
6650
73594
40894
78023
93227
32056
82027
38511
26961
18842
65397
62533
96987
91732
84089
81472
82241
835
21731
12705
37811
94947
47170
83562
63399
288
32302
62700
5403
61806
71355
40098
85606
1563
58242
85390
93035
96659
7240
18691
84896
33175
67720
77365
33543
77031
13505
53827
47525
56235
63409
77085
43605
867
94127
94654
80784
36870
8425
21930
95244
21878
94527
97191
39041
2579
82733
14376
93661
58511
95258
3811
89462
89025
15735
99761
89578
3602
25475
38682
18663
58840
79632
50597
95956
95730
20812
34804
67174
86553
52461
98021
59452
54914
63969
31269
71765
47686
52453
91440
93523
49965
69329
81857
66865
68558
15964
79783
44892
22192
97928
56348
34446
30403
25682
39169
28059
97805
95850
85246
50386
68764
71511
6036
7055
58237
51076
92105
39773
75307
83388
33640
35687
52307
41482
3841
87826
66932
6340
8797
20523
8389
87465
95776
74093
27918
87412
92008
75814
60950
99852
59652
76371
6774
36823
96735
98005
75446
11051
82131
63558
76471
27913
48149
7034
53671
15286
51407
8469
73640
96365
22889
40633
83008
12673
28259
98691
90051
96692
7730
16219
42515
16924
64296
35382
55601
53811
54953
5882
34104
32043
86896
11528
39668
85872
43508
77072
34420
260
75728
54861
25399
58515
69360
63123
72672
21198
15955
7050
20194
30691
44691
19176
22353
13283
79996
55243
28835
52983
33086
99796
74417
73508
66002
73741
21784
46650
60715
46056
37531
5961
85415
70977
31677
90026
37240
55732
13463
19303
61078
71372
10597
51125
59747
23410
11280
33544
98555
93903
26702
19114
71662
53996
57441
94394
19896
7170
88947
47636
32793
57627
1623
26890
33138
62355
70607
18422
14880
26880
95155
36530
15342
6615
92280
26449
26466
76418
542
36515
30318
22045
28053
47342
81226
79639
80835
2461
47782
49633
47487
74140
22270
38163
24062
55042
57970
16623
59732
43960
89371
44681
71263
98985
59054
65235
29486
5789
53249
14631
22040
99107
72661
34541
75136
45582
38492
11975
27125
57602
50865
9357
66284
50443
42595
87810
15108
35801
25264
96546
84051
16274
97907
10385
96593
77667
91682
51572
19492
14587
48647
10455
29557
91930
97205
92980
38639
91559
45251
17636
8347
75183
30038
23347
43957
45420
51422
94840
33960
13623
36859
30726
39344
15649
52522
67872
11505
3860
65283
95835
59677
28949
98558
37874
12539
12872
11057
74656
72376
36536
80284
25884
9087
74579
50025
38897
40177
6600
77229
62494
5994
81461
26025
99717
44217
37789
36657
39073
47045
5333
92806
47450
10404
9606
28228
6269
37155
39082
8561
99874
48820
92918
28944
54539
63165
57715
4672
35869
37462
62930
76484
14195
43624
29712
59112
68620
73389
44215
85669
9602
77354
75779
56702
70118
74319
24510
24163
68425
2941
95952
13842
36148
78130
71977
29917
88221
50803
90819
43194
29348
67411
93026
20989
24420
10610
63367
68684
74125
2295
40793
99168
57238
96407
65352
92150
41863
21649
13463
88989
66380
55102
54831
65334
45181
44845
97560
24153
52846
26858
80324
59918
63576
28211
94149
87394
34247
48741
16460
49294
72188
39256
30291
49092
66994
53755
67047
34070
85058
97013
10120
59530
87036
62589
83649
70757
86446
53084
26653
90541
77408
20134
75032
31026
64118
1426
67283
58547
33376
55122
71985
57530
3686
88604
49422
90638
11645
69865
5812
55301
60404
15175
41506
49477
22876
31611
87207
16043
81721
29401
84268
82442
5226
65438
9233
64130
81377
92474
59599
37787
89293
19064
45120
96166
27488
82440
35174
69503
64740
81873
7559
78303
51514
47662
59513
87182
30944
25050
83728
84676
6557
99206
28247
62665
2034
64787
80111
77071
18575
59207
97237
71733
65
97227
92291
93287
1076
2138
22819
10948
58402
94302
7961
13815
43673
92840
28865
2725
25217
32002
26046
22179
71530
62498
76995
36644
62979
13519
47603
9567
77857
27793
24730
1440
69383
28144
46066
86879
42149
46005
87458
62371
51640
85850
97028
54564
43606
89374
75936
27962
92371
15869
30728
46315
49881
22411
62317
88538
51589
77836
36753
67995
76874
84493
70973
76424
57869
47740
51326
56903
60957
43793
15843
91281
1667
91069
89395
94270
30467
57416
7136
89564
99693
89226
63900
23744
3801
89144
51522
90157
14984
72577
2015
3629
30458
406
61477
69003
20171
7281
44237
52936
81428
44289
89925
75091
46973
8771
51296
91135
72539
93586
75942
40427
68302
35040
223
58211
28438
56072
21794
52963
94477
17503
56953
60950
81653
86167
62805
8981
58405
54123
56710
25867
82753
75703
15478
43726
43768
20751
39774
29168
20450
88139
28371
46506
32086
80045
91184
63711
81718
48491
31644
12373
56614
28923
85757
895
16305
24264
18933
28837
95645
47467
86575
93080
6105
5489
82406
77502
11143
89562
78784
1316
51832
90352
86742
66067
98355
29365
65507
72548
23481
45282
87086
44998
46472
53378
5206
43045
55024
23121
5860
54466
36106
56012
57244
52763
40852
55037
93895
41470
54420
87132
60721
34107
30646
21786
60759
80647
8183
76718
15029
10358
99847
54116
13916
11724
15125
17386
86115
48433
76650
70554
64749
57733
11596
81228
83786
12243
30774
72584
15615
81539
61458
86120
30500
57892
44621
81365
27662
87930
45461
87386
55285
49046
43177
44471
60222
14791
83772
93536
93188
10082
35696
61887
68186
79560
42326
27564
29675
84510
94444
46261
70556
60030
52249
96727
4647
60706
99441
63142
2534
49456
77210
34214
84458
79456
61626
32724
53005
15615
94014
3350
34766
13033
14590
54586
57349
8026
59129
34069
74624
10622
54014
96299
44526
92194
66030
3446
66618
75838
4205
6546
67247
98108
58158
62430
17854
71671
12360
52878
34448
986
25534
35024
29395
6172
64925
61337
99305
51524
84323
54899
67042
34929
64808
79987
17510
37625
62097
64887
71373
51823
49642
90447
77427
47456
79058
87737
28922
54714
391
2057
40491
70818
18621
18494
98245
29455
68982
2334
2436
87326
42352
97215
19745
40209
76888
3419
36084
16657
52482
64140
5344
22858
38564
23277
57050
53706
81190
49887
17440
88461
4879
57420
10385
82870
1967
19671
72163
49762
25301
32176
55642
64281
45126
1641
1188
3502
19859
7273
76700
82439
38500
26564
82086
45538
28192
72716
90954
51794
49535
13018
8114
81784
24533
76693
64995
77449
87620
26443
67478
58764
18615
50280
14335
85498
67540
73048
68780
17894
17292
33704
44280
23400
87125
78170
64614
52065
90196
33380
15881
61619
28992
84274
42581
73605
68072
73818
98216
27742
34824
81255
16361
47745
20717
76990
94121
68621
33051
22217
53129
12921
61681
41276
10671
53452
8922
50059
99620
90423
30953
57731
66299
84794
67177
63467
91586
17549
49780
62724
67001
33620
14736
73945
77379
36659
19852
67959
7337
50102
99935
95078
59623
1952
96835
66848
58955
75386
28014
48196
92947
95282
962
76590
71136
63270
49294
53143
18958
97662
81914
71403
8137
65523
140
96515
46013
91021
54306
83859
7836
60935
28905
48857
17005
352
46810
34693
26653
19105
17781
98455
53254
68767
1394
6284
59718
68758
73297
4710
45456
45670
44272
31620
14402
93291
89419
20410
83517
40664
73784
58476
33242
64877
89577
18638
79498
95510
96298
69392
95614
68127
20713
82957
94829
93642
82124
86474
19321
63843
33851
9540
26632
8755
55773
34563
23205
94941
59557
76336
31251
93354
49536
71950
11234
79386
80054
31274
39596
11236
60769
69569
47115
33948
76508
31384
75123
67417
40036
8247
17061
44012
97205
84180
91231
99617
58127
200
36819
13184
55709
10285
31435
70176
59299
21913
49980
92568
54669
34710
58890
7734
5092
21267
88282
33926
667
75505
51955
31593
24603
78850
84208
79546
53409
42778
24033
82743
33595
65899
96640
52616
91058
66158
50500
75225
67709
88539
75679
91587
28389
97572
70082
59397
20303
68701
65951
24479
29748
37142
24784
88085
59594
24710
7848
66379
74201
29955
95723
90568
94630
17667
70649
45726
35721
36950
21900
50192
23104
66505
50726
44732
43979
136
43269
29367
77515
46179
1932
79209
70109
14353
23832
80428
43815
10110
48451
88329
56384
42182
77965
81584
93789
88181
41793
17568
57937
17908
44471
9546
74781
93235
56219
8030
48413
98066
41585
75694
13145
10104
16450
63897
14648
86442
3513
79145
20732
4469
38455
93434
96978
2029
14809
94984
18143
3383
8321
13433
24144
9818
48014
54705
34321
99646
35664
77645
65816
37355
92402
5973
66209
22313
26999
9776
90266
22194
98137
25364
83331
32287
62719
97044
61590
43534
7391
86855
85272
55398
39273
82595
46666
55046
33604
26062
69223
68266
95276
96242
6718
51601
41588
37987
29010
91450
75105
59695
43473
33531
99940
80612
6342
53915
79629
46144
47089
52200
64368
24865
42402
36650
80352
61236
97394
27472
38681
31595
90020
82835
65324
77923
93077
72099
91063
76661
89432
97495
36878
89820
83546
43089
4593
30530
36660
74416
84510
68324
73944
93008
4132
69582
69869
66036
55368
85159
34749
84103
85376
92335
20832
79193
26087
32953
49587
68398
9350
9913
9222
14489
80625
53298
99995
15362
9179
93374
76491
89891
8123
13955
20736
71296
61472
8568
43338
88290
83317
73972
35425
47720
16875
85675
9370
97059
54416
13650
37732
68779
96887
43634
86631
75123
79392
69168
81680
94952
15621
77059
76013
47944
43150
77895
44003
95799
21346
64617
26973
86177
68599
66969
80290
69101
665
26637
70617
12087
75335
48600
8302
13482
87252
43918
78624
17195
68678
74196
66251
81434
10268
60596
88845
75591
79987
8971
57001
7246
19761
92455
96052
35095
32757
11935
4707
38910
49187
77951
35406
11888
15019
79405
30390
99341
29099
14616
62298
51050
42005
99635
21692
30379
88669
6394
85320
70576
50917
43320
52431
98661
16753
5136
77980
49112
55229
58817
50788
68207
70214
4259
22007
79658
90630
47154
66985
84935
34802
52955
62813
86945
38464
33491
64049
1010
49125
13076
29225
15421
58424
71784
50263
19724
71399
74689
39328
66872
9437
41476
5769
63806
84140
69026
48129
60239
92114
12202
54882
49215
87052
64187
23090
33187
66022
13262
16588
2466
45730
52730
18131
77642
29091
41829
85388
43413
75859
56226
42056
97701
40860
42470
89277
47869
28747
38107
53629
76980
97136
7804
31678
65491
2731
64195
40073
25997
11786
29217
13354
24764
50240
35682
64866
84609
50023
16004
73797
49565
30564
54146
1360
74120
42513
64967
4088
95739
73278
47834
1559
48721
21990
29941
39080
11013
66785
34608
23190
9163
62890
15568
45868
54276
50614
23391
5726
94147
54609
80471
52760
61132
79163
23986
27014
60473
15129
53929
76349
50374
4122
17883
44447
5592
10763
86885
45162
98021
71750
14304
48749
35036
65450
34754
70649
53328
20714
20950
33993
59012
42036
9557
60973
57627
23413
826
71449
43371
7412
76690
97116
51167
14869
45415
19309
12396
60498
46300
78543
13619
83323
36506
55574
68344
72207
23294
57326
93191
36196
36250
50204
20249
62697
35387
54951
87366
61782
91724
55862
27343
50279
78890
49137
1572
34898
91059
79416
59442
56685
81776
57498
27599
56464
43308
52158
68172
23233
34654
80336
36852
64417
41433
67394
92594
63822
16175
69666
78239
33834
14433
30182
31104
77956
43276
96531
49518
56276
57098
60929
87651
83415
82833
35462
11172
27536
98000
9183
89624
86696
62165
17695
72166
96588
57825
68789
18252
97442
82619
10353
45486
37297
13744
74744
43891
66302
36735
10899
90588
34305
69313
95769
17894
95132
67231
90251
13022
40036
33978
57378
6468
31205
8364
36664
58564
15252
88900
99573
30371
25835
31366
32282
13343
55389
50363
73059
44534
14505
33164
99430
66852
52977
45210
78747
35716
88618
7612
30835
49577
46085
11767
71875
32469
12234
10704
87544
70228
22485
84793
65411
51531
31898
4563
50804
60803
19253
20483
17334
67029
5891
90338
10483
13165
17421
39429
1349
23948
89182
36618
75535
51800
81273
42769
53823
65569
41195
84957
93577
69910
95261
390
79411
77944
65047
31861
64967
70718
62753
25590
29225
5300
70413
23934
18542
92378
94839
31974
96253
10153
97255
37699
5535
88677
42335
40120
71535
28758
61124
98632
99220
96031
24977
12936
64103
79709
47111
98658
2198
32983
76707
98814
35734
1204
14509
34006
8266
10274
20606
21763
60903
57504
78670
59236
54334
39541
2224
37978
41985
69443
95121
91238
56639
19978
29854
94386
16657
49823
36408
28678
27717
78525
54130
83229
59140
25056
96089
86314
69565
92383
58467
56478
6574
50469
38214
11611
81667
59756
20586
50936
31200
8472
45790
12421
39643
6981
267
41672
65766
64177
43255
51256
82741
33995
30651
46255
21560
31315
43060
21941
2137
30084
15269
51749
75354
93270
17521
97983
47523
191
68831
83703
25562
9263
67816
70113
39925
42810
88687
68194
69335
82377
96510
99980
64005
78506
12028
63820
12753
40760
6884
31382
26728
1184
78431
94549
27384
98475
47690
28659
7320
78927
99436
93014
67932
712
17030
61417
9710
13796
75657
81276
79139
55957
72702
77050
85
99894
11912
68416
73979
25014
80947
77261
37096
74252
11145
13074
5169
11707
60172
18154
34707
53217
51902
54413
46685
36337
5577
34598
37726
87320
36999
17568
20054
15317
3435
51297
8026
21779
51006
76517
21166
53428
15805
13057
5024
56978
57594
83356
31432
59545
17772
97746
52379
90518
86363
58073
72857
67573
4573
6308
66699
43476
30488
35983
67071
58173
27527
18834
68123
34104
1108
21812
22472
52087
94301
40898
60086
38617
56874
92012
68948
77245
25393
76260
48498
42231
86416
66256
88335
52407
3965
9433
39371
37325
33196
64878
30632
82838
72202
46623
44882
47767
13250
20417
13942
11718
14557
10022
64555
49870
45917
27582
51949
81977
71722
64820
59510
58079
82474
13200
69563
75335
73020
49434
97251
81671
76296
53604
91195
60444
96436
33558
34812
11502
72660
94320
94041
67880
52049
1863
97532
67847
50573
83079
65712
15725
66152
12676
86330
89804
32871
77956
47538
35631
49470
32071
10970
85855
49729
19186
43199
71995
45231
21043
51134
13530
60789
96008
9847
11335
80385
68549
93669
11076
5754
79934
39956
72922
63396
22942
75309
36322
27652
34458
50014
73525
57052
9712
48420
30438
343
80360
12712
13705
48557
90834
32508
2555
37519
82720
23102
96046
59609
63070
2373
39915
49192
70207
82851
25384
28505
72129
53920
6509
69212
11100
51349
22460
76128
87414
81128
96918
9920
39699
50949
96123
23142
56618
57314
46121
5938
54277
30678
56793
78459
80132
93492
37198
86965
3989
57133
52458
33790
18086
16147
22305
4043
33874
48769
67706
40386
17031
21293
77190
86064
22344
2770
19670
55941
6115
21109
43520
52646
29671
88712
58751
35422
22796
52344
35543
87184
40263
53600
35067
29150
74802
47112
95243
29779
68083
89273
44680
97138
72813
10726
39557
53244
19253
79654
33298
69363
321
57807
21582
66574
6594
36879
78355
52635
42400
88445
34948
39191
86749
59015
45757
4629
34626
79751
93927
46131
40173
23233
38691
43801
97023
30319
64082
48170
96124
10088
25174
47549
92564
57598
90878
75897
13862
41713
25240
75603
44564
27901
21271
11703
53824
49055
37392
26084
8762
20887
42476
73293
70382
31749
80040
59853
67567
22516
70330
10802
41955
84167
71067
77912
28469
88996
39252
40194
63682
16746
70155
73738
19585
74355
22338
70857
26224
48476
26515
73394
66905
82249
71240
14082
29119
53562
58322
28442
62758
46895
36040
23320
76844
61862
69290
36327
32784
64996
45033
44699
66900
94968
8081
94652
7592
14854
33599
24273
37644
40700
41446
28239
56904
79704
45187
83650
94543
95690
24250
71787
31497
30673
43242
97932
93023
54419
43845
91014
80578
95466
64061
70382
2847
91577
43510
22562
70714
15067
21288
53195
81002
10177
18597
18812
10348
78382
13385
4645
83178
987
55239
11215
58351
16833
20092
5531
61494
85667
58376
78965
88746
65987
34663
11163
14016
12666
78325
1132
52612
67213
2236
57893
46594
32246
49664
81687
89392
12820
34501
98836
2842
50404
95953
10321
81552
39685
97408
97497
37105
48736
64222
82631
70501
11187
24314
86636
61016
2493
50860
39209
93723
56552
96204
39104
52198
56233
78532
40409
7021
11418
99953
61597
82341
22021
73681
73109
77573
41186
45668
56087
17669
82313
49485
71386
61143
55614
21022
17619
40220
90051
47951
63125
77721
95300
27473
10131
59504
59329
53656
59546
43134
3138
93579
36756
61552
77644
2395
25932
49374
18759
12377
85007
19828
28026
29497
94467
90533
39490
37044
7625
95849
21372
25458
93729
48146
38076
71892
95746
34940
66233
7238
59913
36112
44390
29148
13431
49575
57481
40328
60719
28581
6244
51755
23091
87843
59301
59580
28886
88155
40590
53612
40468
93281
35876
50402
75968
45156
30131
75378
8163
20295
45286
71090
63146
13216
75311
5123
23112
25117
89662
33164
68861
52485
20468
85112
73603
39755
64203
61943
46215
68981
86780
47494
62542
93072
91896
62881
34205
73828
6964
90741
37664
40582
2711
55056
16340
56499
15919
29438
30780
39641
38753
19120
82992
54393
62715
79928
63960
58964
44130
18367
95913
6352
47697
92966
28446
37438
51472
81130
10188
84764
82993
26015
82478
49840
91221
86225
44216
71879
20112
67557
63112
90378
61873
1519
77244
9353
56799
68570
6260
42142
86073
48950
70671
81232
73440
90920
35815
13902
50393
14403
3725
48732
81365
15808
70585
1772
58055
61524
14738
76488
87062
94721
23112
86077
94739
12546
18616
43594
76962
83109
72676
43873
14191
66475
40918
89710
2770
69174
42868
19383
87033
65623
48628
18830
77690
27543
77770
37739
44970
16120
99019
89126
553
74609
37277
13704
31213
71923
7555
47285
84941
93127
18025
26684
76627
28078
67971
93472
80618
81197
23247
93227
24259
78363
28432
57653
44144
54224
44440
84752
9000
76956
28705
44858
72059
45710
32564
26918
32319
6593
57325
60635
20680
4157
28228
81432
86909
3018
17069
91422
93524
94087
67312
97562
92294
76958
11839
57673
10084
78714
68568
18991
32176
11997
14552
43534
39859
30620
58120
82349
56383
76386
61100
70170
33004
62578
71528
50710
32249
50451
24844
54526
80809
82901
17169
6812
78085
73888
66145
56669
53023
72175
4587
91112
10900
84736
44905
39363
76061
93921
26071
40906
95990
96081
10332
65682
11690
94190
85680
91811
64455
58599
39505
44663
47486
20362
85287
29447
73397
53302
93120
63420
18403
61662
88786
20084
11394
84127
68295
61345
80855
21125
59978
96981
23545
74666
279
32257
62139
28619
42060
17694
15734
2911
11952
14878
14893
31853
40695
54711
19261
21015
9781
91806
18848
21803
30844
20915
2885
33088
13012
90010
36569
97487
84067
88489
33572
1678
88062
54147
83342
15419
44123
88379
76787
18663
98486
71784
49612
7872
5398
79648
35945
94993
37676
19517
23697
87074
76264
75441
17892
78398
54681
95848
85283
87835
21506
69743
44236
61097
28090
7376
84969
83184
37817
75766
55496
62695
10975
82723
12432
7561
40925
4692
55175
62687
76776
40592
81812
54090
25529
16743
16542
52788
58639
81106
34858
4937
44328
52683
78565
98530
79467
80979
9215
60278
31479
6008
12193
82673
99842
78526
19322
53
5060
59245
31852
47667
5961
97836
75417
49400
81368
29386
27627
47552
71049
15881
43088
24459
86976
80074
60346
59361
14660
93659
59936
70562
37432
73068
94836
720
43799
9277
42122
36942
27094
76997
45100
96567
95550
29779
12553
36596
36304
61510
25895
40432
25288
85775
44529
41718
93276
79296
74206
18724
6074
49982
37601
47794
82188
12899
6978
9098
661
51457
50171
22421
51756
30075
77618
75042
38852
72996
44730
10239
31805
22995
23192
76496
17590
7627
36124
54228
38736
97759
45586
2477
73082
87187
80968
3158
7813
62495
12951
83298
47285
97060
95084
2597
85123
89422
72590
50057
58805
6064
61506
72634
27431
1954
52496
74556
58151
23246
41882
56717
13351
75176
63454
85110
93578
8335
45065
4463
14200
70315
56275
92369
27435
31249
41958
4583
21446
17387
50976
11198
35941
43727
7484
12053
51417
12002
70309
50285
93146
43475
33274
65795
86639
92684
77960
66554
48089
23989
44740
75947
64462
29640
88845
78026
9497
58942
85315
3902
49249
11132
83217
69671
37166
73992
70321
84845
73347
43886
49394
70491
8414
28265
7065
49752
52663
35745
1849
85010
17168
39666
85035
10347
71826
10549
74208
98370
70287
21706
56432
76645
45509
71743
28362
49378
50843
71845
41903
54007
41896
98246
6353
69262
57563
64105
44673
44230
71508
88412
73968
17809
68352
51828
93320
45339
89334
35983
48499
91059
81029
18403
82129
48071
31107
68793
13524
85869
16678
15938
41263
57196
92050
22093
11538
33349
46195
17622
23496
25447
82601
59372
93068
54124
45853
91217
76937
78861
79774
863
86433
45436
58049
32758
67278
91731
73845
49579
3592
8008
54964
30935
92360
82518
72268
72866
34856
26619
15978
33822
67349
85335
70139
874
56201
70193
32734
78065
59231
15437
37143
95776
13664
77756
75871
90488
48562
14643
55847
56909
76132
57425
23464
59132
40761
63130
70461
35382
64999
67164
31944
66816
37965
31549
17242
21
55902
33155
51309
52825
24110
53448
46547
93277
10895
95871
90987
5909
64737
76152
1886
62129
62567
73028
83209
38370
4801
94862
12653
40586
41639
26312
51266
39984
96873
26234
19033
92515
53329
55174
74681
241
58671
59716
11779
66616
45128
20136
56560
58713
74823
62427
30313
71373
9857
22254
28163
44080
78239
43638
76688
9163
36678
52872
59802
10657
65503
82866
69424
56943
69353
28261
13721
37320
53622
86400
63794
29667
98267
53623
24156
70227
24662
43861
79652
52924
25704
54200
62152
25031
97443
70670
63608
19570
60690
51617
75246
13488
82767
61200
2383
89611
53339
48633
83723
84531
36325
88065
1609
59209
7986
21659
47695
95904
77591
82227
63312
57867
81075
53719
98947
69389
54010
90869
75058
42237
49377
21537
36626
81874
60235
70792
79272
73428
87620
58202
63742
85367
84120
18439
43375
97818
85183
61426
3964
28234
84673
67973
13117
83016
51714
4053
98367
7067
98511
83456
27784
13999
36120
26047
98917
74456
56937
50340
22678
50483
91239
36967
18384
57243
89197
13827
82359
93914
93053
66433
6590
15690
7196
5502
61801
44455
34951
96037
19347
43533
62240
26717
33293
25581
16640
1586
80663
61174
21745
65724
95011
75233
89206
96207
1002
59647
78565
5397
19590
30887
59541
74575
29558
57099
28092
6543
69849
35113
50992
4870
50970
42193
84240
21051
20904
32510
56632
35699
45863
7133
82268
16856
39808
95408
20239
32816
75385
80468
55958
47030
18646
30216
51782
248
32130
22293
99711
95329
83010
22284
60589
48277
38889
70901
1223
13370
85885
67028
79094
67141
33533
7267
13334
7218
49133
61620
42968
92342
8241
5486
6270
50399
89071
80695
36552
87205
68927
42911
36475
97505
23966
83982
49416
30621
99542
91385
26715
5280
62172
64159
19795
60776
46738
93450
83671
559
79892
16631
43132
47091
66372
696
7709
47737
19056
98220
54560
76900
83123
27126
82592
44702
69295
25547
21969
15844
75483
89908
16736
86881
40992
25136
41490
54385
44219
85288
88258
23483
69941
73652
79378
3401
34455
5841
5236
61281
44625
34260
66612
94739
46762
53632
37435
72024
8145
52070
95608
56602
41786
18140
12691
87484
64643
99651
84525
80339
78826
20467
72426
53722
77509
96641
26329
25734
15090
79113
28117
87765
29383
52373
85289
64501
99826
1607
38482
6917
65054
48727
52881
26215
46465
78078
3855
27966
31981
15451
70917
64034
20646
89619
31235
44741
48166
86296
55335
56736
10591
82198
79389
61048
12501
72013
96218
86126
33966
88855
22426
1117
84963
12459
15084
67545
20691
96874
24012
52466
74450
45868
41921
16835
89284
78111
24250
80358
59134
86194
26158
75286
42433
95112
43457
98135
20434
14972
24232
2259
65782
88361
86538
95984
98637
15360
12405
47145
55530
52984
15582
68845
56637
58201
62862
37587
49674
82024
5688
7490
63651
12604
31196
16522
1609
44571
2229
83284
40429
84337
13408
5051
71065
18380
59621
98685
6365
95959
35385
88087
87044
7146
46643
78939
75479
79487
166
88263
28567
230
44397
11002
67962
6994
70623
61481
12753
62237
90827
66322
69448
92178
23401
55652
44445
8904
22311
47360
69036
97985
15697
4465
95649
68835
86882
81939
74885
68611
45457
76372
4617
6378
95919
64739
89216
15885
7620
56130
35563
69704
65288
14127
22538
33773
83782
64722
97636
14445
89324
32415
34731
78047
52951
97604
81738
98893
49206
71527
76358
49032
69524
79191
27288
33871
78102
61832
31098
24681
45239
7876
96400
42900
40331
53921
5755
97446
64689
60589
94172
66798
46869
41063
28822
72115
13429
18832
46572
17190
73656
52060
73868
7057
81594
58007
9788
64291
6001
41696
14873
51320
56256
13959
12844
85846
71346
81169
26897
11529
87384
49349
99857
32576
83792
98395
30009
9240
38202
78230
85376
121
32568
91484
34226
55275
4533
31631
80582
37479
58863
87903
30608
43099
91459
75261
7468
40861
59410
21610
67089
10462
5522
74201
15826
57232
67673
99994
68131
57740
69199
27837
74524
73750
30895
21504
50133
17411
6367
95168
42364
24861
63780
73069
22621
5281
63011
47235
8398
94749
46047
82635
83821
2280
95080
75556
9046
62579
4085
22489
81122
36570
90980
60769
37475
22779
20124
69540
98880
42720
73836
75362
76149
95722
86293
98155
34018
60085
26220
84032
13802
54645
77079
8894
82286
4255
77512
75549
77819
62683
18907
98445
23616
23788
67457
52220
87971
43112
1060
51781
8665
72240
34519
75655
96172
2666
85363
39236
85683
9748
59259
19815
50741
49136
70732
95503
94218
33703
83480
60298
2527
97598
34452
70544
25862
47786
76106
30783
94102
87212
97362
2693
34793
16952
66992
66622
31486
4938
91310
98912
64817
4148
37888
31662
20913
54761
37928
15059
5093
14491
35732
36979
73726
43667
33621
83419
24876
92060
57649
75039
71862
48227
11126
78614
81749
67593
6368
86629
57149
63545
81359
145
47026
64276
28187
64204
67969
1835
80138
18375
28473
48456
52918
82912
49146
77250
73214
89914
3304
54210
71171
82172
7148
44694
79795
80617
73525
24584
73570
830
74008
24730
34721
99837
55090
60979
8861
81080
43465
19754
1122
73057
17768
90885
26661
67155
59893
20393
40511
34259
80689
86878
11547
82922
21528
13081
1515
77920
96967
12565
97882
86401
50697
23164
93672
58080
98288
60780
51156
60813
30754
74911
85369
60165
72931
12880
65810
13398
89207
47277
61302
292
25558
63005
781
27104
43763
89406
99703
60394
8690
33212
24149
632
41195
62997
2863
47872
49509
8008
48479
17574
56804
15325
43484
88256
95022
76104
55328
70336
30297
49106
15661
59690
47226
25167
55001
84942
17900
28115
49154
38226
28544
49637
76438
85090
11560
46234
29632
16707
1147
50367
45769
95031
5710
28902
61469
1406
42148
92227
93319
20051
24976
73813
35575
26566
51962
74342
8723
95860
12289
51736
80710
43568
97876
88666
51201
62373
58235
91860
43161
38015
66623
11088
19699
19274
19088
5340
88107
15876
45690
94300
7282
72090
49696
27682
83011
92081
33695
78153
4997
87664
53467
98134
79020
52684
35035
50681
59927
44733
11468
83534
786
78050
92384
23937
95119
20134
61795
61309
51708
11284
8915
73418
49668
90224
29974
72176
12979
62036
40575
3386
7490
25850
31564
96492
88784
88166
23101
58996
71759
62335
28789
21800
89135
64924
43581
24315
85615
84548
47396
76130
97147
12271
28628
66491
47873
42471
21189
47050
7275
