56074
37402
30045
64569
11658
82125
23613
92918
75625
80589
62236
59265
33620
73060
2002
18821
28954
1024
69518
50094
92034
98031
3202
35218
61998
75435
8186
93368
39647
61113
18978
74337
245
93518
1168
95625
15146
76103
20488
9243
1851
75291
42710
20417
13309
50825
75235
13689
49110
13482
41448
46961
95688
65581
96290
84011
64607
60784
25998
76763
29749
28702
72897
10370
96666
77548
30953
26043
34565
9346
48689
50997
48590
20333
62406
72421
76784
64936
35396
83528
71613
21878
45478
34422
74550
29910
85768
95222
74288
21106
41020
74610
92435
16717
18189
62255
88122
92338
32108
83512
83500
72181
63585
57027
68706
54592
18017
75705
8492
61924
99991
64004
12395
54987
17825
26934
22261
67598
88724
76707
31080
60649
16983
9255
42308
82170
72716
30129
36631
2194
43288
79622
12002
90718
59580
70852
38585
94016
46915
93396
81231
89425
28702
73657
15525
78509
67543
19692
76601
77422
14720
91605
72932
72642
27373
32127
68094
72591
47738
436
21485
81748
98689
13246
374
21826
22176
76040
98432
53751
62301
13755
78729
93679
393
12814
77638
76809
28356
35548
16016
53983
58291
98412
29251
16615
80026
29052
5170
46843
65976
93739
55831
36088
90283
14460
37099
90065
17241
94311
63126
37124
72685
70313
35717
81189
19946
13002
82717
73561
29770
71719
62671
36223
30428
41578
6878
53689
9060
27766
96346
48907
11113
89069
65465
4201
36646
80974
25681
15680
66738
92981
87041
17968
64901
10461
94337
14901
78087
46706
76378
75368
93948
29843
46873
6122
5168
58758
19063
34108
61734
75767
18044
2777
43814
5543
5788
19336
72369
79114
9294
6428
87849
33339
58496
26114
24852
5292
9318
89653
99973
23998
5441
14790
61079
96341
87799
36546
69688
43373
30236
14529
49693
33257
25432
98574
91015
90371
37826
23717
34372
21882
14243
65347
7816
99395
82568
48396
78187
38639
54848
90497
1012
4857
60580
8129
774
79555
19107
79169
98470
7048
83001
18193
65911
88355
99218
98147
4315
78721
40213
75294
1139
80540
87574
27967
82180
23817
10653
35086
15807
79750
47693
73239
97191
30396
90683
41982
35176
59830
66691
35100
62262
50911
46405
59001
11454
39983
82409
13983
22955
59250
72608
91343
50078
2167
89397
53374
61505
36603
6469
48479
37337
213
25855
19450
91563
77407
74828
45885
35031
7420
68404
73366
36536
14381
66328
67037
54257
97213
5455
12733
86481
72229
18248
9647
61658
78386
56781
70069
77668
29480
98813
17452
56102
52630
90839
26801
39413
38365
93539
6004
18320
72821
59357
11857
61056
88117
48527
52538
51461
53805
33118
23507
57979
27143
40035
80238
27640
11200
22226
57775
71021
41976
55689
95630
62469
53008
93845
73755
52028
375
30871
50606
78735
5429
86863
23808
83892
82338
66932
85299
44968
11642
76627
11502
19549
57558
75840
38989
28033
31314
54028
54927
74443
14326
79481
76503
73339
68650
3505
22407
83690
77150
18787
62125
2649
19099
22217
64458
62181
56591
30690
20440
89927
34040
92621
72628
93240
19042
57128
95651
50990
96115
50907
78423
134
8517
90647
60710
27340
33733
91247
48038
82463
27618
75069
15783
27798
3687
84083
60805
27386
55752
67547
70072
65587
91721
18217
42851
78502
41833
2544
75409
93007
75895
32273
17256
48807
75493
4442
59287
16243
32733
19084
78741
62226
71278
16856
66927
67463
81767
23915
18029
33699
99879
37501
97036
72033
94441
77883
77314
78225
34766
91682
69594
6372
16650
75782
280
75764
5615
49248
59765
68294
97694
80050
14891
13613
58548
16551
3523
53417
76365
58445
36246
14796
15553
73731
80803
4661
89942
8117
84841
60948
94504
68062
22235
99950
92284
34570
47463
45377
38815
41685
60477
68783
22963
48271
19477
92605
61728
26887
16554
41583
79557
69916
1836
24778
17995
43975
9386
99852
86242
36643
13445
82702
93392
75167
62454
66659
86756
64349
28694
43068
97750
93356
84491
28858
79405
51473
38814
39580
5311
19395
74472
78256
67105
12917
73917
22098
33049
60193
73456
29094
72064
92067
59933
85299
16241
16862
60222
75053
60637
23802
36221
31926
56450
4771
24134
6552
57614
75972
98275
17692
34702
72237
94914
40940
9146
65822
55614
4197
24824
5726
97928
2700
98043
58294
85721
88202
60174
96175
81009
73034
58218
58536
73315
58146
97676
40124
56135
12346
7918
37235
69097
12014
3625
23421
99192
44044
88724
27658
37470
93221
38150
3994
11893
23581
66541
62463
85070
92409
6726
38171
4263
30548
13812
67673
23125
75363
53234
16233
86047
48973
80299
69751
6125
18034
47874
92515
54059
94144
20191
29155
66827
20179
98577
34597
40703
16070
48130
3041
51683
9038
34529
23253
84650
29747
79646
91854
7352
6960
74503
21665
71054
45518
12790
61484
13473
98315
39892
20899
23847
49371
44218
2201
43233
1058
52918
41908
2316
71289
1199
90002
60943
60628
39436
63237
26817
97712
77344
47012
92854
29332
58843
33724
51391
70493
26434
96689
19541
92770
26807
42795
48821
12770
74995
74670
52624
55550
31544
95211
11173
65545
6291
64682
16500
97290
85812
74150
69113
81961
41819
47400
15653
54006
68727
12279
97862
16104
96954
68664
24011
18701
64988
74078
29866
87475
77033
60580
89529
44088
3109
16450
97040
87735
9907
74253
8010
81076
36445
18428
94844
13107
99579
23392
49574
95135
37529
89877
95576
30006
86860
98982
30937
23154
25665
1265
48583
17005
37107
59321
83006
24241
38477
99035
57577
48289
83423
21911
92191
38106
90574
36481
45574
62001
40485
7059
67922
74744
64560
21956
70207
65521
65715
14597
69444
77638
17933
44097
73757
73746
14900
78840
63195
5134
36392
19222
11633
53434
23777
53505
60200
8698
81631
5332
99821
6031
41669
95944
4132
53869
61374
65816
73068
39366
46246
77976
77232
75190
66249
55390
94375
79238
30002
2753
84949
29250
75107
81497
42849
85883
36615
16712
80006
29185
43141
35227
91166
8684
78214
24820
96511
72131
59167
90504
58549
48138
52743
892
78127
83444
30827
21405
78514
14707
75794
65888
27160
36659
86791
21871
48458
57728
44359
14033
41850
39871
83200
76130
38962
55555
81658
10463
92664
82705
72742
68038
39617
43867
78079
14734
19984
54721
75694
45901
50451
43705
20766
16487
54181
61647
65267
66406
54641
51863
35120
96385
12070
70125
67615
93302
32958
65702
1398
26642
86115
26326
74686
70581
23163
52965
70110
88192
69981
71800
53060
84902
7850
10978
39151
39219
23253
27348
7517
88953
20206
94447
18281
56157
40135
83837
72420
5015
46269
32761
99760
81280
57736
48626
55475
98138
60671
50670
56591
17393
32672
50400
20324
45890
3097
76724
34772
64551
75644
11478
19651
13064
33840
15057
81210
79391
60617
86554
6815
23546
27383
45287
17609
32591
5960
45880
32972
2099
45131
10632
57138
48460
99010
95696
19270
26018
39443
58804
32942
43332
14457
13554
29350
49748
10729
16862
91297
59507
63672
97100
38444
62600
62262
33634
96278
58827
52752
18592
5394
71350
67382
41824
40284
74435
75332
81355
48815
1830
91452
46126
97258
80222
36009
63835
84241
33540
1636
14839
70998
72748
36613
71047
73794
15832
32044
29471
29790
45482
79922
16271
49481
33494
32950
29503
20492
75966
94307
90614
78114
88656
81036
77859
64603
88425
20322
42645
65639
20762
16897
19147
43004
94378
97379
61911
43886
1004
76424
24391
91926
24148
78913
27186
9689
61462
25256
86167
88064
9589
69814
79567
64588
34335
26873
79600
85574
62150
39278
69520
94577
25850
63720
74864
76174
99341
52800
67467
98342
80029
96656
13290
4718
10392
16144
41204
38006
30587
85856
38337
46330
44209
33585
46087
20028
78514
89515
48825
61874
58122
53156
21349
2539
71391
58011
59936
83347
93928
24495
343
15144
41806
72260
80592
69471
74591
84309
27533
69826
79600
90792
54537
71987
86785
28355
6152
22169
89050
56998
21
9898
66186
88970
80532
92815
21126
31671
80694
4361
81684
34136
69964
54149
11123
26619
16266
83701
38336
85867
19363
85687
95188
71318
3456
97712
78995
33866
95601
94684
21352
16725
83152
14728
60120
48343
94201
3185
40687
48490
74646
74198
10086
32561
58412
19347
14777
33578
28259
67466
73216
58791
49431
3781
96529
25132
13126
6049
48042
56625
66133
29477
48816
36598
8815
30886
87765
82187
88366
51643
38117
88762
5679
87273
31076
95344
98137
91779
24596
48655
85262
85785
96625
39836
37200
42928
83149
87222
56695
84936
61204
37233
51980
97231
95958
67856
92977
45667
18990
30409
41161
76724
196
48559
12533
27511
30342
55655
24007
62379
62983
64995
5496
75429
88609
78334
44190
13923
17731
82004
46630
79672
6483
33634
52473
17696
36397
97645
52043
29089
52037
13550
15841
2665
12735
8988
96690
27077
19445
70996
64967
52071
87042
95021
30831
62739
10370
29080
70816
84724
98822
86985
19217
86254
99405
25666
99107
23335
36728
9637
38911
99056
1982
24716
28331
93963
30921
74206
34486
10463
71986
27287
78839
66506
10378
39229
64694
33107
68249
30877
18853
98048
25347
60773
76905
5282
10603
77365
87374
47206
12271
37282
81341
69514
86288
11948
15697
83350
30937
9695
40116
6970
24027
47527
46281
88854
5693
10881
85212
32202
14817
38067
52468
41908
29354
14366
61861
19413
52367
66471
47872
7022
55327
70939
24719
15571
67682
59355
38992
86185
67283
15539
16875
54748
5618
59252
99408
55962
3769
98441
23420
47862
5212
53417
58426
39847
40877
59667
22672
2756
91883
65206
67368
42924
46227
59400
5629
98240
31569
91856
92329
58365
91744
44022
81316
41286
32038
61255
11804
80601
1881
99393
30762
12531
78247
96601
35335
80052
98117
65559
85783
88236
89555
41939
5147
16281
21307
66964
7038
58589
58725
55690
54051
68849
64697
22311
66325
65666
75153
24980
85527
35109
84452
70780
90097
93775
62302
78180
14105
46689
85861
45728
62041
34904
16018
47720
68628
88460
28880
69649
43845
57853
18549
24384
37401
45256
52707
17341
22200
59069
16085
18017
16719
72212
15475
73362
80731
80650
24519
35337
26863
14446
63507
90205
30867
90238
75405
26708
59423
60826
37777
36910
78601
56251
11589
18044
55104
54455
35582
75059
23281
87368
23642
32511
23075
89981
24285
32414
644
58123
92562
39173
61818
79160
90710
46043
42364
39360
75379
90160
40101
97088
17683
70495
70856
31294
71756
51655
51963
72942
91257
73992
90463
10784
93009
81120
94850
45278
97471
6792
57574
23002
78983
96100
20166
29252
39195
97237
99085
85349
20524
388
81761
71025
2477
1154
47087
5000
84805
66570
38551
40408
4035
64089
16804
59417
93133
19234
80241
51912
89883
88161
31952
66835
72346
42869
16985
73492
11988
15602
69909
44318
89759
78371
35190
1971
92563
38556
76469
71219
47534
85831
714
87939
60504
66520
98583
88174
12402
54732
71857
52845
92379
80828
3064
58904
42138
54127
12293
18149
62900
73536
26277
22886
23402
5706
35191
56276
89519
28472
28566
98996
48331
60337
90321
45274
33503
34017
40834
51883
79212
99408
37559
14384
11100
43120
21112
73915
92347
29479
55012
28381
96709
93192
99451
3426
66179
61889
2194
86209
42571
54279
81867
72722
49863
68500
46647
55704
41931
41752
16001
66015
64511
5271
63105
83903
39495
86204
56556
27983
5027
20336
5642
52687
12387
55861
79543
24736
2729
88896
21468
27717
99397
33318
8386
48648
32550
49380
19120
22121
12050
72830
50295
62658
75314
74286
92106
84990
4207
88574
60293
88281
32609
60570
56401
94143
11296
87539
64603
92613
4737
79032
93878
40875
43600
65305
86640
6350
58391
59064
28018
77884
74550
21411
6494
99272
89713
97779
50920
13770
10893
96374
65233
23065
7560
25623
65306
5320
79731
63189
18566
35974
55124
95393
88263
60377
73230
38003
29070
4514
51694
22927
65255
90983
28630
63145
67614
31524
70133
57199
55527
53730
54683
51241
37124
13675
68417
16032
64224
2167
31563
4147
27777
89424
66649
25511
55969
84793
35890
67924
30461
72953
50465
74419
16937
37905
62449
72685
64316
17373
74809
77155
79966
46921
36855
75491
65744
36619
72433
92344
39942
38028
52864
49460
37026
54153
85503
66830
76684
99771
98103
77529
93489
79178
87879
3933
6243
79227
70182
52049
62904
43453
96108
94615
13711
74565
85626
34386
984
12414
10284
78516
76881
12091
73296
31203
90890
19300
8566
15799
62854
67221
66220
85191
8083
34595
95426
55986
3191
57964
93787
74544
53325
46977
28851
36620
50465
27816
15865
4913
9838
25085
26558
32084
22851
74651
3075
30148
93153
55445
22267
69458
37034
79307
86934
15516
98407
43550
75376
27892
77449
15251
74533
80659
89020
19181
80764
4466
69128
28193
91242
37139
92083
63433
46613
32918
1438
26640
4572
36354
50072
28737
87362
65775
68248
39493
21729
79793
71683
42746
13241
31486
86855
84387
28815
81462
60594
92775
56543
89372
42261
36405
19565
47292
68948
22652
7144
99322
26047
39774
36055
82438
91655
41578
67364
65737
44481
93582
54967
82888
21267
45820
13105
7566
56162
85611
6518
89225
159
63631
67892
95678
43738
55018
52847
51829
24453
93902
37806
94486
81089
67449
69651
85088
71175
33367
95050
67283
47171
6220
61526
92645
60393
6148
13443
90233
49598
26304
8278
31807
22078
65586
60752
27154
6225
6878
25359
27511
93212
83922
11505
80174
85586
1997
54273
48311
23858
70175
23713
78954
74116
62274
7919
41933
52865
99448
97411
31767
20335
87703
22070
96394
26627
82306
37510
4614
94680
52412
75479
77841
77362
19978
64091
66688
85393
75925
5557
11562
21254
37165
90964
54325
88767
17270
68157
36440
72087
36062
21373
19205
42264
45883
92650
5600
67949
57413
44836
11576
8663
65296
57778
17128
71595
11159
81654
46435
85130
42521
87684
67086
68767
65809
46980
1120
83183
78292
78740
6364
34170
78592
57171
34500
28940
25498
81713
30290
69789
47674
6604
95039
72520
1513
8546
53741
75080
33429
85777
16308
75969
56628
66554
94294
8560
27685
28384
78401
72481
61011
53603
75050
56010
99364
3819
780
49661
55867
21138
77065
57831
44938
72401
69910
18514
45785
25110
76819
47205
84186
52211
91227
84412
67374
30261
3205
84456
60683
13747
14086
88680
57592
71891
93354
42232
31895
78038
89871
32608
83244
14630
89814
19083
93663
91273
48087
67315
9192
37235
21316
59256
50864
85098
9223
60124
72568
33176
40252
79554
2663
38890
78785
73408
57582
30855
39663
82707
64467
83133
50387
5584
32947
27813
94422
67187
12151
28544
48634
93924
19061
12027
72212
62152
39146
64968
87882
69452
74669
39747
80549
78759
38059
79362
48116
9383
76561
55523
2157
98769
64129
70676
18619
31643
66031
17193
60470
54466
48180
38163
82466
35097
39108
68641
23208
59951
88953
85763
93622
63021
68783
89503
18365
10944
5723
66880
31136
40465
31779
63854
3995
37014
24598
99560
3255
61166
80192
31570
29564
96555
12133
28024
11472
28894
48107
55159
98995
5653
92729
75228
5523
24735
7893
56940
46708
60395
90791
62064
11700
8457
9770
36108
15422
34452
68137
54419
86954
61373
29669
73709
5942
31950
71134
11522
84501
90587
40218
11537
93836
7799
23118
3525
19506
38271
3287
11730
15030
41148
10407
82384
89724
27021
39147
21904
17883
56044
83530
54703
70954
22613
2763
69778
67848
47233
81540
26184
93320
21578
17612
40036
6486
7818
75446
62197
45776
67623
62909
49800
19723
56884
44595
98368
54138
11205
26668
25735
91979
72942
915
61391
65133
46127
90743
1632
48239
56461
39620
49876
26972
29796
27043
87935
42485
81643
79204
37824
14988
21109
69924
46494
15562
11722
98194
36760
65277
72838
95827
63582
5750
36675
66892
16665
42558
84764
67725
39694
8628
45947
57829
6651
18442
11909
20753
41680
64580
42759
27896
9546
23001
86563
74868
74315
17564
4406
288
28711
89082
22481
41222
25236
70192
59178
68067
88708
48612
19485
49213
46516
88954
28579
89780
89702
79681
62754
98765
57937
80337
79576
52780
1655
37243
28738
42112
89543
64594
88416
20105
84442
28948
77957
34913
48036
59008
53092
68553
22318
24040
97996
82305
61299
64072
86741
44501
82448
23258
28771
53130
3193
96168
23315
45101
3144
73518
13887
98263
30679
77821
43428
87290
56419
90934
49269
45287
7486
97029
17558
37870
91883
26214
10649
83491
6312
10003
41155
62699
72918
4142
67493
30974
42108
26603
3114
2394
91015
88806
27684
46512
77363
6340
38151
47908
80416
66030
70224
24493
60826
63059
7776
28439
30796
64681
43089
4053
72290
18731
64902
47687
45755
4478
87994
67817
85477
63379
60662
24057
24799
62276
82190
87321
76591
89005
46642
94826
23619
14516
70451
98468
15791
12828
31689
95031
47643
54340
44369
69987
16540
11502
17322
12840
28222
66362
60309
49648
93283
38211
77931
14623
95906
92532
68405
10711
74748
29110
42572
4306
8805
26761
7448
61157
69162
26477
64006
20783
48521
44896
57484
138
20723
58258
53662
2335
12246
96351
14800
48683
82148
99237
27900
68606
12122
55770
54962
78265
36290
37019
93962
80066
42206
40646
51331
48832
10934
46549
71661
9542
19479
32885
32134
30467
16820
41083
78895
63413
16967
22909
16708
11986
80553
77619
4010
76078
91796
16676
23981
27831
24335
2180
88985
82211
67833
69172
40434
73289
3618
76077
64146
34084
649
69869
49021
68088
11387
19558
34557
98311
63651
37805
95058
42480
28267
58668
4945
6648
24640
38915
27422
8231
37438
4625
74284
81721
41729
22109
81770
95654
61786
94375
80853
93069
38843
10420
13430
55780
86069
11600
65341
65175
6270
81429
42748
68347
16429
47100
66202
84031
65330
56104
63083
15931
89507
36841
15248
40736
64424
55421
55673
46223
11818
25227
30583
49754
56549
70502
41569
64350
79133
43184
11984
456
10822
65106
11247
88160
16768
43836
12098
44694
48796
19592
17995
35140
70678
39930
64593
14597
41760
20402
77260
26087
73026
96095
25391
73096
84440
18222
13687
61922
82866
55941
14260
18095
62740
25073
69960
45741
82557
89348
11371
54354
53420
40771
7890
27118
89430
41132
8240
78970
95740
25943
71062
316
60762
88925
93653
10334
90874
14567
7429
69581
40809
92988
1119
83165
71667
45903
66959
84019
77170
78676
4945
25303
17886
55089
65741
41089
86702
28336
73935
62766
11043
79803
8458
72128
47072
35231
26183
42328
68459
53635
884
54997
47923
43419
34978
79742
25142
14185
81927
2050
23220
55047
4068
76360
76659
32069
21715
93729
59039
32436
21088
54280
81248
50815
29511
74585
44893
99298
91583
67963
20421
17754
39004
26027
31354
22771
18973
10198
16259
80661
33424
2910
70152
22867
96409
91622
84879
19763
99010
38956
48953
37719
95531
89240
26812
93810
18839
48576
65810
27603
58612
7642
52214
56930
46729
16161
99798
93780
95149
69663
12227
44681
21533
26764
64092
24738
5171
66042
90142
43015
48054
93022
93550
90879
97483
26338
84397
21096
30100
30187
85053
80771
36677
13490
23072
40115
65100
53227
85726
86627
40173
73925
63214
12216
20682
53770
22016
12806
61037
6417
94696
16668
8643
77769
6867
82540
69251
17671
35118
65320
28724
80394
97734
17686
35023
11682
1819
72983
47753
5853
45403
87994
94099
26835
72278
76905
76180
13419
20227
29712
67747
73146
77156
60029
12817
8277
60954
22821
94754
90121
1366
8366
2159
7832
16388
75449
49182
41812
78092
646
45748
14795
75066
41761
92572
69379
95176
96655
45643
14694
53709
71333
20939
14991
49001
17491
37931
994
69791
66128
95054
10160
30401
88994
83300
13256
52120
63653
70904
84721
10535
43668
89226
41081
97017
30630
43607
31934
33249
76850
40163
5262
54941
6282
70501
87820
15623
76976
60220
1826
26817
56438
97136
11989
31149
79654
3055
73924
96840
29564
82610
39200
22008
42208
48667
34765
34282
13672
87987
67558
3475
81944
12052
68434
36008
21476
96957
2327
37001
31391
39121
59495
34025
46706
46098
16090
12322
32019
13858
11879
49071
4393
51329
28711
18664
59393
43379
57915
44033
85399
48656
80847
68372
2212
64538
29813
50395
715
61500
59553
24936
58336
67485
46904
24972
69991
74686
44610
51529
6885
45312
90884
6451
47804
643
19584
390
80203
2252
16828
75333
23777
98737
64241
97024
23561
43657
18909
88803
50563
79836
48159
67531
13609
39225
28386
50930
36645
5552
35966
11170
14869
53473
42870
1714
81045
81750
49005
12073
65585
40873
50242
23903
58107
4540
80486
24048
61152
21493
14386
1284
77282
45105
82548
5944
96305
84375
1472
64698
83131
10095
69882
36153
46748
52406
15794
9636
9531
85358
9427
76514
34053
78690
13515
586
56369
72239
73594
29689
4774
20681
33408
75194
33329
62567
20392
26749
33467
12914
70665
52918
18011
69353
79255
97042
56103
25611
50355
88479
26316
27159
22918
98974
8699
32708
77041
59829
2338
38517
77930
23671
73034
22152
51056
72295
43912
74687
53041
12990
69317
40234
98682
85505
48037
6883
31969
71042
54805
18118
41405
38979
32555
33782
16288
27250
19021
72032
26949
90703
83091
99325
9798
5304
84723
35007
78707
81631
24802
17541
61563
86433
14897
96489
22371
93478
53205
26721
72393
12399
3743
93877
31427
30921
30530
47199
3784
92614
74244
81256
67414
84220
68544
71855
31721
77591
44503
62730
43280
49780
55207
70097
49559
9164
3899
92945
34948
10332
65500
5190
8118
81308
39154
70978
90241
5828
17694
67326
63874
7825
51056
87891
18954
61787
7345
15613
37425
67267
42128
80227
55807
96126
33690
5646
58354
52083
52883
15921
47647
37288
73705
10970
9930
373
74435
62177
53669
16213
96820
98730
46091
56795
79890
13629
58083
6015
43710
64287
26939
59391
37286
32773
55843
35592
12589
57226
223
33380
43368
87239
93379
12306
99401
22459
35953
29525
66301
62896
99136
52974
20432
41709
5084
23064
14540
11047
49431
15115
80713
21445
80615
1115
77720
21540
71672
47008
9843
67911
85725
71504
31225
97724
61520
89093
85438
68040
29218
16897
14316
79136
78881
84221
16787
98341
64337
79620
99373
78735
99379
25753
54616
72409
97441
61118
18626
21324
13474
64046
758
75957
92812
98041
36420
16283
50188
45871
81251
72026
14747
44255
73721
42467
16649
74586
58271
29683
99551
63773
24059
51960
1378
433
70714
30184
64590
30529
61688
77024
20056
83610
19266
68167
80583
46017
10010
46302
17279
28203
83499
29031
67475
90040
49779
14114
47008
17132
66012
35414
65211
19011
93345
13268
94320
1728
99222
45816
93440
92082
96010
32469
74206
10786
92851
17457
76484
73305
79747
17438
35904
34951
69617
74638
88834
79224
438
74086
66191
45079
76831
3774
67131
4692
37159
66515
35239
19788
59243
87853
47652
63416
27929
37734
64461
98371
84789
77237
13282
2327
84089
50398
65860
40717
22412
46689
55403
16358
14336
29061
16611
42209
45358
62010
2082
82068
87344
31503
74712
57579
38698
79885
12966
81852
17013
48476
69350
38080
85486
69195
29754
19591
11774
73229
76489
80107
10046
77632
57182
44755
75960
23565
89050
49156
16425
65305
68902
65048
73001
79932
13063
46848
85682
83075
13136
80858
8085
80264
24609
7626
30651
53624
99169
64468
97449
91646
95525
87114
84253
10980
71023
35064
8019
38759
60376
50683
36669
37072
20043
14176
97203
90072
64893
4917
45505
68895
69628
57512
51734
88349
40222
58191
82780
6876
32623
71927
62099
30986
54170
64085
94064
99867
22552
68418
3266
77904
43141
70468
39588
49439
78245
56044
12312
78291
42075
93769
91985
85483
31711
31534
35734
84844
77127
308
54658
53847
31375
18751
32319
39962
35795
40449
56463
22941
11077
15192
4700
70165
821
22530
86012
33984
82604
46663
51593
5678
76179
34670
48036
67114
88342
53310
32479
37765
59689
2347
70165
5306
1194
97086
91818
79249
55038
93820
46412
55084
91324
88870
60
14751
87972
22791
24661
82002
39877
59921
72460
63104
30009
94619
30610
74946
80814
52894
44181
42750
92239
5359
92387
83792
41221
80480
67082
25755
65848
19165
14443
71285
51046
13004
92183
52622
60954
88863
16836
29462
49590
31638
47643
77861
33513
73570
44698
14051
39360
23350
49546
56866
52424
50825
60802
46199
51201
15538
53410
19396
21914
71815
80572
59442
46303
34359
89021
45109
16704
42142
11343
9726
84681
5746
16546
46803
66172
4566
78375
97011
84405
87089
23640
66844
89052
46662
26706
39169
31139
32053
3803
46212
62276
37721
48880
52728
18623
64002
62311
72103
58562
20568
35427
15737
18113
80274
47884
22507
5242
65657
96209
76473
26814
31192
56099
67179
75398
62126
87537
95641
16109
80284
79256
42154
86793
61242
13791
93904
70218
24307
24199
61840
63361
80520
79827
67914
75973
31176
44562
89857
35150
45497
55838
84700
82689
44199
2014
41147
63158
6842
5928
35765
62508
96617
43857
25205
39773
97411
65307
64892
59246
92238
35940
83441
17125
81321
76084
35407
17392
57581
60247
40304
19161
29933
98244
46558
45970
1013
70963
88054
90963
1450
54469
73446
81151
18836
37738
87640
59268
2078
89945
96346
72404
684
41092
68525
43517
59171
79659
69239
23303
13227
22326
53656
43072
5268
54002
84069
14008
86065
52158
48875
83486
84815
92088
68454
9359
48261
19190
1211
88698
99052
23322
44978
16880
58742
2612
82083
88527
90475
99013
33657
3454
27768
65993
65522
91508
44250
25682
33351
64823
9674
62439
64511
33317
87503
79384
11128
94188
41688
62091
17300
16751
98013
90557
44635
34205
93734
74472
91425
77430
37964
23305
61834
5069
68768
14686
72570
63533
86785
90636
59729
71662
65201
68253
8027
83486
17211
93226
54713
43700
38732
73904
7087
60408
26034
39577
96603
21303
45224
5428
51470
40033
43005
31083
21944
78309
49632
23904
53120
89963
21108
18602
1847
22906
35094
4272
67388
50729
91145
17346
52383
51741
39959
17267
79165
27861
50560
47567
87770
47573
13615
16583
4457
21228
58922
65844
3404
52073
28731
5460
13009
17998
19294
9568
2467
47836
76665
2125
26655
29181
59975
51272
30103
4861
10217
67759
32240
43690
31143
40197
55461
31768
32390
90417
25430
93254
14661
99015
156
37019
87457
10812
38601
7947
91301
86984
140
55928
5677
45299
83516
79619
73939
75835
566
91159
88677
32658
89143
6411
24230
23114
96987
73971
47397
55281
33338
30422
14134
84749
50760
32167
65496
94224
56327
4433
99838
45212
96765
50049
85058
59740
6803
90557
79006
7219
18919
26598
69075
3379
25805
15715
42488
43189
32102
29653
14473
72482
20218
16074
31943
32976
74315
34831
16058
81638
81282
96989
48434
90677
68347
6467
38692
27003
9699
40157
40288
56781
3269
69285
30669
86973
77005
42380
60079
23810
23364
24995
9594
77596
41413
29616
44042
83645
77453
8968
82601
89047
3167
60215
97716
93151
45899
67195
95506
52406
1533
98711
62393
38674
36636
3799
78243
18756
3932
51134
7701
38892
9055
91605
34007
99853
27142
80434
69764
32150
89726
21174
98334
30024
17578
85654
32103
23355
38414
17971
96680
68527
92165
26318
14299
87188
3723
87822
49541
10241
70040
81419
52097
49054
87354
51128
18248
25120
61117
97033
23704
44382
67438
63947
74030
58629
10406
94920
58489
86296
22015
75171
43886
44493
72474
49865
62825
60481
14818
75811
28993
43148
7747
56920
67152
98625
87613
26755
28809
60579
37022
50709
63633
64256
40229
64438
28188
88095
63013
43862
25245
14277
53710
17510
17528
76919
99289
62278
14910
70514
17155
11437
84576
62783
84450
19155
38764
35621
15675
44897
23367
60994
64835
33802
20333
75501
58989
26559
15119
5577
42630
21884
67506
6355
62678
70579
74512
54593
78895
61607
69738
7126
31640
8810
80648
5415
17451
19701
33528
9768
93926
73930
73133
8358
27597
50187
89318
30196
6820
49098
54506
29580
44558
15996
92538
83756
2044
6607
77132
56198
76824
46102
74973
73844
75352
11242
19758
74010
71650
64592
51231
55957
52355
84940
34819
53452
5897
13876
39985
70032
798
72453
94979
2435
91880
46220
68200
24216
60704
8295
77309
98110
61757
23675
36754
15244
5469
3783
18333
66501
26586
33876
33414
88283
35424
17748
20007
7643
62874
16514
66916
15337
21709
32504
95030
17074
19107
91910
13706
14708
81709
60079
13482
12634
28047
85318
61635
1766
40505
22579
76043
95356
43559
12100
94242
54068
60836
3105
44560
85463
29130
19733
78862
98090
10562
64596
30569
31894
64117
63583
9644
39862
93632
7222
55578
92916
48802
26012
64062
21296
53942
93209
69682
69258
31565
27107
47384
65498
62912
3530
42897
34365
67414
17800
19629
38336
49978
9124
85624
21052
60580
84078
88428
55937
91363
26607
40545
33268
82937
12633
46366
98101
17581
4285
83744
82728
81211
41273
55143
77494
54423
8767
11241
61382
17838
22703
5793
30394
7215
12875
71577
49169
25209
3362
56361
94045
17568
66652
20497
62509
3504
90973
44600
23150
59944
71449
39726
32403
39442
44197
64634
24263
70465
69143
56442
72874
50892
54473
21114
27614
33076
14158
7275
13767
26786
90312
42055
1635
78737
40775
64370
75210
29069
48346
45531
59775
56129
46813
91856
30975
26930
48005
6886
72834
52817
59919
29998
31260
99911
72178
68216
16640
57496
17643
79324
33488
73291
76631
20315
9035
323
40341
40020
26571
80932
88374
38888
97705
1662
81063
24283
33485
65344
99483
31114
66226
6898
21616
4899
69083
38732
27680
90542
14139
58208
77546
67853
18054
99325
85333
98641
1601
29020
17373
73620
92036
36933
99972
88886
35766
82704
27496
94514
17284
51766
63433
10506
12335
98659
89640
2465
18243
2348
63110
67534
84069
88469
49086
59147
37670
30996
97025
96896
78101
28985
960
18145
74427
22422
93007
14960
931
16800
25941
30538
1422
25425
98497
77281
34229
31339
27740
87684
7347
64466
35366
22426
5718
45621
22517
62969
99495
91725
64077
96195
39093
72429
69884
53441
99272
87668
85383
75871
40866
72149
40799
4155
22617
38062
74256
72535
80027
92665
20694
25345
42145
35552
2785
69632
92670
38697
53076
61573
98185
39742
51047
44155
11156
71239
37852
68584
58838
95077
68133
60626
30983
59295
37479
13546
59664
23835
16092
7184
30096
97083
90609
93594
18968
56318
27678
3556
4508
18105
72001
89528
62729
52562
43427
81815
40589
84373
30993
1164
23288
3866
72934
46903
56967
28883
89248
49517
89825
32278
70420
46061
98594
37815
96217
53860
66868
35087
20379
59439
37444
86463
62075
64149
2375
67972
6965
99033
9610
74388
7398
76293
11720
94818
5485
898
19497
51921
89750
54681
94531
35233
48059
35390
2913
46045
40268
51599
46724
53652
45015
54979
17073
69185
14953
54091
90926
51085
69505
92196
62465
440
98061
82065
36877
68498
63318
67766
58967
88107
16890
38025
67773
14401
60690
84238
33518
65936
81977
21896
59124
19432
10702
89710
93597
65078
35750
66904
30285
39181
94089
45529
78242
79705
68899
32249
29102
9830
74189
8964
16278
32466
90330
50013
90349
51238
70238
72982
35010
60282
86879
55757
20050
30543
1347
85437
45632
29926
47813
71469
19159
955
63891
26372
45179
76857
27958
99618
9256
65741
26051
63937
66488
36087
72395
27943
76696
84252
60717
48013
82901
3219
65016
70903
74754
11950
72992
20403
26220
36146
213
18961
29813
49443
29293
20507
49450
81926
49264
10025
21527
92526
45249
67011
18245
58730
15114
44456
1609
61588
84734
50923
50989
56421
46086
96592
64420
31379
30040
21116
94163
89686
3410
721
84504
6402
12552
87189
93930
50183
49282
97844
36553
75238
81921
58259
14109
6517
67246
44828
73243
80485
90978
34742
62966
7788
85779
71374
63829
26249
65335
48018
58008
12351
95837
22017
96601
50308
71922
98887
82579
58548
42736
45346
97644
66902
64686
65338
18872
16654
11900
92313
44879
17067
1302
23962
40880
46802
83731
15718
49150
26127
82150
80005
5380
21629
18544
67509
50755
34435
73387
76551
57539
18659
80141
98485
80780
74396
71854
39233
50805
70696
75429
79611
93905
39564
44507
33237
13134
42305
11324
88345
65734
92941
91403
66392
31014
84159
63526
28768
82114
85434
17582
47005
57659
49475
61656
32415
27656
18177
6109
87932
56692
66250
17934
94772
22257
99055
63231
55988
63859
22603
36244
97539
6266
502
96151
10813
20728
10157
60754
74799
33821
35502
62925
57403
5321
74780
71291
66479
38844
12635
25981
45515
522
75393
50289
47916
49322
7347
39190
26413
95386
99278
93077
24460
79406
18689
77961
65842
4347
32305
84941
64599
33850
98834
87470
2711
4664
15213
13774
34194
70071
68478
34887
30260
66034
50449
16158
46492
8265
77321
62245
52625
47265
14959
27751
78203
23133
38594
23253
70082
30395
19955
6954
63346
70988
23734
91178
45164
93312
31768
60770
41829
71094
6184
80057
83880
40033
12516
64883
16736
21975
82413
25994
82492
94194
19029
47253
41145
97173
72513
70968
65859
61563
97955
95767
8952
54433
91901
1657
81790
65949
6941
87198
86934
65823
24291
58434
97269
97433
28214
60779
67813
81999
28588
51266
75833
31325
51635
11174
54423
19868
11032
20041
4103
57507
16274
11889
16959
88119
48770
26214
49323
66349
72392
57773
24643
16362
50817
77473
68430
9619
10580
90316
58485
43874
44916
43696
78085
61033
54054
985
6776
63947
96475
52542
20849
48167
36371
39926
8475
32997
83591
59162
14054
81026
53376
57989
66973
27556
14047
39832
6539
83325
17088
43574
21963
96107
94044
24597
59110
69002
60299
61797
58760
69530
78035
86335
23524
11164
55222
46685
52281
21379
90729
47078
46137
84852
3357
52415
45236
62117
2533
73292
8088
86418
45523
39202
23597
92753
61293
6298
25459
20898
68963
16184
57696
34650
80217
27653
12471
24090
25483
72206
30617
10321
45632
43886
92598
95506
59448
61315
43429
53705
58236
93812
63277
93214
30148
56007
38714
99583
91738
57103
65421
46759
20243
54382
36729
71424
88881
46256
91283
59716
45527
12683
91881
38208
62125
48537
74584
52546
83394
42340
37987
1826
12239
62758
28131
35708
10379
49380
2975
31047
19383
60530
30627
82565
20514
13683
96606
49397
48901
42674
19919
43146
13287
27448
20058
6112
54280
16500
68262
71786
51392
23397
54120
53779
14726
79915
92958
21285
16437
59424
64311
89489
69001
89785
32602
94907
6387
36334
57914
72986
39864
64580
95533
81657
58888
87342
49808
83998
97890
55027
56575
19853
25377
39983
67281
37564
16799
29193
54159
92785
38977
54301
73747
16249
51365
95967
83798
33398
16846
55639
11173
22166
34509
43330
20282
64431
1835
2642
84185
34817
24524
95871
18832
52301
75604
32473
15532
98943
95986
63194
28938
94413
53027
75073
97384
49903
50875
14429
48097
51660
45969
42453
54153
57548
73021
71731
36922
31905
41371
50950
60670
95350
61660
65606
27699
83574
12489
92180
59596
8291
44122
78492
57098
54859
12322
15680
76307
80672
10661
1834
55530
21653
40164
98426
48726
15129
8143
39680
88758
52600
22201
61526
5702
65536
2056
54908
86073
75225
26895
37709
83772
55282
49114
15458
88404
50859
70284
34407
42116
40218
83232
1360
92227
61726
32170
76014
7460
82966
72368
30680
77644
20919
84297
97460
77613
49815
89437
55858
58879
157
7387
30166
26963
39904
48718
63345
66102
13920
48546
17125
81998
77723
40778
69995
77884
38137
59972
49861
4185
15705
27764
21628
60730
53358
49083
63170
73572
18789
81356
25553
25358
69440
89749
748
59781
53269
89954
8260
50646
79125
7658
30640
57080
16782
28558
66442
57313
65397
60114
62926
34500
43784
23917
7206
88951
14887
32906
64563
83465
89533
49363
94441
37512
93524
20205
86586
83100
97346
68227
20093
21450
51098
52244
86387
64097
66946
40666
24968
57808
52890
4626
98648
21741
32835
8623
45203
21908
76876
65895
49610
80847
34160
12437
28663
47125
56516
38324
53723
32866
6539
49571
72609
65927
34000
77828
99463
36000
45294
67699
29674
36969
20181
15857
94775
57742
37438
7651
32759
53468
59917
46331
55668
15749
47165
97299
83926
86791
65240
50093
75083
19743
26583
25704
8087
59078
70156
34282
36841
93963
93543
11447
23096
30557
30065
58997
26895
24484
83916
28184
31936
6139
71262
85206
34240
97920
98988
82252
63335
47308
66923
67646
27363
90701
81422
24170
87400
22117
62212
59905
54182
46796
50578
60789
39542
28287
5695
9690
21301
72953
68792
54076
67829
62493
4408
87961
88734
16572
55809
29248
82399
24725
93822
43496
3639
25706
25872
12524
45732
80
5360
18334
10092
76018
39054
18134
62777
78812
79881
56379
40971
43952
65450
12544
34081
39398
28446
96203
91475
24195
9007
57338
55735
54536
75625
57445
83604
13061
35986
38285
16454
11427
38645
77947
61915
14946
47503
28343
93053
73983
7664
34712
28016
66283
96982
62318
34207
59708
25135
1520
92832
67592
51648
86081
78586
52928
10803
24246
60039
58018
43927
16074
9830
16143
84705
40770
45748
5867
60661
98933
78238
27363
54277
3043
7305
37793
4842
29725
33068
13338
5962
73862
86573
18038
51738
89578
25200
4006
77624
62998
65845
55358
56881
3812
47958
86652
67726
29808
80591
54613
55911
56978
66893
22857
5012
59712
64818
61366
97768
8215
38275
8733
93648
73447
97345
22410
1451
10809
69089
3804
84518
15567
4862
60932
79155
82379
16303
26375
21360
5196
77067
60449
11457
37510
47711
85002
4827
52279
32404
49456
63270
95246
6104
21961
94035
28032
51686
70965
43320
7646
56872
64063
20802
18411
81779
29729
79978
56693
57131
36261
97361
86342
74945
98710
64871
21653
52934
17137
30345
68015
34539
48218
29031
4302
11814
87692
12612
144
68431
13849
30990
20832
1200
41824
25319
71757
18457
39537
25104
39111
4531
80228
47648
16032
44606
43636
45916
29784
3090
47586
83259
69211
59339
50858
16115
42770
88084
71227
1240
54949
97655
54128
98037
53898
56398
18316
88246
37103
86700
1050
60256
24871
54022
44122
76837
68829
2669
47214
13008
73292
61789
86619
77758
59517
31133
21396
34829
45937
19605
14585
73359
66499
44001
79248
43594
82613
10928
11086
63724
93137
84904
98763
2341
96045
67130
87659
11245
60485
39392
33208
31547
26716
57403
55645
20750
71364
50730
75992
54057
84028
64179
82213
59691
99584
67559
39513
71334
6953
87398
3773
65146
92163
19436
5269
90102
18041
18141
81490
69384
93048
32843
84011
83745
51241
30746
75653
17717
91328
19170
71538
50333
38407
43717
29526
15766
35666
42672
1014
37543
66935
56339
75940
98746
23974
41630
31427
94609
72337
41798
21839
6406
2272
26449
97105
47582
89610
92761
66362
21388
71653
17807
59535
86037
14847
65321
85261
36903
46816
66140
66964
77717
94093
39756
6660
60683
20761
34209
24876
90159
23499
81043
72592
4287
91958
2111
19979
20208
43912
43699
36404
97058
50592
38687
93455
76378
13109
74386
63713
26389
48431
28118
54824
71642
96852
85046
46527
90994
18861
96911
9152
55972
26318
19890
10450
10889
22213
69195
56944
1005
20154
63295
58059
11692
4996
91534
88026
99927
77012
4715
61802
37178
574
5496
40441
86126
16654
75442
83916
49070
74512
25353
49468
41383
71524
27661
98769
38107
64979
98738
22846
57859
28639
26156
47123
81470
21683
38004
93507
96049
89340
64369
62892
795
63331
41924
10727
15090
95289
30079
31352
27098
89165
65981
94342
14672
1313
76319
91126
70643
40652
55758
45453
77140
47181
77041
79884
40476
10973
93276
97548
59403
30239
61560
21015
24253
20053
77431
15468
40078
97999
88863
65296
71417
81047
86599
26532
62118
36879
76370
47711
23240
8596
65352
56536
81037
73490
34853
46964
48972
70178
22729
79533
26422
9218
7573
24287
8746
18017
34537
13984
65039
47287
430
54090
79407
96959
94197
39284
28312
5702
48108
66554
69168
76670
35146
39761
69292
69076
17924
90250
72950
72124
8281
10231
35025
75846
79972
10751
88603
46882
83520
58936
66106
61445
50554
59003
91714
64520
62228
41992
65415
5681
9272
8242
65272
73145
97224
70214
27471
67941
84812
53846
19861
24940
67706
39848
71795
46216
80922
29578
28473
67684
31733
39982
48312
25871
27253
59910
35310
21923
53293
90041
46159
48306
8635
35685
65475
19799
62191
72309
33477
84395
85871
24662
77987
17108
1464
984
31606
90332
12469
29580
82838
21370
20839
81577
83058
95386
27007
94710
15466
84880
37825
29316
13961
12985
29014
33421
85633
43794
8539
67032
80079
70801
89267
4637
10202
56303
12461
13947
27284
49052
18000
46196
931
2096
72620
50850
71457
77200
94727
32621
71205
51106
67392
15839
99641
69173
65505
21058
58889
43481
29900
77274
39697
60379
34248
43146
75775
65333
38183
97839
2534
50878
50255
10428
40956
33799
6484
83092
1982
80976
37861
228
62275
37707
85801
33247
79784
72146
35377
31222
22820
42211
54032
7565
2590
18581
72368
1114
13367
40274
4426
6359
22133
80341
52092
74979
36969
84003
53882
99729
69905
42593
75502
35918
4333
85189
8766
27155
16233
43061
64799
41402
70749
38404
52600
80961
93335
12685
25059
45121
93381
66771
94906
17085
7691
22264
16588
52428
72375
67133
20843
88327
348
49229
38550
46900
49663
4115
7496
70677
98783
17352
93091
99849
11538
53198
45977
27559
1417
9386
93853
68355
17247
42767
10501
65329
3110
31795
5881
69846
8143
65505
86039
92174
97074
34792
40555
54556
66290
91420
95206
89613
59543
64884
83112
84069
86795
90120
60194
83154
88536
40128
50926
79853
48404
305
17406
20692
28235
6240
10903
52068
65304
26288
12100
18775
41983
83668
1921
68116
94624
35879
12987
37570
79793
86553
87628
31050
95263
29779
18591
44035
51872
87071
21367
5320
34320
22594
2294
96583
49828
43879
49574
18183
57918
89106
41372
31819
41702
23269
20127
42973
70153
85378
67092
17024
6117
32477
94369
59515
74479
54097
44550
56708
25180
27499
37247
21154
46604
42086
30464
35470
82559
9989
1717
61090
53453
56303
29841
82425
32274
18505
53891
86337
49972
83530
83626
43667
76016
64750
22374
28479
9564
69398
44739
91419
34366
20236
96907
89949
77406
43792
22953
62672
41386
9488
3281
48617
89468
74023
38465
169
59662
82835
50027
98824
38732
56257
98757
63202
41921
78205
43076
86472
86843
31835
60476
68923
28397
34382
12657
69989
56357
23864
23273
62091
94829
54082
50264
40151
39369
65471
94017
25080
19965
45871
69987
52099
19941
37204
73910
72286
69448
53007
92409
99588
29583
2250
71995
69883
99231
72425
13531
74113
73673
59431
58594
6197
13045
64129
67132
26776
31943
17239
203
62969
48477
98668
28197
13526
97732
61953
36246
91441
77221
67305
30212
55575
83553
30892
18243
70542
30870
39495
62061
41071
71644
58066
26331
22206
27686
6166
53272
13327
93250
64924
41844
22429
53672
85061
83975
21460
4128
43097
18728
56046
37434
30139
97938
11626
6383
52024
97284
98026
35916
53988
36591
44261
31355
42200
89013
13674
4307
21498
63501
13952
94744
46619
85819
65495
88808
9089
14646
77900
53001
66375
83161
56353
62824
12356
2960
82059
9558
57525
57277
5773
11757
69057
20552
40862
63944
39860
8262
56347
64496
74481
19340
19476
80073
63562
91663
97186
82260
20211
62341
9371
79382
58925
59345
3623
73913
37495
90686
92232
73313
92154
46900
68829
77919
98738
53303
15423
80287
79120
80026
46565
57824
4503
38895
14243
59511
74734
88742
5117
32165
17632
92544
26663
37361
6549
54497
48568
45872
40320
69692
62264
83656
30949
52504
13782
32239
74219
21981
14411
5835
33550
25706
97860
73533
57420
15609
44176
42523
93815
73722
62815
62730
43872
83689
53407
43684
34725
28614
88518
68439
58690
84031
87608
93293
44785
69023
11592
66598
8565
69373
97282
99518
97689
65067
88448
85512
35666
4901
95434
21845
56810
28691
5705
29450
6522
28784
69373
20129
55208
5765
48840
24648
55397
10939
81934
83546
16446
8611
69008
67000
70552
75743
88402
18515
13426
98753
19808
30895
55088
13767
22125
73312
57976
89984
64811
76818
4854
15872
86102
12595
17420
95569
47826
25873
68347
36421
34607
19886
5645
90
37648
44500
23893
26642
47844
22287
49017
5687
77674
12201
59782
20837
90638
97439
9318
78692
86986
28090
27961
54722
44184
27046
36149
64372
86521
90642
11611
45047
40855
14420
25034
52142
16098
94155
40944
667
25466
83190
44142
3781
94893
1229
96883
39009
55239
85297
29754
68226
6850
45802
94608
44812
5837
38365
91174
54602
8398
61256
25379
89378
84531
54887
28378
23741
38372
13118
18868
50715
81448
31746
36337
86986
86399
61519
83994
94020
58930
78011
24457
67767
73002
41240
20018
28815
19296
98906
78716
8031
24587
54958
57374
50722
77774
25377
78950
55561
22076
57124
26731
7148
74047
19668
39475
10226
6076
31584
89979
69985
77482
89026
3678
41813
65452
22702
49715
58385
7038
80361
59963
14418
52533
75002
35878
32129
21157
92864
73657
82709
74146
19253
96672
18203
69797
45926
50051
81671
7217
22874
91894
26477
42966
53008
84850
63212
64376
14228
30970
57567
8549
38743
25499
95384
70786
28037
43647
98607
96617
30304
2292
94183
67393
70800
14909
23184
65417
8056
33444
29088
65867
936
19845
72107
74937
10808
81876
58832
66834
55331
91590
83441
93373
51863
17152
52334
55972
31501
17300
4969
88750
86438
34211
57012
82885
62765
44752
81679
74218
9846
92295
18631
14215
91823
32715
95159
12255
76025
59621
7233
67184
67428
78388
46580
16991
90791
11367
38470
53460
52777
71924
94719
15108
53686
98334
58339
45686
37362
40390
80239
58320
78354
58275
44335
42747
98285
40532
5421
23356
93097
88149
57872
49380
58553
37127
83878
98054
46425
83424
80710
67793
78374
99430
68766
10250
73537
41937
33294
40493
8096
95640
7610
11210
26970
33191
15442
93556
56636
93880
23928
70949
87632
94924
95749
18678
45986
37461
20693
53206
62712
32318
49247
38960
24107
95057
74441
6849
26860
49253
93263
57202
52317
56801
15527
62022
38615
77148
90542
24934
11052
63105
83213
52340
12892
30365
87386
64443
99907
88809
58620
20054
99340
98548
72918
82179
61002
30097
91272
48006
18001
63361
76632
86575
58448
25951
40287
22554
90867
99869
20902
70959
99076
28620
41182
68529
96251
19892
23795
92087
30458
38380
64415
18453
66757
21418
43793
40919
70634
87208
9181
10467
61376
11425
21155
98593
36739
39164
49277
33832
22801
64790
44817
99966
10381
29448
22837
52708
85417
70778
32059
86544
70923
16851
16745
51757
25673
67982
22065
29192
43744
7541
86902
60792
29692
89518
60169
9287
52739
80101
26280
97852
91012
34400
98780
23476
43889
76097
23136
50348
88323
84700
77856
60898
70299
70298
35962
14056
34584
94435
81281
4756
3019
63693
74704
23690
95412
4314
21998
36153
74154
5175
83257
84170
37318
12134
79464
97989
49441
33517
82656
34249
28909
19029
2366
82451
97141
71247
43217
72667
66813
54757
22093
78469
20927
25961
19702
67356
9686
11504
53515
73701
87997
86164
65781
24473
31000
24269
30762
4850
96610
6178
10507
57088
65208
47881
4413
71945
34402
38810
96301
86860
62931
21023
66683
20311
17727
44705
76513
34429
89505
60470
41535
50392
49591
16897
61356
53828
86919
78642
24663
87886
56441
53371
15051
53070
3751
40787
55822
99922
29500
2511
88315
91875
6635
67582
77252
45038
29020
93570
65885
55647
17907
34252
65916
48729
17680
36769
77594
30072
77234
60520
85432
35572
46510
53729
25938
53471
89877
21926
8908
33043
32518
25894
80609
79243
90034
79288
196
31020
68001
511
25774
93594
73500
33798
60801
751
50569
26274
18502
87326
10012
22810
79986
47895
53278
91174
70452
6940
27773
14219
40090
57628
32147
40774
34856
5838
76676
7322
60187
1115
42954
10894
15869
44728
10253
8038
67907
73663
12355
15911
77333
70947
28453
26965
11171
60251
70663
84386
47573
48010
33922
32142
83032
28632
14105
52368
53211
92148
91425
1596
37878
88995
64492
17812
63093
55566
65011
61279
54116
49523
4700
65081
99879
8315
13063
95948
28836
1421
5856
77818
84926
88744
15291
59909
13864
49829
60885
16442
99147
56577
33431
62008
20563
57579
1803
8479
63573
77203
16523
78838
59749
15447
13774
11995
78389
27945
71812
77947
84145
17547
73530
80898
360
85561
39102
63168
63054
33845
29950
11388
88812
15825
2634
25051
93927
88245
70032
48202
47454
56766
32375
29859
73681
21962
52937
76906
6695
64853
42984
64930
96969
40326
889
27466
88629
47682
74231
18547
74598
19403
9989
27265
36895
93694
53386
413
75073
10822
8442
32316
37327
98005
72210
79974
63204
88737
77421
96646
49225
93187
93688
36684
78367
55031
82164
26184
68393
83715
10301
50221
8534
88811
86998
39317
50691
38235
87656
53519
60482
74991
16151
14231
14907
14858
15845
74144
91131
66215
19784
51640
82675
43108
89951
32357
62809
10006
76400
29707
41521
91877
48193
75239
34096
97016
51245
29440
48435
55734
62018
99641
79091
41283
91013
8274
26623
81257
55484
45697
42464
57817
1946
12972
84646
2979
72863
1406
42311
40602
24546
33047
62779
16714
82188
79927
52022
70369
56746
33126
51923
40181
23233
8644
80001
5639
89784
53162
69166
1376
50027
35158
51845
42977
54758
58776
81740
25070
41781
39369
39576
81523
25942
92140
56263
40740
34893
56356
46165
79744
96597
65014
52835
19670
3707
70796
57416
61494
39145
53938
60797
48467
80007
65758
34768
23480
13093
62782
24716
43324
99333
48748
60356
61113
64663
86350
8712
97834
51342
4487
99044
43268
88761
31386
75442
88232
94752
6835
10770
48917
89610
14065
49958
15823
46207
3815
79044
15989
53528
78407
25330
97258
54956
39249
32
63694
25770
2617
33845
95404
4503
87034
48818
43404
12714
67611
51553
6969
50678
92015
78197
95655
19243
54306
13562
9950
23108
51268
22167
64234
57261
54138
98555
56679
55881
15510
52144
66445
43922
9187
33905
27877
43363
17338
7343
72058
96645
58468
92036
28780
10364
21802
47572
43842
90272
47113
54868
27269
52054
88156
219
99269
56724
92792
18591
9361
93218
30345
78664
37522
98960
8992
3006
35059
68501
61149
4040
46678
10233
6810
90342
16934
46356
35954
51041
65611
86793
83723
53722
86711
15829
29141
86022
74258
4544
36465
57897
67506
64422
23611
56384
15359
66364
89739
19584
9222
34399
54329
43875
87392
3412
43139
68138
34927
22752
84792
14996
35409
3898
52108
13768
33183
65585
20999
33341
51131
32777
88107
57476
94444
35681
44968
76305
26
42123
17095
71498
86944
18615
87983
50510
73344
89766
56913
75715
74854
87952
77132
96794
94966
63672
44369
15200
65650
21383
50188
77226
42450
8754
24841
37406
74659
84452
3881
81701
75413
82355
97874
45791
78423
76182
58621
23935
25128
74151
11610
88849
42850
53530
23736
21036
1125
270
61142
14092
77072
65390
29140
90304
56629
89362
78502
56511
24039
47518
97261
65621
17781
18999
38454
677
24166
87178
18958
44004
74316
50259
57086
15550
10622
37569
50461
41735
9706
71315
98571
78085
3621
76861
17711
16140
25887
80957
23096
21184
63183
14019
58203
14371
86041
26455
15684
21663
11435
34014
48758
48490
83205
62874
87570
7899
12675
27172
77880
1922
25807
47527
65139
86921
79891
8905
17472
53562
99704
49291
64160
84872
63143
47832
7662
19330
35404
62258
87633
51059
18648
91804
97700
90327
77083
83259
40833
90511
54828
32899
13742
56053
64178
27063
63331
48938
32045
13273
83778
78194
46131
76876
16993
69941
54897
26296
44706
67383
25327
20801
77045
47410
71281
38017
66069
49401
68614
21491
10695
20416
68872
83433
26501
47908
25978
26553
72956
29521
19003
29219
77095
97144
76013
39248
30860
82739
83385
65369
41535
23485
95001
93455
79963
25166
75619
77013
77782
36465
22598
21077
75645
51821
81365
96305
56432
6995
69423
57218
12132
39464
74790
86864
3864
92620
66442
45121
75226
82438
12329
18258
56821
89180
85097
90524
94401
88116
73854
65968
67071
2462
65218
35588
66008
32605
53905
48258
12612
28405
7320
30704
97080
19389
46200
14036
1584
10507
66769
32831
57583
56205
27395
43346
70307
9360
80206
32177
92438
51885
30568
79268
15597
66413
32777
22222
90324
9326
48087
9872
70534
25607
78166
43209
97148
69052
11057
87079
86391
59596
45114
97982
93941
43275
25847
36993
64330
71896
35433
64144
88013
84580
10565
97963
5913
81308
88355
47107
69498
42028
83418
24676
81080
62915
32199
25703
84952
31899
61590
35406
310
55320
94103
58275
53257
14145
59600
61396
71381
7649
15070
69878
95188
25747
22210
78840
93120
65948
69007
72673
4221
60010
61856
61469
1565
17850
12169
28718
44528
64290
22365
59148
10897
85603
16102
67519
59546
23092
50430
24613
49724
59192
80559
48675
26527
54178
85651
83152
10965
27218
72135
2717
77151
14114
74722
81026
24606
20293
61325
8844
57936
28551
79478
32744
99184
63014
37773
84615
94152
11108
9541
16955
53760
28688
94045
49480
64369
98798
84203
67631
90268
43994
35737
25425
26221
51076
17198
33106
82082
78682
55014
39921
36491
94090
16500
26028
55194
88027
94400
73362
2057
51184
97386
19217
43016
49411
77777
56175
85745
11403
3552
52098
17114
51638
91149
43378
2448
25527
55538
45295
2466
69992
11609
9346
96291
49890
75920
40970
27568
27039
70674
36546
15589
23741
51215
30358
1536
59374
33310
93329
47505
74749
25792
67488
72618
37664
68022
53850
56133
22527
59967
3699
32088
56980
13027
9429
67110
38410
26652
41568
3551
85496
47950
48366
17669
19736
82556
60918
20039
85447
98723
70457
55238
98197
23712
82717
95813
26753
52710
36139
44491
52509
32300
29628
46546
77671
27725
3042
53705
95707
82347
73600
95131
78182
58252
97254
58545
45404
78134
49703
99536
21772
75821
85732
68234
82339
87290
2261
51776
34836
64659
48953
66418
32235
64208
64417
243
90106
83320
13643
42552
83877
44100
61934
54142
42639
15086
48323
76793
59327
1862
60784
62842
43330
31024
50593
48788
68879
78829
38511
31416
12497
86915
61164
25985
39507
71579
96135
39446
50843
44455
52796
26334
96580
6547
34669
47456
51633
96772
39688
54976
89766
54395
14820
54763
821
52296
70676
36649
18414
75089
31051
83031
78514
74007
23839
88783
26688
51246
26079
42743
23990
90449
94153
89931
94872
55023
56075
43945
39515
80334
68280
80400
59818
35370
44168
10631
90158
14160
6103
59730
93857
56247
69725
8220
67849
45836
57608
42938
92352
13965
45535
89710
53987
81249
44660
11265
23391
76448
2551
78097
61550
50879
4274
77673
48547
3914
33908
95766
8297
36894
42799
31413
20777
19731
71693
56329
2043
44538
26418
85209
51682
71571
24095
77034
23803
59007
38251
84007
95197
90683
41642
86807
11973
4890
39959
16512
87361
67954
94447
10986
22919
6761
34970
93718
20369
2303
22455
5679
39434
78453
17012
89012
44219
89255
75212
9621
72381
81759
48179
28755
63865
48
46385
8758
82158
20341
35410
98804
17036
31696
27722
43982
14736
15445
54473
52054
72784
71233
84896
32810
5576
25621
51289
56591
73402
20824
60765
80772
65261
15007
86779
64828
84180
6295
33811
70940
43114
68565
2587
25809
95607
79057
36
77571
60332
13017
12277
78747
97322
76651
21711
82409
64312
21906
75744
27806
79628
90223
32335
15124
62501
70219
94229
29781
1529
79458
57584
34910
47478
27642
64848
84599
30445
94117
39958
29488
84415
29836
78632
50602
11547
43305
52873
83426
16699
38050
16023
35130
63761
92194
73583
68184
54422
39096
40475
57035
19658
2149
23046
16833
83601
28850
54632
49451
57041
30388
68821
31173
86752
74729
97529
91600
34332
47120
74848
97386
77061
15320
32205
81972
95927
36617
23508
21555
30427
36367
99780
34609
82377
69917
10843
50542
99007
12604
33113
10371
82752
87867
24952
80364
75257
54743
66214
66794
69200
90851
25532
91797
11009
41238
59236
71648
56521
9123
24402
23447
64176
77732
54488
6889
34953
32560
17057
93858
16789
25534
50173
36658
95832
36001
40452
3649
98540
97975
4276
62087
59372
72515
90563
31735
98626
50860
10045
2983
9221
58994
89750
1942
18397
24629
32309
40873
60902
39890
60000
80017
24086
40088
11795
41471
36462
59972
51409
16999
41441
22202
72224
67050
29158
78734
85051
82899
19229
24918
87080
36159
22273
38887
23684
49442
35055
48729
54269
85920
70361
1119
79154
80027
1660
79017
68283
49882
64997
88827
20738
81950
70479
28151
7398
31204
12481
29316
39140
40218
28073
85870
1171
26475
58527
44619
33769
41346
56442
86972
9944
4194
24996
53415
10243
54814
60840
92692
17387
46040
93345
42862
71560
78215
2448
44102
35600
92243
63666
36446
43112
83483
61045
17839
65122
83971
49867
77472
58710
89517
34972
65508
32840
58118
29065
95498
50212
49452
28277
15106
22032
59177
78245
6539
97426
26607
24409
28765
53683
69673
93674
32514
18224
91902
70767
71067
31323
9383
21705
68198
46214
37644
59574
13612
74681
6456
42824
87195
9258
97122
6323
5645
62628
90293
1138
27100
90
4408
87208
31576
34959
64343
54894
74620
74009
75866
28619
31660
59119
7461
90421
8574
94377
74846
10737
77130
56884
64019
81562
72674
60934
27395
23105
83253
64169
50879
5881
85532
70496
85513
8590
70182
10772
28055
60444
30571
1013
24585
91513
57890
26093
65118
91570
98457
92271
12626
89561
86673
45811
1354
14406
33429
66470
162
33395
77112
85153
18947
37775
78198
41818
59891
45462
69482
58184
24200
5379
76687
72821
19125
55544
19443
7680
29577
6345
54555
23418
36635
51650
76265
65341
38594
21086
90093
12521
14136
89842
19154
60240
12720
90483
45615
10448
96986
94893
16497
76045
80967
37278
94573
57474
67245
62657
40258
80347
93103
70310
8491
97496
46020
46748
17900
95053
17857
34747
32014
24725
9370
59859
39762
93931
99697
688
10885
34960
48533
5748
1576
44899
74645
88600
3467
92770
93482
9292
71918
1385
2129
72283
91847
5100
63342
15935
10247
96723
28733
42122
56034
58804
46656
16908
3516
62502
91969
25085
2570
10119
69438
55898
58168
54395
5528
26331
57229
35983
70377
78427
94646
5631
28257
81831
46139
99517
73533
60182
49380
66970
98613
90135
62379
42880
96307
76004
65810
43508
39355
59029
39060
25682
81648
82548
99894
37462
36548
98720
72505
13400
74720
55637
31492
17141
84739
87950
18378
64130
91966
57886
84783
57054
29694
7871
11648
15914
88560
89850
39548
78420
99424
26643
87211
34470
57861
25303
92804
94749
37301
53507
48580
58208
86289
40219
87551
742
82019
39672
63014
40567
28236
3370
51202
42961
53324
38410
55416
81549
58581
91981
63945
82089
48737
74965
5311
76674
39615
9066
59498
89570
82359
94572
80187
29989
30898
90154
73784
40337
52314
92638
72869
48124
14320
97036
97374
57973
91372
84550
20686
90324
60091
33146
96662
87851
64251
65178
16375
26401
25893
35724
39358
80245
62738
53087
20073
54086
59317
8724
13270
66579
44194
72243
18019
22360
18926
83861
51086
41215
20033
4790
7424
55899
85873
24719
94716
59948
87106
73736
87398
35045
73948
77743
50269
83652
9752
47873
38193
27455
72130
87878
18671
5487
92155
72103
47837
91352
26612
13437
35090
53532
66524
75002
99860
11658
6040
40855
40672
45614
72871
18899
22772
6766
20283
4063
76297
18410
92560
87390
38567
80363
54659
464
66098
67204
67226
12258
32195
23515
40041
96055
92041
21471
62099
99869
61928
2997
92359
57815
99886
34796
14722
71451
35559
15134
19026
90359
99779
63346
66989
16382
82881
56250
81632
60498
99187
61944
50946
45368
27496
59785
29827
39414
24995
39385
12368
33120
56276
48722
4073
20254
53567
50706
77229
3223
59764
5224
45068
25838
69014
52642
43654
32901
76192
27434
34387
48049
3019
26767
4576
54799
27934
32441
90747
46368
5525
46140
48804
54744
56381
61418
54803
15762
52022
89338
53948
12213
99545
40915
23482
56891
269
80227
24324
5476
59640
18480
15585
96787
76512
8129
3097
17501
98233
17441
15966
57812
61020
37062
53650
20734
41289
75341
70467
88192
9135
14517
63141
15786
47825
12252
14679
22517
78979
16788
67208
25069
4884
8773
90872
91301
85206
22371
45555
85595
86188
92983
84017
19712
30709
73327
44461
56530
44667
65826
99132
81490
29057
82265
59657
3407
40385
53277
1769
43462
53984
14131
36128
17445
69084
99675
35082
4097
9424
53295
27876
30719
39196
17134
4308
6898
2596
18869
14625
73530
28670
47292
68437
87371
10535
58981
98763
44888
16446
56775
86519
33752
73116
91404
2493
86415
17242
21920
28052
66970
78540
60596
97953
92210
94240
50840
96763
35770
23418
33568
65868
58209
9338
96768
26812
42912
76790
69492
12133
27706
51644
57768
84895
91314
79010
36321
84631
44213
29058
29318
64014
27637
21223
28742
12886
91898
61689
17472
71815
73956
18248
35078
51579
1042
18472
56113
92577
7538
59559
89703
58983
7798
37974
11745
51092
41935
67390
98334
89112
86851
99844
97129
6613
79315
65050
69909
3253
87072
12331
25507
85075
50403
97133
93517
88955
7369
37511
51327
53537
37279
14956
20334
42355
4161
44018
62066
1523
99961
38858
68693
68210
24581
11957
16447
40100
92205
51452
88223
22634
43791
59592
98720
96075
85016
53978
64537
91848
91807
26103
36385
80902
50324
25281
96874
23686
48429
79119
94183
84876
32097
58096
4410
79549
81088
79961
40578
37962
52509
49442
26520
32257
66931
36443
10177
96638
47120
62899
17045
57333
69205
97703
90021
99241
45908
93582
82624
96279
58135
3559
56564
38155
91406
57997
60022
95474
76642
78530
67093
50728
13415
23586
22869
62064
97061
60087
90877
72613
88404
21415
51716
85968
47216
99069
81202
30442
37249
14213
42931
25717
76843
47547
17336
39373
15269
13241
79074
43086
76241
58219
6101
8284
43342
15743
66745
79063
86195
28047
94905
76867
26653
27465
6555
48836
78579
62301
61394
66174
42085
33041
24500
24421
66299
60530
60169
3390
59259
72124
88974
2249
55029
36057
83830
68442
35812
32419
94129
14708
90263
93334
11044
17817
83661
77746
33439
36685
46964
3117
85660
7080
34855
80618
56265
29123
25276
921
28593
66415
94164
58309
71746
17987
35939
32202
40122
47561
71798
41208
25172
4518
15512
56501
43192
47436
10858
82344
99108
55317
24014
40914
85669
15145
97378
19117
76447
58971
94623
99074
35568
64617
61867
76717
21676
97302
56108
55168
29887
63967
45262
49680
74391
6929
11716
12497
86479
71300
26870
62470
40336
24791
24974
17326
11576
27891
57431
12905
4209
86676
61419
71599
17101
67237
76461
70410
8131
3782
47877
72766
51042
90108
12685
80000
51277
11122
57904
11339
79272
82231
29903
94920
38773
29326
35710
94569
78079
49
33806
35293
38170
60131
15661
62560
91250
65805
45252
8321
67888
23074
78075
24626
79205
10075
38466
68179
13572
7063
51321
10025
61905
69126
66674
14494
23477
47479
5657
57599
70774
8455
51730
90112
7550
76471
52703
63474
19353
24330
52139
84861
18937
14846
31596
88724
32694
85597
94710
87541
81546
21699
55044
49795
16908
26389
51237
2945
58419
28029
64201
68841
99580
73920
40141
39229
97329
55200
30357
8772
1694
59784
14131
96577
4035
25534
12458
63735
21821
3425
91899
78777
24679
43210
22281
17669
6724
35608
66006
33185
6569
94240
10100
74184
47321
3719
84717
60330
1744
24505
55850
77433
57929
52355
56393
70866
59602
84549
59023
63472
66473
12607
44156
56970
82146
47757
46146
28699
52206
96052
10319
61018
24698
20321
18419
92804
64134
81026
28233
66638
68828
73068
63226
5655
60892
59453
3637
11686
19247
22210
78533
14784
4577
20086
15996
8516
93735
95307
89935
61330
21670
83582
69869
84166
23624
63275
48449
36178
4452
12043
57522
43976
47669
70143
89513
8626
72291
35114
35563
39085
1285
74636
34132
13881
35475
42546
67406
29542
57999
78716
60849
40447
38590
73975
52602
10175
93672
76975
11474
72478
27649
98453
94087
76588
35828
2865
79128
63276
63746
98067
57961
35911
58432
68568
13271
