27989
40804
61720
66240
20611
20711
17012
51774
55438
75599
53260
14831
21358
73463
58633
35567
28993
20417
23030
50206
84411
18373
37410
56329
52832
3107
84606
25715
62054
45857
48929
16036
24533
51625
59616
20442
96248
11809
29116
93263
91924
37686
10474
53434
83492
5904
88670
98315
30178
22499
35424
24205
59341
58779
98813
84087
34439
91094
50049
31948
38680
45145
5606
13115
41340
37540
85523
35906
31815
67644
18027
81075
68591
80118
213
55188
20201
56892
9943
95807
92581
19311
57653
78621
3661
65259
85778
65272
19810
93987
60820
61899
37099
2780
98576
8890
26637
16098
61135
52380
79228
50883
5348
99767
62717
50867
94664
27056
82085
19080
36431
13312
84097
48985
90697
97040
90442
69751
53218
3507
55189
29030
17244
45671
90226
6844
57434
68779
60351
14577
17977
40640
3878
64367
34209
66590
34529
88140
76692
13278
29820
80400
79815
60297
54144
19308
9568
14106
9423
25642
13836
4202
9991
98113
60110
22474
71700
58490
44619
38231
87570
83890
79692
87526
25465
21492
56464
95499
14849
19728
4058
91908
19764
65891
76611
16153
70893
89853
48959
14567
55054
26393
41815
8604
7092
29201
45377
34833
57479
74672
20693
91265
50167
64903
27631
53117
73969
74699
45916
63599
59993
36376
59143
36154
57167
92346
18534
18130
70109
93880
81303
9570
54564
45907
69231
45253
69975
35478
26743
28320
68132
61965
39943
96335
29125
67031
84971
80138
31913
39728
47883
36368
74138
35907
69570
51834
29643
93880
99385
99898
80286
44200
55345
66391
72712
7374
83524
66610
43237
9755
79592
22582
48022
12395
52349
18281
5648
58044
75319
88346
90379
54031
53097
61941
98339
49832
85634
74969
23213
25043
71994
52167
63798
19233
84750
32053
42451
76279
32033
90224
78727
76426
60557
230
54129
91781
93185
51273
63201
68765
11172
90824
74455
72218
97140
66452
98446
15065
44960
51766
68864
5329
18235
9076
54028
74116
10647
52962
12361
30457
59028
47281
28940
47552
37847
43189
32266
68305
58919
95211
31618
22969
78416
81493
98428
53275
13797
59093
27306
17317
41786
29059
72703
72294
3222
215
28050
68607
6730
46417
82019
59908
91562
20272
59819
84348
28701
90816
67513
36382
79727
16162
90519
8815
46330
32079
77522
6464
43727
61323
65599
59853
3559
99094
86777
70086
69422
29335
76135
15369
10741
32388
19963
17209
31175
44096
95931
60606
78335
44591
43248
93005
88829
54424
23319
81518
9546
14404
77852
26949
49431
99532
96208
12671
6719
36197
66285
65007
28666
34618
66802
57418
84310
3139
4356
78662
73585
98033
67373
23957
21804
44692
90163
61733
7851
39076
55108
39063
27244
19971
19026
10688
80618
27135
1171
45744
10015
8793
72299
48308
51181
38788
66853
80393
1969
37132
54806
76166
37725
23467
36929
39940
97412
51945
7804
44404
89994
93722
80154
64951
50140
37173
54659
19162
27082
56144
12801
56914
14732
31207
89723
70528
24845
67399
6176
24789
53929
55724
9342
18494
71171
33407
7233
73323
59914
15470
43865
74558
3668
47626
94468
32802
8453
89494
62372
7589
97375
64881
66213
95382
22404
12340
10323
47380
87354
99940
48488
89970
38553
95986
44879
41676
8928
69752
68839
84888
3753
91508
65996
60462
39661
53703
83062
91684
19867
81718
63237
40878
47336
14383
71032
79680
9630
49624
81903
9474
70459
3863
80856
2228
78245
53531
62529
38754
36879
81960
41746
26987
29876
28651
84052
17940
49715
10738
31601
12687
7807
88368
43801
61331
95305
36040
56178
74563
36968
84030
3579
76880
8083
60890
31474
8677
94720
62539
29494
42108
70669
45364
65402
95061
96294
89012
59908
42898
10949
41084
18787
65395
80032
6141
5528
36407
95454
88395
51086
37411
53539
86435
32966
84348
93579
81172
25377
85504
21958
80091
4934
4734
38826
55212
46105
58184
64720
15379
84904
42591
55758
24304
70155
93496
32642
667
99015
31632
57740
53292
86443
80520
54193
68787
29193
39336
27971
98061
68032
93699
79632
56250
29516
4914
61865
6324
58852
78778
80120
73121
18609
7670
84616
98416
26167
45029
87816
40459
94870
34149
34756
37182
90396
32949
99496
68076
58920
1674
20361
86379
37656
53775
45273
44197
16532
29642
83351
2265
99442
9308
11391
88383
36306
66945
87606
66657
62189
88784
65311
41474
64193
2211
198
10755
54573
97919
77439
82134
85615
84775
62126
54911
5281
91521
41348
36323
81618
44272
91734
32395
70253
56557
74386
13418
63836
29712
72480
87119
53395
15459
33074
87209
15820
28236
37035
71009
36013
84778
7815
27856
8984
46773
50044
90806
5810
60045
23846
68767
59897
66390
66783
8044
72037
6700
30293
96722
12932
85866
49933
47924
83387
54669
72212
99737
77128
83713
24666
2646
46974
74092
80982
22816
71796
41025
49724
1280
54411
38050
78644
84772
72240
79
44163
6781
8945
92927
16322
65022
24018
18121
77568
16417
97462
5258
67922
9137
45123
65871
17244
44524
31461
6374
71235
66004
89960
16604
20594
17319
82222
30066
37101
75760
11318
30989
70606
6726
58631
4333
67199
21103
46450
67902
99731
33792
58031
32396
67688
39372
73258
35737
54172
53755
67831
82460
47046
77698
26430
36283
40290
52598
38918
35261
90965
90696
9750
91348
71051
37862
58350
21320
32923
57841
53416
16196
35689
16120
54275
31588
91278
53701
35257
43090
32448
16451
47415
49403
69259
99737
76056
58486
45481
72208
79319
95956
16686
64456
76081
49478
3961
71029
56296
96081
58436
50532
12919
79111
64844
61685
63701
24381
96730
15378
29825
10888
51435
46730
29301
51293
34551
57835
73482
39888
95047
41131
20393
7666
80528
92503
8843
11942
16075
22250
76942
63785
51304
72594
94729
76999
98385
13194
87978
74482
17152
78572
66485
72871
99764
12391
53141
17447
50892
80116
23743
21452
86837
70390
50128
37098
14688
96150
65167
90395
61355
19959
2625
32358
35354
25894
55153
88089
72889
55824
37845
67043
64218
78195
97375
61288
46889
64574
96793
38375
10114
36413
48082
78488
72711
77073
47127
13131
29944
20112
94099
2810
38597
22337
38725
21917
35863
69673
33182
1563
84487
19080
50576
21801
43368
83874
46175
33247
80882
48484
60915
95146
72819
41480
32899
28052
69884
41968
34849
51867
73535
22327
61624
23801
25065
56946
129
10634
19839
43987
10642
68017
57222
95625
69121
26911
33951
88032
44611
28521
85654
94374
86693
41237
25992
43999
31534
16032
41202
22742
53227
66323
73659
41969
99336
64613
18100
28890
61419
839
37809
44686
65276
18034
95052
42657
87212
33201
6749
74463
22147
36925
71055
9629
29633
35293
44390
98562
20852
47722
58602
50766
74730
81472
20545
83627
76143
58026
21239
32831
38468
26891
90693
30573
23735
70441
36656
69176
12340
48454
30286
28033
20116
23699
23419
13445
9622
70455
51379
34457
55660
22390
51500
96172
58285
85112
13252
478
53095
93184
80283
72091
96273
49634
43416
15333
83169
72439
37194
64221
73622
90108
6605
19008
24514
63102
15602
43875
51045
23931
93691
31403
63002
1052
38621
90681
71837
38172
34289
18205
34362
34361
76113
49614
95508
64171
22926
24825
91804
28735
20000
78215
51222
50451
47797
40517
45889
40302
98477
14307
18455
48870
11406
9763
52064
72585
58545
32197
74285
67141
79394
3235
2381
57634
76850
16976
17195
34802
47450
10410
50842
54683
27785
91937
25277
18157
11808
14244
54494
12244
13978
28349
29594
26990
34837
98381
74450
20048
13100
36867
34086
97960
18201
25177
55241
82441
74412
69660
30102
91694
96910
15241
78356
63812
3939
17753
1369
35336
34464
45275
50705
40194
41944
43276
98866
62045
61981
76407
45181
75865
32495
27250
94691
10570
67547
82100
1572
50494
46314
33795
85930
91993
54091
86286
30182
90583
56872
78315
53496
41918
69024
32777
67964
91106
27421
97208
32050
21091
44632
93495
6085
79230
91072
7320
6591
27343
51319
27214
43844
54314
56729
70662
94130
99049
10158
3678
91426
14661
45996
49699
46248
61763
16997
21159
69277
30324
8619
60296
51427
3833
75595
18169
75625
25763
42997
7018
22812
25957
24228
87187
96104
92636
2327
94858
10048
56794
66248
40749
1791
23175
79406
37046
7751
4738
74784
72543
7069
7252
98911
95672
4974
53848
14844
75874
570
44158
31350
57781
28242
28424
95109
17078
65454
55720
93488
49573
40012
38898
58200
47635
30838
86113
96617
76605
14224
60296
49508
31934
60912
38604
10247
63856
58675
3366
18944
99084
70457
93077
50308
450
1785
9042
53381
13275
84586
42870
75425
86924
51846
63773
58810
91087
54941
24179
35356
58660
2594
57193
45019
88297
12480
79124
14284
40493
62193
67243
18240
55809
69944
14631
67244
77299
67543
69677
77278
64711
43351
45423
67945
34177
91559
291
71401
46045
30047
84185
24264
45181
78904
28654
12292
43828
63530
38901
16141
21512
4531
83971
13644
67127
17303
22159
60953
27755
25686
38564
21194
51324
9687
54541
22758
22271
575
35388
60889
33170
18722
94327
51617
73691
87593
54508
16307
36012
21558
61266
41910
81177
63074
39897
152
24955
59367
63325
6565
76937
62375
37630
66527
79872
18088
63322
90380
16887
7242
88919
49686
24375
73595
35545
28124
33917
85866
66514
97945
19421
50354
52133
26597
30487
95340
72755
11415
26178
10698
13507
28019
98885
70049
77261
92354
23838
75515
83377
46710
1360
27554
3248
95872
5057
76241
10056
12739
60285
75687
63946
61111
28934
47727
60750
28117
77373
74554
23055
52333
4342
69868
88921
37066
85613
10578
2019
15344
49736
51242
9693
70971
58505
84847
68671
64722
50854
14549
39544
58655
53320
64272
99667
96397
71113
65590
94597
4833
53813
21551
81592
26648
63645
19041
99988
71510
95634
28881
53540
12612
92989
36153
45664
65940
29112
75164
77059
31540
57159
37659
47
7968
79050
69755
5135
29714
71158
93112
18411
96808
9239
21030
62313
21448
94748
77631
59427
89644
36897
43120
26725
9208
84563
36445
55967
18696
96502
94050
55903
83913
5558
32272
46507
4283
85365
83442
356
17517
30010
34095
7113
41451
25808
36851
82953
23569
98835
49081
52394
37344
51919
49106
16127
96926
38285
82295
4098
44
16580
42534
41377
49329
47687
92578
12290
33136
77419
69036
19376
37645
72802
5556
68068
5598
38504
44379
78022
3862
85539
4287
2112
24942
92424
32096
24054
40992
64229
30054
89330
94482
19038
97110
6086
51501
29074
29433
24344
82107
46411
43091
54243
77095
73907
60040
86395
13070
25837
52825
27379
54346
3894
10168
6454
15662
62849
55172
2738
47141
76505
44767
67427
16690
24986
55195
22027
84414
32397
36957
8469
98058
7551
59093
99927
64251
57996
20195
25632
34816
39250
64289
63642
59926
75988
90044
66263
8457
56064
90925
12444
84861
62472
83942
56610
66372
46588
9500
10779
53272
59238
85847
10644
68303
90005
64945
38093
90663
47236
89336
65306
586
99081
92831
72351
71771
20720
22015
83153
51617
41627
42664
56110
90997
43827
40585
58792
5223
13273
6147
65173
25289
62004
94516
46539
90177
37422
84424
6408
56446
39536
8403
52070
41454
65972
83899
34976
31255
51342
62625
76189
82766
71361
11979
94193
54248
18157
80657
1945
89694
55536
20574
34626
87494
32642
66238
23532
32393
74434
59756
27126
73547
48116
95225
23256
48324
4760
80500
93117
8367
96345
19942
36376
48435
82305
79673
43875
22299
58443
83530
46727
20731
25580
34186
13427
53900
55178
74079
43344
34383
30066
30566
78441
1381
24891
73415
61821
1610
82964
62828
95975
63149
42613
5521
30200
58340
90492
60652
92527
1013
21302
34024
63252
82179
22902
71024
28915
26843
53652
19304
45991
6662
86432
77472
15134
68684
45790
87562
12797
40076
86431
95871
34033
34791
30235
9318
62181
26992
72385
29768
58311
59555
9360
49386
596
1723
13456
69817
23163
90179
7171
59943
45109
239
50819
62817
91048
65544
65002
4212
63690
57921
18465
54720
26843
92508
14176
19749
46937
83301
63639
12411
69869
86479
55710
65274
10108
18188
54982
91824
30919
24136
88527
91363
90425
43740
34934
96015
27064
54722
52888
7940
77487
71393
8119
25948
17605
53420
77634
57812
66903
63600
23109
40930
29521
60339
35710
51221
28497
4291
87983
38190
62992
84049
51511
8047
27244
34931
4805
7045
27967
5426
92199
24190
23436
46457
28145
18400
14399
54864
26455
79004
43129
84664
90332
71223
84209
60496
16498
67689
81930
7183
57472
66662
42689
40110
53643
22881
36807
74307
70817
54414
17456
12473
10982
57740
63368
1996
40734
4040
35889
97377
98220
9690
47575
94495
3847
53979
38069
40619
77641
4420
44813
53582
75832
20926
51963
28660
55468
7570
773
11571
77559
12153
6727
6227
26979
84569
21149
30567
86876
56027
93414
87638
33289
25502
83883
80166
51656
11083
34048
4057
59845
84135
66248
76878
3149
16286
794
55158
6067
37248
28329
35855
60510
97757
58880
75651
22447
2668
42437
6808
57014
20330
53443
43235
99811
2850
90190
68358
77236
69973
87058
10750
18853
20698
97192
11098
27400
69798
22113
68368
87703
38274
79727
63455
12633
22966
32384
27324
14295
22487
32936
41428
32348
48254
41541
29021
82962
9232
10960
98665
36505
11078
18434
80233
98602
20460
52015
50650
33157
1719
99169
68150
53665
15690
80133
81164
63227
26684
4432
32037
79795
37297
35501
89693
76208
4452
80708
23913
54634
43146
39446
81900
57549
11372
4883
67898
65046
25002
35188
31842
4497
3693
16334
42530
80372
3287
34877
45559
40405
31791
31837
13658
64539
25461
71595
57286
45565
24002
77077
39247
90135
75390
25791
65087
76748
3860
27169
92883
73092
55831
21987
64471
65845
44254
97592
29398
72521
40880
59721
19689
17096
35467
84705
55754
76066
43416
95031
22745
59047
18373
15956
61695
46582
6472
39257
21135
83464
54374
85273
5922
93332
46874
76835
22397
93319
81268
71552
49812
77504
20160
74096
1780
73955
77964
18983
16176
70181
79530
79629
70389
60019
6101
11070
91881
66164
19523
23694
53778
73161
42563
4586
40454
83007
56778
59604
94220
51409
68673
62897
50793
80241
8247
60720
5850
29756
72221
98137
92113
3249
6104
9477
73124
77070
88680
80468
8086
23457
59196
80637
90187
61524
41945
67828
27605
27099
64177
64074
52026
5402
97466
36431
69033
40357
67827
7454
99788
94730
239
1745
88684
13290
324
75246
81793
62717
19891
88839
9511
81861
44528
56454
68041
17181
9625
57938
89235
96915
71470
41609
67824
83292
97799
20454
76019
70895
3543
73988
77650
91000
5090
97116
51040
46675
256
28590
63662
20343
81350
50401
80099
36694
57946
17243
37665
33774
54298
61475
89513
41480
8798
16938
4431
34423
15137
14533
77524
90735
72739
29831
11938
293
6881
4758
62510
15479
57718
28014
26413
50972
60211
2653
31347
16207
20530
87851
97435
52472
52049
80875
82378
36410
5934
72115
58041
99205
74421
10854
53595
61194
30339
10391
85058
16956
29494
33094
1790
40906
4852
33746
3860
58530
75453
57701
68723
60214
78294
56198
27961
83541
28040
97062
57570
74479
6446
94335
41828
30225
15446
67613
31411
3858
7745
68358
13843
46295
78882
96638
85308
66401
2290
33225
12147
62277
13805
16949
92406
13283
16991
93111
25617
35912
45121
61088
86101
48192
27660
64820
33102
23704
50708
96060
94744
71636
7698
4690
52984
80187
96932
96615
23440
51393
51609
25840
28904
13802
13745
73277
49329
37697
93594
36879
68728
47558
67158
34154
87618
62753
38317
27960
11716
4077
10515
52824
1754
34387
57501
22414
57527
28359
5014
11021
33681
47343
86838
71161
4550
47335
45367
29133
34901
93489
90037
59720
28380
57672
9176
91559
59697
11189
22770
80562
76153
65666
29156
59540
6543
47808
17847
72853
52112
80659
96777
4549
35773
82752
62442
93660
65501
21128
9858
54180
92768
15449
14611
17314
47997
98035
76595
48073
52937
94529
80781
22864
54736
80466
3211
39379
37043
71802
5713
91414
92773
70822
11747
74200
27727
27899
40589
2289
11065
44191
88704
25367
33664
404
83364
16392
12864
84112
35503
35357
41024
6942
50441
82196
39739
13502
2854
27243
57019
13567
10978
47
17893
98292
42765
97681
53373
32798
99033
13549
52696
52706
47555
6189
48349
10309
88977
96057
5340
41123
40218
73455
71023
54037
13956
19419
63203
17463
88200
70196
35424
29525
99417
8665
39805
57650
90884
36158
75475
77052
48846
79721
44553
40428
74087
69074
77702
6937
35645
76517
52918
71536
13909
14261
62150
5466
73422
16569
72118
63520
58463
65742
30268
18240
36662
36205
41677
47537
3633
38283
13619
90770
75722
57416
3796
25501
39254
13776
60411
38079
24399
14707
38409
7911
63850
73266
67212
8328
9436
50953
10078
74671
6088
7669
26596
73162
62915
49190
62464
32196
86895
29446
93547
79045
40662
93665
99374
55595
37458
5674
95280
97744
74733
18712
62643
39301
33333
43355
40686
92627
68414
65124
10188
75496
21850
24354
31776
98415
46829
25665
91769
34441
36683
78617
17830
91618
98148
81953
18840
64509
6943
26849
72860
5489
92269
22650
82180
4107
30944
14094
38783
11671
71488
95339
87879
58952
56253
51520
30712
80994
94001
94212
18147
29851
72412
32618
75577
43969
50991
96534
94032
63226
78944
14105
57046
15380
24854
89937
95215
61063
33805
25199
66640
96433
65320
93389
98389
26765
91209
78074
66918
33708
45524
21266
49455
48600
82592
47631
38154
65146
20134
78597
17799
24677
39779
7619
44036
62348
95126
69271
89770
58474
99412
92495
45495
12617
501
9706
59881
79777
87709
32076
15671
33033
34561
80827
23431
10720
11995
95227
87675
59873
39152
51758
37308
83081
25025
99226
37351
31034
36946
83039
44324
20153
78138
3265
56844
81635
6095
12569
90061
38874
6699
7454
49524
70437
94094
1919
84537
30555
45516
58971
89767
54480
51808
23391
1149
93533
76467
87628
65154
56341
827
83112
97810
97566
65502
82867
49096
6911
77439
40348
46686
84032
82830
35473
97772
19526
95596
56459
88088
56859
35707
64418
3314
11081
38627
71364
67049
14417
72626
95616
29488
68930
7184
58021
10495
29276
36696
40167
7846
9340
75560
94938
46922
60865
21825
83005
98834
41893
40740
30153
80211
39110
24610
97127
516
59732
72957
3738
73495
44624
72729
42578
40915
80066
68125
40948
14620
50290
81700
9900
17255
2425
27564
98315
74814
39277
97680
21159
24386
82337
72483
29413
33408
37437
18932
38134
8882
42650
96333
55372
82131
80828
63738
8333
94243
23366
61192
25963
40545
59657
40288
95765
11946
45393
81802
42636
74603
33039
71103
51967
45285
97681
63022
31613
92250
47401
98418
10822
63236
51404
20784
84339
89780
72832
12324
13430
12644
6538
73901
92549
58323
32520
3375
72358
28209
96258
5967
66678
61868
13642
19798
80057
11535
66126
6479
12492
97456
39038
80517
40881
9889
13097
60172
43009
75441
52925
26990
41409
11378
59881
6005
55024
94276
61608
26888
82742
32289
74189
6740
5353
55953
89770
57336
51698
99430
27242
36579
40769
7814
36743
26578
44566
81424
25066
53092
36575
62389
71595
5983
10531
46434
18651
15938
27786
12169
52500
9416
45581
98510
25276
80307
20196
91254
30719
58915
3304
62118
96415
95100
2478
42101
48367
91465
10248
11064
35956
57126
14469
17263
11700
99011
9296
82395
55408
75955
4170
93429
4167
98580
11528
31168
89397
48638
22069
11964
31018
32530
87163
90513
7109
97043
53243
20083
12580
53290
36262
94568
44521
62674
90782
47161
64332
11750
2142
60709
32689
66149
26458
2626
3898
75608
46390
10910
99051
69981
47372
76914
93677
99684
6384
39460
36024
94512
5342
78885
43761
21548
88982
76407
12896
49217
66223
28330
81664
43619
30924
66336
23830
91228
61809
12334
68894
42587
17322
30411
23932
94765
4814
9709
21431
1233
92099
19431
53722
50058
23996
46422
52326
58704
42192
91457
79694
33771
39613
57494
38042
4285
33405
24636
36272
51759
12853
97045
34929
27253
15631
37797
92988
9104
64273
6510
90085
56641
91456
29332
4608
35241
84361
2348
51882
63343
42904
21533
45724
36700
19213
47318
406
36726
70800
49430
12057
40053
82998
64886
512
48732
41052
20685
10065
93398
35366
84
12835
65930
93396
82100
66867
42456
76180
15586
95844
37573
9971
44184
5772
79650
15007
54398
97630
87329
47310
96074
87656
57054
52924
58649
77664
2399
50111
57059
94778
32167
41371
53905
19945
6307
51057
1804
50652
55231
12732
12337
70178
50762
38496
28800
81555
71528
62699
78751
75271
5220
67592
67606
5431
7875
3773
67145
35238
26157
97624
23152
28511
17376
3629
36878
7970
75236
82807
89199
88675
29117
63846
95877
43867
86779
6498
74394
40637
67707
28004
35676
57493
79100
93681
35436
61393
10453
36961
41479
91796
33541
70845
95273
56884
23472
33510
39477
10679
16968
49835
14244
95095
74565
24378
61942
54589
33882
48791
70623
85134
32162
60944
88338
17283
29876
4358
84663
91007
39359
45341
49899
82202
6209
25417
19471
91834
80064
94414
92297
77165
32051
3034
94110
41787
12800
6557
21227
73186
16952
5236
21213
82155
24135
90073
64892
46867
66465
30183
95010
94696
56129
24857
11169
21156
26869
80135
45041
17635
8735
69047
90302
97408
2765
28395
83220
80827
69169
16235
12289
29053
23022
19058
97491
64350
95367
10268
24095
54577
35586
29036
77420
30607
57801
78241
47273
18283
26011
16914
35675
88570
8983
15837
65173
27105
47153
92725
39823
72778
72035
80406
93162
55115
77314
6359
19869
14770
5171
75417
52211
59283
93126
75099
13157
50260
58267
87928
28535
56655
65234
52319
66376
6459
26433
48517
17493
93306
19444
58570
40486
37871
28704
39482
46984
6350
28964
95501
51010
6787
61176
59220
64670
30220
54843
56987
18564
10157
56690
46637
88166
70372
67819
67570
40517
57866
31943
50613
78755
98768
63952
61319
21773
3582
90296
60828
80451
75710
16065
30297
38713
1712
50568
50295
8382
97717
96102
25877
16175
99443
99654
77874
5008
20922
34494
84333
65548
58936
92073
42436
54429
24514
8007
34950
24586
4424
21268
78643
58361
5380
4608
46193
33656
39199
85436
65588
91538
20523
93317
17472
32203
4768
7881
9875
94226
1263
84702
30125
85856
91888
54641
78465
422
69234
77525
68689
36160
20989
50912
13566
71337
96341
13494
35379
76775
27537
34187
3490
16736
49156
61965
74873
11285
3472
86242
95291
93424
26936
67557
64155
41957
17061
36867
75674
15051
95630
79113
41176
87368
24528
85459
24352
68264
26728
91579
16712
80924
80651
14930
10414
98847
4178
64439
28089
56268
22217
60024
92035
52477
54473
35628
31414
35657
87542
7337
48117
33023
50791
33954
65525
64404
15706
7629
28898
96002
3493
15526
46041
11385
21312
71134
68444
6869
24762
67693
7676
50300
12112
9567
15025
66842
92471
21721
10469
49743
84705
98005
92171
28556
19922
10206
63907
5707
18679
39462
47393
76982
46818
6965
19039
12138
69425
69091
36354
36166
69696
32453
20886
6331
67692
34561
15741
81063
3344
39334
629
11088
63540
39302
96062
21135
49224
90829
46325
11018
88660
14165
64144
92718
70406
99277
37983
29167
5092
99646
40972
74168
34480
12763
30203
32793
69124
40139
65755
11781
44325
87842
80582
15037
93922
74739
68257
13776
40811
566
15264
53379
97926
85293
39323
29064
22686
42979
745
4238
15900
7268
80335
47072
28314
75292
88374
58746
95899
18773
79904
85707
1305
30709
85459
97501
96435
57764
13505
89395
11980
73056
79476
40683
49216
88852
79931
15785
65505
10498
2101
16151
60061
42716
26918
57739
27834
61293
17112
91891
47645
73784
70785
2076
59967
646
99827
52783
43937
84802
8657
75890
13785
34060
62386
43828
74540
42802
46136
75010
11350
13065
74332
14706
92388
55912
74684
17605
42609
34709
86517
92550
8815
84782
38281
648
19117
63087
59638
34086
58697
93426
23931
77028
8188
38901
86973
16766
89507
94092
85199
7342
88196
50415
77938
53465
66517
16584
51927
10631
16862
60545
23515
45108
87465
7900
81898
1536
71675
37215
10098
5186
50279
5667
51806
81247
86725
82199
12873
82471
96033
96991
83610
19618
25416
28055
67232
50602
65922
19823
58788
10039
10872
1502
80783
54929
18043
60918
71023
61721
61438
55062
83529
66403
63934
85191
41411
64267
70436
95222
90976
18364
67455
67016
67971
85591
39218
28862
24188
95146
94178
69512
95205
17214
91916
3214
16506
91516
32174
41393
87812
75941
44029
4356
8665
61501
62265
14794
12853
18269
3664
66890
30795
5687
18702
23044
35618
737
31741
43883
82836
90510
36909
91195
20989
44004
62135
51835
5999
36418
54441
10180
36568
5088
59019
78181
86114
36661
95
96534
81481
41209
18914
68600
32367
33597
56969
59457
74529
30737
3941
41729
91343
87441
18551
77181
41861
30269
55304
48119
98266
98759
73105
46725
52795
15964
78867
47657
47905
26532
8509
43928
56360
87021
13669
54796
99735
25479
40404
53838
48616
5533
68998
31704
78539
61145
34609
54980
48579
77454
74650
91734
70459
26184
39338
67585
6395
73680
89216
65585
8231
61817
78965
1181
87353
10763
80477
47313
49944
23849
127
2122
74658
67412
37015
276
91414
15842
26897
39329
6101
32754
24358
53431
97468
57068
31519
3490
78189
93033
44287
78868
66990
58006
32338
60556
74932
61274
58344
74739
42185
51528
36783
68152
86023
29795
73650
98437
79524
28012
14500
20193
22995
54950
54572
40451
56298
49224
90066
7549
26084
20388
80991
2799
34374
92157
99529
43327
87326
56955
46443
70170
52745
45098
50781
59801
39905
39942
87833
27486
90884
49703
58590
65045
29656
97056
38694
62313
88015
82374
61402
5433
99090
93349
42088
52494
72920
68113
64436
22893
21387
20970
51897
55397
79965
17525
4928
32279
2480
53757
31140
63357
86100
58372
63689
18871
9477
68206
97943
61234
17656
46727
49657
56712
27360
23311
64467
54529
64427
79836
25778
55156
3959
16693
99400
2912
34705
31632
37087
36259
75620
64206
57969
72080
20683
30828
76457
81265
43388
39916
73510
13311
34651
92022
7181
54835
39605
67527
43119
47517
8821
14117
4417
492
70116
62189
49120
90501
66968
6158
89204
48826
99682
53372
92190
55344
82344
65854
45957
8888
7682
45154
29751
21145
34995
45171
52890
56603
77946
4795
281
29087
29118
10392
49272
52005
53731
32604
30616
92967
51282
52019
72983
63293
17444
88244
81526
11189
63056
60297
4676
55287
59311
17099
5529
64984
36383
83669
39241
32935
83768
19294
99440
38496
42609
58798
71908
50254
91189
91325
67424
9972
54284
49425
61837
84113
40436
13426
59010
40244
96276
63005
57117
15212
12498
42732
5807
45611
12613
12466
11377
58337
23546
1272
21517
79695
61225
59423
64875
14341
52730
47707
2954
54493
48567
70196
43969
36946
41793
48926
75499
95515
93948
87873
97443
1552
91464
26536
1361
5893
75540
14137
76513
73591
26247
70011
22204
4523
46515
43114
6752
72933
90958
62706
71495
80739
59838
83360
65966
76146
17083
58260
74511
93549
36478
85626
767
30566
36439
43831
14355
47584
32611
6858
76556
94183
33704
14605
69967
45308
41577
10443
6781
91830
36850
44867
9757
560
76419
9211
82426
13194
36882
94228
12551
27328
90202
55071
73925
32549
18899
1092
21962
56488
25210
9559
51138
50734
56146
85870
26927
90844
87774
57993
12943
86022
25547
85391
38530
84576
76845
76903
4143
90560
63038
85148
45510
13365
51293
62895
99884
65480
8038
93546
63666
76520
47548
4324
53156
563
55758
91101
6116
21885
10973
5583
42767
31385
2328
53750
96098
85286
42632
61917
75709
64893
19283
68039
20802
364
50723
63395
50960
28048
49115
37058
34312
31483
92297
21552
15615
30991
59606
97043
44311
75791
2977
37526
90114
58639
58790
96145
68230
94987
95547
83980
3429
4242
3758
81491
96155
17761
50132
75003
87214
47096
82364
67668
67396
53830
51204
46463
44721
32512
56833
76251
61941
19106
22669
99532
72157
24693
67149
97200
84014
69054
3655
90507
31162
7768
11366
32764
61377
36444
65757
86373
25538
68839
19844
21553
41851
36975
22450
35469
35400
64522
21379
16534
79577
72975
86338
91688
38409
16758
14127
98178
84418
94471
95191
44445
1964
42442
65208
17881
66892
71069
289
46570
89261
75290
24859
89993
82550
7378
99550
55082
78310
38760
14388
88988
43356
89684
98823
26431
81074
3110
41963
89516
21630
16941
82819
28026
67996
31185
57891
72374
77388
74015
36742
9689
45673
90349
65604
1606
53821
64672
64324
66762
88370
53123
40816
43151
7832
47309
99766
43445
45198
1948
16182
65843
60541
11834
9824
56641
56042
89999
30191
72495
38044
22928
5405
87517
96737
82276
93320
18583
74511
96141
22562
66210
77053
27909
71725
62317
88846
39928
20306
88457
78176
51573
29017
80875
87021
14228
57311
16444
11207
87696
26165
48390
27967
97101
27153
79445
50098
97991
66755
98938
70133
3847
55042
86160
83192
94661
30294
11460
71981
32784
75293
81582
48608
70086
29165
11747
24784
83396
13470
31575
9217
83863
16466
18773
96294
97643
38863
43525
81953
98868
24716
78219
1833
72009
60597
72126
56924
65228
12868
62776
9498
18802
6193
69346
91723
31322
30534
55033
27115
79253
61733
49384
6319
63970
46539
19643
81415
49911
35729
10753
7301
8124
83502
9597
81576
69471
66725
64187
31542
47804
14157
60386
41403
60342
30386
22189
87893
9048
46897
72806
86361
42036
88921
84482
93235
22203
39152
27288
73420
50241
4462
32309
25536
72819
36230
36974
93867
80373
84048
2546
67289
80132
99438
9108
52878
22761
63043
24155
36567
25226
196
22875
22204
13933
29758
85391
79288
62246
75412
48886
62951
92561
40453
60672
2793
12241
42863
3877
34227
8114
67633
75220
68009
9730
4866
86826
76160
76427
9565
54834
39498
55417
80571
35316
69307
75684
85172
19007
130
35775
70292
38186
41622
59387
55255
43264
87005
34953
6292
24872
51503
67415
66569
94612
70367
87454
43506
45461
30583
13959
16208
9758
20466
30527
91500
91310
7503
90351
792
98884
92920
24511
23839
5545
73088
2465
49599
87905
57295
96732
8852
28534
36535
30165
73503
44592
34247
72915
79693
16974
14773
12278
65494
73244
27111
5686
58486
22691
38990
7866
81384
76888
78765
93233
30903
96522
56033
89840
99571
22330
76925
73254
59140
94337
2142
20092
93688
84878
31775
62366
67588
16316
97835
85417
43937
13403
45606
99624
37072
16577
94941
68634
24122
56178
9062
72747
92165
64737
19858
37410
55345
79979
37033
71918
29077
80589
92196
22929
6607
84452
32974
15469
93097
46875
38251
14892
40330
79715
71152
51432
59260
98584
71556
66924
51801
11052
12167
65488
70719
9827
73547
85620
97504
71579
22657
92414
53273
86587
60664
70462
14009
77570
97594
66895
72943
70939
39735
8875
44874
6740
47074
17527
38212
45927
98767
89603
25556
55047
82275
6626
2517
12775
13153
91342
27462
62490
11637
8800
96621
52703
34402
50444
85404
90520
58155
4810
71703
98011
15130
29347
32510
53417
99267
10079
45309
32595
27968
11198
17775
65204
67639
29139
18068
31071
39599
11342
77896
71057
41816
43345
40692
23304
49165
26355
68918
3244
23194
5742
53019
52202
66641
44035
96264
5721
83496
94852
98309
6121
10899
6414
29342
73444
16643
95415
20138
1474
86852
32939
32690
22579
81145
60960
90943
97656
21524
9952
98961
54065
13147
98855
94562
56255
13494
83855
69788
33475
89555
92532
62357
79656
41226
27121
39090
39057
17895
9447
29825
55199
82676
59901
11825
69324
43459
36713
62317
16019
47698
19739
54519
5486
785
10094
46872
56204
84103
68183
98424
88387
65407
8306
46946
30222
72265
10333
193
79937
27327
95049
81230
15162
63189
80323
54928
62644
25638
43609
68919
15198
38792
50410
49876
44440
16162
38571
99139
30135
89608
84255
97090
57136
70055
35312
13320
22641
45521
74366
37124
18833
30835
1546
34851
514
10115
5402
33970
15659
30772
35539
40572
98825
65856
50876
9018
47844
25632
74195
97911
93080
73848
99354
3915
82093
68443
76725
66617
66004
79906
93441
83023
15747
79055
37948
68398
12083
51901
93692
63117
51510
81683
87559
24142
38883
87701
25786
17835
49739
73482
68211
20474
30824
5730
36574
8564
7714
50622
96018
89837
37389
99769
3920
48385
40878
65157
88567
3708
72462
16212
42653
96506
47355
34091
89237
24988
12960
50347
63978
51872
70454
61026
22448
12702
66323
66735
98646
42174
36181
50566
36656
41746
65693
2956
99356
48040
3056
34704
56814
84750
21387
53406
85611
9571
75898
66340
12196
88086
30271
53024
39080
89839
41946
43791
50201
63057
7137
13842
96095
68207
6523
16321
81400
87475
7915
95633
1982
11970
5990
37527
90568
44759
27257
72565
57900
43691
49436
7660
86729
44464
30416
4827
40292
25039
75073
71724
66980
73085
69190
37417
64827
59845
13771
80021
28788
13027
389
69675
15605
7932
63593
73895
45426
43470
43419
43142
50797
78616
42910
60128
98554
33158
52992
63385
9866
53239
29179
83854
95217
82755
53473
78442
76743
17531
89313
63293
99577
62334
77902
73490
69632
11421
4526
49386
89920
3650
8473
38945
99650
8646
92436
87097
82399
73292
39914
83563
28937
23949
53683
36224
99992
62266
12555
78259
19832
89784
89030
41900
50721
65622
62156
48866
25221
98396
72674
58401
54075
36270
65573
8280
64964
99585
40550
90533
85428
673
7258
93945
43509
52938
15021
89666
68568
5471
26467
73364
77181
36909
80554
18861
42106
26326
30974
89275
10302
13849
80628
54676
31779
98884
85499
7375
3729
76956
54010
12438
88285
43796
3292
44435
26847
37407
29436
88801
22661
93967
28017
28575
89702
71818
71226
55115
21128
39807
11810
70875
92947
8589
99001
78148
62954
4449
40304
58293
14709
6488
52892
62900
60313
32904
29716
87517
5526
12812
32508
18069
47204
83323
99331
70418
46269
98075
32085
39630
2558
57367
33740
66776
40991
29887
47598
9351
98523
83029
55321
9130
56582
68234
77245
2224
9170
87033
67932
49512
24118
11729
53021
10856
11426
1509
34722
47902
97893
26220
58706
35457
93646
31603
3610
50421
5974
6455
11238
93460
4686
19224
50483
89945
97877
87956
84014
19494
1097
61768
93613
62109
3380
32650
36626
91154
46616
707
84536
96343
3025
70976
36047
5961
46650
4945
7436
4530
27974
28105
41926
6279
44313
70872
68192
9924
32531
43434
11549
72940
24955
39313
28157
60006
11234
74952
98169
82857
12479
49793
17882
95121
22460
62150
44325
36009
12313
38746
73649
63555
79191
892
82666
89337
64750
46177
84117
50760
65814
32235
66361
33984
17160
50692
4172
70503
64459
40037
78406
78442
20171
89516
49474
57674
99054
48962
35009
91779
59064
43717
75835
71010
20124
20375
17681
72777
99633
88592
72159
27609
99627
39624
33759
47425
75245
18177
53093
77322
82413
29258
1394
33300
95206
15977
5718
96073
37360
79281
43652
27915
54645
3223
83420
24005
8521
92042
52537
16923
60138
9498
33621
3518
76199
16487
56866
1754
39475
43298
73132
58327
5555
7650
41275
62745
15078
91571
89424
45916
77450
93168
90655
20456
53788
36487
82797
90072
83166
9928
34293
6720
35323
81850
8717
65916
35881
69818
991
69486
72111
68696
54114
41877
22976
13178
73489
1908
65639
54243
42273
50595
47669
63717
17594
18362
49295
83088
27275
15927
33689
77002
63543
75047
75009
28261
5469
5853
97671
13466
35432
8539
33509
83153
70831
12638
37302
39892
74971
41636
1192
96505
35828
45086
14320
79909
76707
26916
40866
21600
53065
2815
33914
1761
82638
34789
51802
68825
55575
2591
35562
51961
89114
65094
25925
26450
68300
18525
4034
776
58272
27713
83813
16440
26841
16564
52684
44944
84148
57770
83168
6305
54431
63087
42971
54835
63933
39324
79371
3716
67343
4632
16000
19744
63320
23559
45784
98134
74863
94423
18465
44274
42612
836
33890
71749
39877
74505
80512
45383
94007
45166
82781
8136
64804
74417
14415
81264
92199
96576
33090
73219
18997
84780
31094
2667
28509
30364
1863
99554
96740
8861
29774
67141
94866
26858
38845
70263
86872
79534
77274
4605
31241
40024
56050
52461
86889
44391
14082
61160
25450
64939
70657
85959
76970
52149
8125
10092
33307
820
55741
36705
34922
36555
32135
63039
87811
69595
23266
18294
33143
82717
42382
3021
81287
49738
89798
660
28909
22521
11220
26056
20195
62357
68090
46556
59704
9057
83495
39276
31093
98818
73044
7181
93955
56061
87616
70741
35058
32938
41126
13912
59471
45651
75854
85898
47560
75298
14908
19076
29654
12599
93989
72244
75129
85708
25027
58319
7324
95689
97484
89722
20867
94221
74981
91652
19931
25437
45541
60273
74254
17394
53273
59063
86641
80624
70839
64679
32519
9999
64422
94419
29175
95139
95513
2884
83040
49819
31987
84007
85527
73363
15219
2070
67023
785
90515
25265
43497
26012
16097
71640
32704
33603
19917
28310
98763
48604
88056
3521
96825
59306
79488
43422
45760
52715
93073
40238
78318
46801
54885
56492
31845
63713
39201
27208
48781
75506
85922
14400
17549
33950
18179
76465
16590
92780
54220
81785
53625
90669
26430
2805
29375
60524
80770
52061
19689
67660
53685
34025
1537
12576
54672
72892
11121
47295
16728
5418
2657
9003
2476
66091
43143
91243
76299
37600
9168
34174
78212
67835
88307
28150
95440
62454
69529
42647
72794
72008
88943
53464
57071
30636
48346
38122
36569
84818
75641
41720
73323
84492
33959
75097
81282
43868
16618
29987
30604
92075
2271
84097
36427
5769
96620
19379
88609
98358
39169
33283
77029
90842
95500
64749
6019
65655
3485
84213
99930
44724
38932
93380
93451
42041
52869
15574
18335
7322
74250
54456
15138
65391
88567
99318
36839
49523
43723
4142
32778
13625
35470
25911
88916
47223
52683
59147
44938
44009
64719
62065
39473
95566
52599
59937
50914
10489
94797
47047
19417
45214
19669
98519
30794
56712
49081
9173
64742
80928
58982
52610
5165
57472
78086
43016
46694
70064
75522
77485
86521
3520
92827
80135
74114
2657
90023
99181
65388
30680
67442
95852
36015
14649
78548
44652
77487
70462
91737
14862
73725
54242
19609
328
53978
32575
59768
73838
52466
47557
42626
85202
44541
11192
91153
33083
37690
14020
45174
87985
47948
53756
40491
63662
9950
17811
40364
21583
99563
83904
50776
24319
69175
29066
57622
24477
58677
69797
12579
72575
86325
31667
28104
78093
56525
95653
15809
71252
75092
91764
99886
38183
99088
86359
67919
84136
27041
95205
8072
73568
14525
83965
36774
11196
63413
46525
64157
83648
19869
97157
65291
54176
44021
76420
79114
75258
58843
67507
91164
96250
47184
45828
40816
12424
93338
52893
31320
19659
80117
642
71951
82796
72775
85653
95506
35127
81336
49483
35006
83937
96351
42436
82090
57862
52896
14690
83842
53909
65494
51376
83127
87091
20310
98619
30679
43698
2250
31999
95941
7711
56226
98397
78201
69148
57978
22992
48851
46303
59134
99476
58320
14085
64449
68527
7424
57882
18695
56629
20921
24372
50101
35217
53606
39887
73394
94585
46942
63746
73667
31053
59212
57512
26748
72015
1968
80429
95624
14957
86748
95700
83653
44441
58223
26994
2923
20024
61904
61169
71710
60723
24739
67727
8697
17582
84877
36439
11366
63072
54861
42721
41731
6006
22282
54356
19631
84787
20256
31719
81704
88105
24172
10103
33046
29877
70770
55130
27141
33707
80570
74864
19365
86632
59479
73765
31625
52951
41667
40131
49014
60510
34282
85599
9066
27868
30405
98857
54695
79715
61806
1008
28595
73989
92479
2951
55654
14668
31558
82807
74784
31525
24495
71484
94428
74750
97818
52835
17277
78904
9995
22428
38471
66626
20540
73690
57383
84670
25215
35834
74659
32118
77510
31075
4093
18784
63788
34035
95101
42062
65079
80309
82344
65205
12156
17300
97573
51364
52450
14717
16162
13822
654
9020
95323
53406
52298
67185
36815
84091
70672
15220
86190
25301
82897
84441
42323
70745
97026
23777
30937
88320
27942
26710
43409
14901
17286
48833
64229
56666
26910
58163
90718
6705
95248
35932
30285
87637
95396
97347
622
16356
93603
27148
51863
55325
67987
70816
45149
50952
35124
8036
8693
26523
27538
68849
31399
30296
66834
12976
2635
1142
7833
99905
38698
72767
14399
47341
20479
84964
98919
40328
24574
71056
62545
47704
88227
73275
40044
34250
92302
57671
38066
62231
77094
43468
92958
68740
59604
50694
58897
50387
97977
82411
26523
45537
4666
45117
98920
97484
43909
75153
32824
13721
90533
32803
28416
63438
93780
70301
2298
51893
96320
26426
22462
20314
22141
68135
67889
35655
82930
19518
13184
2745
31307
11234
45701
48586
44959
10340
1835
23618
34264
17904
1952
60189
45284
44223
70487
6141
28809
46748
7062
4471
75182
52347
89695
70339
88227
59392
11284
3093
614
45617
83663
20723
27934
64207
94133
74044
29561
99346
60456
93164
73214
12383
70373
1548
5973
24495
10087
63144
71386
88859
15989
43169
8595
86997
24851
55049
50769
45363
31567
31239
43986
7430
5398
71088
67475
69191
86102
70864
34950
43467
6212
83797
11477
63734
55934
89412
42113
24543
42796
94449
34839
71484
84093
63691
17597
91111
87485
59153
17857
47646
65399
39124
64705
56429
35119
43072
66306
61014
73952
51194
1366
14500
18394
54446
36490
47659
45133
19632
70375
99383
94721
29132
83766
78137
90079
73296
26897
65852
27543
70349
26757
63812
4909
95543
32065
186
93903
78598
57559
96297
77593
21922
83049
36265
38242
48553
89891
29290
35278
2435
30810
95492
57522
62665
95027
30758
21164
66786
78127
20848
99232
43618
26077
34413
72847
90164
73350
9035
23609
16451
91403
87670
1362
99923
67378
39489
32546
69124
93454
28487
99408
57752
95283
18765
98055
73136
99362
42252
22462
6435
24979
61878
86352
23885
32831
7973
98116
85057
77785
99291
3630
18157
24963
53803
7949
41707
44114
49337
16398
84432
64404
45097
15616
40291
10830
55304
16784
82369
66762
63011
50941
51825
17267
86915
43409
27514
15225
55417
39050
84480
9661
84880
29576
53980
28133
43492
72492
89427
26711
89973
38633
78489
71881
1047
65173
35865
47127
5064
1463
45370
95486
74159
19060
48328
63680
22108
63667
54341
29399
49312
24883
73159
56013
40058
4484
57145
11737
19708
5629
22835
31172
13635
87245
56662
54152
82898
44121
64441
45959
83302
18658
38642
95788
65760
18898
1712
10997
53246
77985
49818
45864
68702
96491
58762
18790
63658
44365
36627
59274
34032
94565
55192
23064
9566
57559
95951
80720
12122
49712
45505
82920
15730
80501
29220
14565
34152
26606
62546
95058
35621
32758
51979
78208
33863
13118
88
36879
59027
68841
50857
55763
39347
84065
71286
10454
10988
57369
82452
5942
80364
50992
54077
26510
89481
81024
589
87261
29545
28903
76171
40497
81095
40710
13238
33628
45327
3014
38299
73954
75298
80324
59261
82371
10008
37316
4757
69046
58171
48277
56548
9289
1596
57168
27065
77429
25193
23869
5884
4954
39544
9607
97729
98797
21660
74200
37463
86392
17492
67004
41545
81766
96023
46934
79539
61477
90759
30540
10473
68343
43237
22380
59704
64692
47896
47410
34984
4434
97831
82712
31875
46675
34291
90259
88339
49301
86637
11176
81783
65521
45783
99905
75388
79529
2185
84530
11919
23166
30104
44191
62447
10658
71159
63912
47172
16885
30017
94621
76306
35220
61057
8437
35269
42881
66748
32002
11985
79867
88116
83462
36738
89370
90738
20501
48717
68950
99319
72005
61003
53484
53482
8828
34159
93676
8001
43560
48965
99674
65286
44720
51837
23426
96193
23687
70993
9417
17890
16148
96887
47895
29201
31784
10226
21080
96536
33817
33155
70961
70400
97684
10136
14288
4692
20813
54356
77221
90175
3977
8136
11068
50475
24294
10397
24498
75723
43787
94401
87163
96056
81769
72273
96662
32867
48234
84960
25463
44668
48779
47789
94188
46904
66659
20150
75925
48522
84617
25579
90348
13583
67858
1707
28119
48975
81888
82784
93458
48908
89199
43719
11567
45026
91257
99395
42190
8003
94874
61937
54194
65963
76988
86350
99392
83760
75317
60851
90005
6002
31143
73911
80284
71092
80646
89488
74032
95992
76226
52250
41720
50491
35995
90333
69674
92510
91683
83190
93177
25492
73981
38261
28205
5223
99556
51490
22391
18897
43659
80186
57855
34234
73758
44341
61213
7451
83973
98828
91055
59819
71388
11667
974
40601
30248
14580
47404
16750
96848
77203
9744
12878
53161
5604
55838
75496
21717
70927
72535
61764
1097
15523
14203
34951
9257
75830
61661
33994
31967
28149
82123
8015
28126
78781
83995
55831
54277
4081
39241
64087
25375
54961
29616
89904
33598
74567
76588
62020
69301
53845
2180
39681
21623
39960
88707
95665
50062
39352
7164
16155
61713
10125
62223
10841
71231
84138
77734
260
31794
73896
33330
80784
55815
51775
76358
4538
93510
46132
14997
39126
550
61263
47065
41546
80953
56530
20204
6227
99101
11805
76361
79939
70504
15897
25074
17681
32667
74162
8998
3712
30010
4928
208
60745
59315
35743
4560
61668
51322
36937
86651
87316
5666
39164
82281
24080
75013
12644
92954
91878
31029
16748
14488
77440
64942
44939
60853
91034
5077
98674
44785
46059
32801
87753
95060
2853
77233
70718
24766
55024
64895
9203
38281
66638
65116
33729
43215
56245
40431
49395
16325
7729
87844
67739
31236
42541
59202
47019
88173
7688
479
1507
93589
18666
50849
93276
14490
52002
38852
13247
10545
2203
36869
83523
28143
21586
21046
25440
26344
34413
6594
33001
94209
50927
46855
92869
95788
53573
95125
25612
66067
82987
59845
43485
16256
40482
77602
7370
96131
90079
34361
26441
80755
87549
45322
32962
68762
81281
80388
49057
76099
15750
10171
89650
52789
75035
70497
56544
12340
66368
76698
12044
51542
45932
75658
40796
16810
33826
73251
53372
64338
64365
95135
26934
18409
2556
63248
12526
73667
6646
12192
18269
90193
685
95636
1951
929
42356
73125
91817
45010
21707
34517
34558
33079
17696
23196
84619
94693
20764
5163
12141
22572
80070
26422
59573
9611
31645
17096
96090
60795
49946
9886
61746
79185
51237
75384
11911
63361
23035
82827
16865
78403
10912
72016
32508
58312
22870
5395
59156
43039
86488
97044
6068
99116
67057
56215
49536
47669
69326
32560
57376
97640
59031
38997
97029
65442
76582
42017
88083
71653
97855
55394
73286
5755
17168
84289
55772
91472
91960
58730
89414
49869
97696
56067
29141
32647
71003
20540
87715
68928
63832
49086
28043
79603
83101
10003
24754
69504
10889
97991
9579
67949
21769
47945
5373
96054
35734
99829
5554
32006
18228
26440
80645
66334
48162
61904
52004
93224
62344
54546
30039
27251
69302
61750
80195
67716
12543
59074
80446
54322
35958
64602
59916
40943
23715
76559
43458
15368
40972
84755
48543
41117
78872
34712
91422
49456
39304
1033
97180
80707
79646
50781
26566
83514
17198
21572
76417
50322
15762
75225
15719
17282
95510
4288
75190
32858
38781
20334
40089
56381
14423
13332
11566
27334
87268
8682
58066
33195
39223
91639
44717
8725
81073
44240
81270
53116
49531
79034
15564
60132
8550
94901
66714
57329
83026
35832
50324
25219
61585
31633
56360
38161
11131
27927
42509
46911
70842
9823
82261
25235
79759
91578
10270
92521
62809
66779
96160
72912
2781
95753
69467
94142
69241
96650
51204
15700
88590
92504
52740
19032
56738
80604
13238
13909
59198
92999
78594
61322
65105
52806
16492
81397
94495
32449
23373
62614
11396
23375
41464
84124
87244
15406
36736
43103
19987
23452
821
66754
70255
66870
99824
42942
13967
29379
6356
11415
89847
11496
89873
34841
67566
78637
29766
98870
23458
7061
71931
57981
88791
6198
58407
21005
98576
82363
89172
40340
40949
27374
21564
30895
54626
33238
23045
2491
22520
55969
57888
4782
68902
53589
20609
56532
97618
27912
75017
19749
59019
93117
93914
45378
44674
38527
66349
63150
70955
9031
22926
69235
27404
33646
13861
65341
84697
69023
50245
27996
64163
74755
89508
32143
76267
97808
53008
12772
71633
12291
18740
78006
42227
53393
38412
9842
44026
50366
78156
43428
90131
95428
66843
5218
54792
57992
98202
87487
50861
93009
26972
31013
45421
59501
23007
10801
58592
96524
43231
79317
84425
2625
65857
88952
69182
88672
36306
92745
49294
15268
66512
74834
39182
26055
97135
25668
18646
4756
89623
846
90324
75004
33682
65931
53441
38468
23736
65677
57500
52732
57738
29681
60695
17629
201
55612
95612
20127
76836
79371
78311
51373
69199
74327
83421
17537
27753
41373
45479
84778
99254
58035
23491
81729
24618
85053
70083
41051
36760
78003
62708
22257
20117
94156
63121
25639
97610
97820
28359
18730
23870
93769
6442
66056
85977
2889
58137
41438
13003
90128
74982
21684
77357
89213
31974
43318
73486
91902
79050
91897
86829
52598
60993
42569
59299
48643
8092
65254
85668
91563
82545
41379
46328
43947
21784
21596
21308
91640
39420
8314
69332
88318
89914
1026
19580
69902
25381
23332
13438
1439
73702
55712
13702
29551
79457
57079
50395
33753
94786
68969
39064
71844
86214
13888
31630
5205
57647
37224
14773
64862
40245
9306
25877
46130
10720
51519
45915
24732
85768
82864
74423
25154
57278
81466
93596
50676
53174
80551
12712
44441
77962
37090
93547
57134
33455
42656
17492
94788
47659
15871
21710
12183
94664
36870
45856
48074
67212
74917
96627
45106
76681
51630
93009
41555
86283
23789
14408
59640
11469
23408
92785
65475
676
95956
33338
92073
39477
8685
15268
23842
25170
26542
86272
74385
36818
80208
33375
42663
76987
80618
11295
61564
54410
44414
49509
79445
40578
27566
30990
80805
79281
45783
32051
9550
43940
83746
49016
72471
80063
88240
99225
69395
59649
32362
38347
33094
96639
46424
65339
79549
20225
95020
45327
59437
62297
79765
52158
54799
2769
5781
9798
7502
48865
76964
38823
5179
57767
95278
43197
32561
13612
72271
40175
72350
37645
40064
18218
64704
86969
95677
74801
52053
68222
71808
65823
24600
2638
48017
53854
89214
11493
37520
69653
91540
39372
41824
12517
87572
62734
61678
38244
50944
46373
13154
97733
37683
81641
24449
70746
68706
26369
89645
48240
27241
23981
11957
27988
62627
51573
74709
8204
82794
49523
53259
1134
49230
83940
87903
17478
78700
45822
62505
21219
23928
7312
6557
31251
42830
50065
80085
51098
65223
83928
82917
82981
85020
23176
624
32185
41247
20449
35962
74829
41611
74558
63472
74716
88096
4270
51376
91471
99209
1456
11430
37261
90418
96128
73762
90483
38863
79391
21061
29692
70326
77393
95411
97604
52439
806
14526
97847
80788
43691
78839
87241
52948
24819
41631
88986
41997
49614
73437
11168
45037
29491
72557
60941
10017
65572
13112
63083
27511
97007
37119
96372
18397
59095
11857
72233
3447
2248
61752
59325
47826
84512
49396
65138
62324
47507
11653
3769
74531
28587
84240
47051
52364
10795
71624
78072
69615
97768
29738
58976
9761
34732
65
18212
55678
54768
5327
40816
67767
32990
32607
81733
61875
99003
40135
69338
95464
76628
60479
54680
60438
42160
26867
24774
99042
109
7221
5510
26053
18046
47458
60899
29080
72214
68846
20554
97460
88006
45693
91467
45030
21160
32771
21866
79667
20044
34003
78597
38342
74085
66693
40389
15584
18567
92652
32654
96943
66577
9257
77888
99454
88016
14272
9711
22319
84013
78480
48441
71657
56142
42281
68629
48715
69619
24420
84194
62559
55964
78949
1004
3028
93665
80388
91831
28784
5322
3568
45302
21877
95339
98662
40984
44670
3946
85075
63962
15384
24268
13202
81198
50725
77180
2358
44836
37427
36644
22377
70084
53972
47206
30531
57719
46401
24773
49315
49287
17745
72255
42835
19988
74849
44105
88577
37705
6066
47522
96731
98091
74919
75444
78079
48144
76874
72247
7581
31291
24111
31543
95046
8599
6940
19768
75933
91567
30983
38751
69191
81303
75993
83287
29233
90577
3054
15110
12126
40540
52204
98419
56741
76242
13402
28940
40034
79353
2132
37135
63257
67539
10649
59489
63896
60829
47929
69310
53077
46707
22181
70182
13866
97432
57499
34654
51141
80832
65924
90627
72361
85440
78979
53246
64653
80862
70643
14889
96456
62988
40942
77878
98416
88201
26484
35158
34195
81386
85252
33427
26209
53309
85592
26439
47932
15842
12363
32842
59123
60351
10020
4421
57651
30778
81593
20351
4026
50550
66664
37184
51581
50416
21274
88406
96608
62528
61331
94578
54155
20210
19033
88825
30053
46977
85293
2574
6741
46308
64962
17795
16925
91436
57977
23499
29030
21430
95702
3198
69292
91130
4117
64800
19369
18403
97219
89316
80517
83993
52700
664
67332
66609
73371
82683
43719
60454
15102
91459
67864
58907
25232
13814
61624
51350
45811
41847
32164
59437
62678
57198
48702
81155
85210
14990
90366
1721
76346
89070
14434
8025
45541
19886
63066
49707
23347
4847
31314
66671
63421
33300
63785
34395
14652
25165
68745
55651
2000
69410
43687
19518
42899
11624
66408
33848
21132
88025
25872
78495
69524
79599
98666
28989
35310
20507
94287
41120
70621
5043
31637
61442
20269
95899
71970
89259
47671
50809
59747
86410
79020
48503
35764
58243
43890
95853
36302
40615
41746
8638
53072
93725
73463
70573
62361
96927
3546
60090
7415
63221
7996
32246
32673
51510
39698
7589
72876
75446
71286
15740
6292
36737
78888
21997
66590
24938
54800
156
42328
10043
55216
63026
55081
49915
28679
21719
16815
23051
15941
41367
56619
89035
1584
70080
93612
68237
83070
94761
4153
97180
52721
40592
39338
88328
1917
73501
43682
65315
92664
44690
45864
10875
69953
19297
68115
98506
8862
2611
4789
94074
34708
3195
11898
34933
11969
44785
86579
11883
14891
68080
68322
41374
30012
13941
67047
19397
57082
66220
53592
70757
76063
79246
28337
28164
10611
19067
58694
21559
70599
70767
74398
81565
10884
98051
30609
48629
21676
28499
80658
89110
41744
24676
53900
24316
32243
17079
63424
10592
65982
36270
8464
37068
58892
29328
29739
48416
95546
89816
95608
486
81952
67006
35292
37905
79291
26363
4605
9619
29471
7094
58629
48822
78897
31301
61656
17194
90327
74338
25862
97723
3519
48768
69863
61445
76829
55634
18071
7948
87115
48290
38747
24027
91409
83873
60613
54474
26051
99760
30550
42328
22761
18008
5574
66177
57550
28845
45627
21930
35945
70397
25039
37544
20394
46878
93365
2747
35344
83624
4071
73446
29274
54922
97372
43537
6943
68286
10389
24718
65089
50961
53163
57453
82175
25880
18925
22886
93605
23732
24006
33531
62355
21909
30497
21059
40533
9020
55160
826
67215
70798
24726
51868
96971
7737
762
6155
60593
62367
89719
5034
16008
1760
46588
51777
73825
13664
24659
29236
4867
63392
92143
2235
4021
42121
20452
2744
62657
6568
93504
96221
98561
46725
23347
49618
5078
49780
67604
81291
49264
55678
19522
78687
69476
61847
97509
50
28372
32416
53683
11448
22975
14358
86816
84559
70932
44296
33977
53682
54147
70447
3820
64190
75816
99987
75631
62740
24377
85288
8654
87727
490
50165
466
4492
44557
28450
82354
11344
45285
63527
73320
65681
61385
62339
25368
5756
28321
38272
47159
93045
87515
71353
90213
51445
7839
26352
9597
57008
21815
14480
18277
92473
33854
35891
98084
29238
31836
71628
52826
40402
43770
92352
37409
16151
44081
13912
16846
41402
69082
93528
15016
98524
95827
2358
54683
69296
61046
49124
73791
80189
1372
78164
40676
50472
26832
32749
29460
19614
85881
41020
66775
30636
26450
76789
82626
71206
39969
8983
21680
21467
75367
93108
33677
35233
35421
16898
58275
21809
94249
30042
76178
81319
5129
52649
69122
88041
31712
80549
5520
3484
35173
9226
69910
9605
61830
55720
53581
94033
12573
54089
87371
94302
94309
85308
88173
85792
85118
63571
96908
1554
48301
11143
70655
7482
23836
32404
94089
87959
62232
70581
41308
12447
95599
28961
1058
43128
82335
71676
24208
96957
29748
73981
92354
47033
55343
1814
19012
69258
94550
35567
38534
29067
76513
68767
70116
80438
59708
91693
67073
29994
34222
70396
24244
49950
45272
52010
70100
94561
93932
51668
36125
85899
6232
56612
96734
49670
80314
45341
48986
51634
31591
85089
29989
8580
78835
65605
61285
96617
19686
52295
22776
9045
1262
89846
68650
6612
28965
67177
53529
13751
12717
65044
38508
58322
84064
98184
79405
778
30707
80997
41181
3349
1354
10646
36951
23036
49695
34810
14228
59789
42359
63527
19064
55549
45577
13487
62870
59195
11215
48772
39284
35469
56844
77471
25525
27409
50737
12528
59185
63389
32977
7267
230
87473
47439
20231
9430
9307
24818
66684
83516
88037
96757
42821
71065
76670
49204
61904
13154
70934
69787
77572
23666
60801
41086
70666
70832
36574
17546
13794
11096
85596
96416
95079
11820
38660
5055
65358
73092
97921
23941
73530
71993
22527
22466
86684
73721
81778
84652
34135
55721
94825
21438
71614
8056
34805
44817
29927
42954
43807
4711
7969
72004
35272
97657
88355
89415
30284
590
21910
33163
50946
51143
77883
44251
15245
97569
78190
44282
13376
94545
85929
23068
64772
83448
62553
7993
23238
5192
2698
68421
27429
42405
63532
62966
84184
16431
96963
27737
76851
39628
9038
33341
5164
35088
48439
74662
58462
4014
96181
12256
16205
28440
72154
13165
85949
44057
31507
51670
15183
49362
36332
72745
26685
90316
42910
42110
52381
21826
3223
95391
7132
64515
55461
13571
21844
46822
98072
899
24278
96571
31201
77358
63811
8536
99358
78266
48305
24539
17817
62321
84833
35103
31478
13805
81956
23292
91690
73975
12680
33820
30612
44541
72423
12454
59036
54148
5405
28352
95974
51900
76928
88968
23296
17667
82388
89263
75465
14113
18323
50778
27916
85133
94261
41148
8169
61915
33622
7217
1212
76193
61539
38138
4588
63998
30257
76320
52079
81263
9426
98696
79719
34455
93571
49018
88387
95055
95760
82013
51262
16465
60675
29975
16727
68853
32849
34
69860
13111
5191
26984
357
84269
73665
89746
35947
64433
75329
26319
16089
82720
79354
86487
73937
67986
56487
63290
86380
76598
62768
24460
67908
32860
10162
98122
46417
66696
48731
55408
62124
35780
11848
64824
2802
84417
4993
16774
94207
10573
15677
14137
61536
31701
66782
95097
51532
32868
1732
20772
29355
3462
95983
39456
52674
4806
46137
69428
62984
92038
53777
17463
84484
35117
70840
90583
5336
95514
52923
88903
95157
1170
56210
34051
74958
96057
59257
18153
97246
30341
25814
44791
229
77835
72999
71761
5288
27787
86436
53051
26790
63934
49503
22803
27583
21464
27335
37757
63387
67788
3534
79910
35832
20518
44091
16796
10175
98124
73021
53045
33857
48849
3093
5439
40711
56629
99386
43972
8884
48359
96500
3573
8722
18032
69115
15416
64998
42387
48273
89230
20526
10845
35472
71000
71392
92547
38045
93440
27106
88151
27298
2466
88417
90561
18117
50882
55135
37920
86826
8995
59734
52257
28037
54403
1379
23504
98288
35718
84551
62105
71596
64555
78215
55706
96733
39104
97436
51718
72943
56487
42953
39641
14215
12583
27372
50127
20693
53511
62562
8820
36260
59040
54488
55399
3550
80299
47939
52501
21933
5032
65088
92750
65932
12864
91034
78168
92729
14486
97805
71169
90653
58423
45256
40363
82701
53941
35656
41401
61643
33373
87726
35729
70421
41295
49234
38037
76753
5448
68831
88311
15337
43448
60688
20482
82391
79423
30850
52380
72460
47252
33315
19711
78978
23738
45588
96989
79792
9007
38435
49555
29726
50426
46494
3757
61981
19056
62896
32126
81402
12494
19325
32966
68304
43981
75496
33404
96486
43306
89503
39647
34417
39254
87924
2968
27510
98739
82279
39260
34029
60920
46152
83927
48885
47764
83098
2306
65295
84942
36163
4248
1828
74913
96678
7495
50132
48302
9958
47777
23590
4281
6830
21566
40023
9174
59653
32470
76920
69406
75498
86840
76928
48086
23005
89842
80911
46021
41747
65795
38855
23142
39815
70306
76724
64379
54285
15389
2176
58801
45928
90729
42506
62597
85903
88176
69052
35583
11661
44143
80744
70175
74609
7766
5434
70263
69680
11303
31664
94384
59666
7902
24114
99716
55655
61164
74242
61197
28473
1802
29935
46485
30270
78
10906
43496
4725
25926
52055
19572
5645
60874
78149
95454
15799
1427
13287
326
22755
85173
83447
32731
97185
43719
99001
26121
87493
26189
86205
69751
82174
62208
80502
29186
23514
3988
94009
76079
94855
46265
43395
13701
61235
98875
55377
57691
59574
17489
28626
29460
51382
41475
57261
45146
82802
65317
96291
70754
44523
83493
14628
10614
31040
57981
53745
12090
3377
45532
42085
37875
32978
71904
98319
30328
21967
93382
83115
51834
83516
62761
85461
66873
41051
63366
2607
34732
57062
6912
2741
3212
67551
63323
65208
31554
49330
14746
10851
31488
76009
35279
38908
88932
33012
54813
23947
67030
22528
85702
75738
40020
94719
32441
78430
23597
99506
34847
9015
41636
81144
69212
10753
66056
22251
36024
43350
65808
96057
59682
31401
36867
55252
55535
24478
37942
68277
80947
4946
93816
60436
54029
99788
72923
11996
34231
33044
47662
54830
79747
26385
13965
51706
20155
96737
87669
35411
67914
85110
83088
56860
61839
34555
93194
14199
78563
77085
38237
93723
52041
66699
19273
9995
87645
71559
30420
37051
54325
31272
86249
26825
94476
96557
12492
90832
91677
36457
21093
23645
37663
65372
13476
43649
51195
90094
657
86512
26722
77925
17867
84852
70063
22234
58268
80957
93328
2217
12207
94510
36037
51087
35503
60509
6408
98013
1768
21048
31197
79489
63978
36237
81581
92300
20586
86257
72226
48782
10325
80043
94947
97681
11429
99355
67918
49413
76030
39748
82134
47697
18286
90816
65450
90854
88949
59615
757
6151
71184
13807
52670
50023
86967
95324
49143
77869
4313
27769
86300
82054
59112
55905
86862
60514
54463
23584
98568
53271
34278
67426
60583
66251
93623
90071
17198
3850
30351
87023
35101
71968
3549
40493
96337
86926
29107
94914
14839
39961
45114
8563
55873
57600
9993
46960
51545
80501
12959
15221
79885
88929
62985
53926
50040
18283
44888
73975
48792
31111
26605
23148
97867
48263
86515
37547
66389
23095
4601
20587
10863
18227
21879
92990
86197
91898
27803
9313
58524
5889
72569
93195
87173
42999
18815
38341
41257
26740
66282
81439
99342
87526
7247
66923
10852
22519
5334
96864
30621
57292
12180
1092
35594
33760
30193
84667
58502
2880
83391
83602
24812
59530
13964
52420
66811
57016
63450
76937
81253
86289
42745
83396
52967
72847
5754
67086
463
92292
22689
27688
18746
13142
27324
35476
53021
83939
21195
15063
45544
81260
49128
14108
71858
28451
84966
83983
90119
12049
68357
20850
39872
41518
13928
90679
55850
66708
21541
68378
14525
91283
94753
73046
41621
80893
56473
91737
32208
10688
16296
10317
31449
81336
22129
67034
89099
91302
84667
60173
4258
78054
91721
31280
2376
57244
28566
13819
85938
81710
76788
97078
75610
30831
19598
60540
23119
73985
70787
16359
81917
64338
66476
23763
91802
15634
26896
28004
3345
67969
13827
26593
56042
13093
69713
11944
66246
60844
45865
64879
5913
99340
94985
46911
56672
23671
52143
72962
38580
72892
83209
99438
13867
83121
6896
81410
57935
36795
4551
79941
23866
1189
60917
48135
80255
84455
25970
17674
37488
88133
32406
82738
42044
86004
26482
89177
29917
89755
20502
57200
35290
52429
40061
96456
16658
15241
60027
42682
29792
87462
17533
83534
35601
44701
16502
31065
39871
32630
60549
6926
83721
47497
77824
66976
44006
3183
62312
47
99831
53619
22739
8178
24789
17484
51303
3781
72728
45708
19438
80158
22990
95313
45770
58084
52572
76619
2815
1868
34403
61349
66998
43613
5780
68661
93846
9306
25423
78849
27558
18347
98449
35157
15134
85169
531
64993
46364
86573
16311
55552
71971
84694
55404
90795
