50568
10304
26481
3280
10814
62723
41209
99725
46197
17620
65656
88852
30204
43613
37335
92457
33709
22146
99906
44680
98859
77212
94366
38845
46309
85630
29504
14078
33572
7154
8207
23177
10411
84150
25644
27790
11082
49447
45311
96318
2849
20000
17414
53659
18526
20500
50045
95114
42174
63181
26765
85056
46037
32652
84148
2653
42635
33270
11503
91694
61699
4873
19728
26885
44917
53469
64067
78329
45930
55935
75069
45150
39166
2448
76339
45005
78824
63031
50964
30216
4918
10311
65738
47619
28572
70237
71059
61388
25451
99913
84479
39298
68744
34593
51782
69297
16743
64107
88470
99612
41527
74640
54315
92655
96312
46112
79137
88950
50840
51782
23436
93710
95351
61517
35861
78163
43243
53132
65556
90234
64637
16602
24385
85366
41535
69604
75667
47714
67071
92071
25736
64968
65206
46528
61432
60034
17238
80568
24483
46555
47175
27603
68689
2401
22641
65091
26417
93340
8999
77808
58825
17667
90053
93908
76581
85482
26405
51279
23682
68141
68394
86768
50383
23614
49162
16278
48995
55663
13641
43391
18386
75140
78402
9798
82681
91908
81776
87726
20957
25998
52012
31327
67483
41704
96833
35517
84674
88858
70874
32278
53470
14156
88949
88944
94712
81409
76135
20557
94902
52122
17084
77002
65519
3794
95102
15752
28528
50067
49876
97058
95545
26243
62214
59183
93810
90909
74999
62907
52809
75802
52997
69089
49967
68792
52412
90121
92355
92157
52201
71792
71017
57802
41069
82253
11851
60154
42375
29237
57508
66216
65603
97116
50947
97969
70739
21129
60595
98039
71059
22699
91385
31168
18740
88872
36982
1880
47953
99878
68224
67840
67527
31118
71701
8608
5771
30802
23707
50113
50621
29765
94811
36255
1780
84586
24227
46756
18037
11527
64693
5129
59579
64897
42695
87001
88272
95390
26747
26760
71426
66657
94133
25073
37137
42732
56760
9078
9743
81320
83295
13653
92831
67876
58045
76801
90161
59342
60410
33799
11620
24372
28794
17125
32600
14914
39485
96570
28645
43947
52668
740
22112
44182
22378
98002
64179
74807
96626
81790
19025
69271
15898
66654
3691
77543
31481
27084
60589
52380
99908
97721
45706
21101
1744
80395
21914
63146
99631
51567
59207
78379
36202
34748
4418
75758
73227
78279
89452
46713
12979
2519
74725
63601
17065
55261
49802
40507
20425
84983
23943
46185
77811
52061
46378
63827
95288
9182
76014
5200
25937
2236
23434
38158
2829
68020
76172
39773
78951
76650
60980
33924
70357
64666
19681
80883
40965
76945
3307
15542
26073
4777
56305
35505
51465
58025
80006
53353
39420
28347
74355
71937
81398
42055
11707
75050
15716
56795
3959
19791
31514
24586
76845
75617
1475
29068
12942
91938
843
97179
34213
95395
5128
3834
82549
76702
4637
92489
90644
88467
75145
12465
88534
35454
81594
41483
43593
1473
36407
68737
23471
69050
73890
63351
77234
63968
89515
12400
21184
59186
25291
3168
24367
77125
78748
26685
25912
20364
20292
66992
93319
89614
36590
29711
10975
5845
58729
73883
83533
7018
21646
80949
12048
47209
91634
84021
67063
55220
59980
81556
13582
46752
54553
43679
70001
16025
67227
48305
67450
70097
96610
9277
72505
53764
61121
80908
15153
62646
5707
67878
31866
63839
12105
22446
92740
92845
91386
60158
83798
48822
53224
74943
43028
23524
6031
71735
61814
53665
78559
27966
14360
17619
91081
32743
68496
20643
15906
96649
41675
82767
14583
2532
410
93676
64667
40651
68766
46783
45250
5694
16046
38574
19556
22958
27061
55623
64986
62705
63722
61571
27743
71992
95257
17819
69565
92418
751
49722
87464
78472
95623
50210
9165
57196
69341
93350
14396
88620
50832
41607
92885
11752
1898
59715
78615
36211
88393
99317
29485
70588
38490
39584
345
1765
26297
62680
92643
5692
307
89165
88745
26493
69086
45569
16938
52931
76933
54050
94844
92321
35786
75624
82072
91334
31005
46789
33179
51340
11571
98230
20818
84053
64920
46412
20112
99108
67287
48514
29826
67874
9529
66377
59623
56030
91855
29250
72124
43229
75874
70660
26776
34601
77985
15560
85279
84615
42967
28069
32041
98124
13957
66795
84352
56664
39278
2991
97540
73679
30187
31515
19980
38873
40762
98859
44973
85062
66883
13803
46753
32870
35428
77092
95880
85561
21297
538
98097
6611
80108
17881
89817
80349
997
94583
29299
75450
61209
25199
36154
77213
34515
77902
42320
47721
39203
1627
78663
44502
59466
21504
24076
4829
64215
75441
46935
53774
86567
71813
92594
29328
61316
1460
26288
94225
91944
86163
26934
31086
25114
41487
20343
14434
71113
45384
904
95953
322
6706
69197
93738
55909
53369
8083
84991
20267
3492
79943
92832
26057
16196
51792
8862
3488
67828
62852
58800
86037
10769
32967
22822
53962
33135
45642
85132
60762
48109
28434
49430
41192
53439
93944
17529
21460
34789
89798
79389
70824
89441
8173
14671
96650
3714
31493
16019
10273
86769
48438
57196
29295
36499
68881
28600
44379
76789
24389
48113
57174
72280
33749
29700
68980
69901
81779
86625
50018
59242
23537
96534
86726
37121
53441
90995
64826
9516
5656
4561
83117
39386
42674
13728
11320
99360
12949
90941
85809
33622
65398
13904
95486
49111
38099
2618
18580
15078
19463
68673
22715
7896
1925
494
56207
3884
92355
34280
60686
90805
55289
30345
25154
93070
85505
71347
302
45379
80645
56902
45136
23038
10668
36694
19612
74906
7952
4491
69861
4774
45547
68039
18535
39170
95331
82535
98678
24678
54328
95073
74942
97855
34969
57162
96575
14259
67952
81225
41609
85586
62531
77593
24150
61840
22265
26625
29260
12470
26957
45798
28237
36070
45686
79119
74539
73076
62195
44273
73697
59139
3356
79622
13644
76119
53625
59235
15010
47103
35869
98596
93402
821
40933
66479
41877
44858
37741
54490
40916
40553
62165
44958
97141
62570
87005
86990
78101
48218
75725
57772
7374
92711
9260
27780
89902
35842
6753
94832
83156
44330
49827
51768
24654
7348
48683
26646
51451
51295
29627
20795
88108
11811
81985
98363
49313
41972
99663
66928
62641
10364
26922
84860
32129
56379
47872
41389
59867
25392
57422
52073
97595
7946
88383
81479
41704
90783
41417
29304
38585
27431
10010
42981
50627
46013
37936
27290
55485
6817
88443
41364
32233
84338
60973
47902
35738
61409
51808
63822
57060
31903
16764
29093
82045
61972
92752
81737
12174
41085
92451
7308
54706
72706
49288
2896
85677
17603
81060
59598
51622
92495
61150
13057
35903
48659
12007
70405
77238
94031
96735
42922
9869
42440
40130
71908
54611
32213
51983
2503
52583
13400
18944
46273
76480
86189
45045
91969
9472
13354
48365
46163
74513
25069
80339
18601
32419
36884
67323
46847
21898
74960
48627
57722
78510
4229
53693
89544
23762
55844
33648
83037
65165
25855
48453
91407
40050
96395
57475
78502
14721
34912
40523
50414
62290
1239
28511
14527
36069
69253
34998
54945
68686
45145
39750
9928
77606
22372
43972
69789
82410
49462
39809
82395
70109
85229
20794
57164
53727
47680
13098
81235
920
82659
49072
48942
27884
32675
48217
94865
32498
93389
59975
51282
34610
65110
44520
82637
59142
73637
7598
98483
58941
49622
39014
76734
93775
57355
78933
46896
70313
98078
43672
3185
59055
83539
11840
81502
69614
84018
92193
91809
95239
73678
69341
26947
93306
37630
16515
21845
71877
17380
87250
40878
62146
33204
49252
85053
20070
39198
74241
44421
98871
81002
21172
4956
35756
47985
92412
48652
64328
44104
61361
74170
32493
63926
38007
21625
80256
57287
51772
80181
6252
54704
31525
37196
19821
20044
6778
35170
98079
45619
58326
23095
39590
28188
8799
31573
19239
79124
26921
32452
19138
14389
33650
20185
93838
52404
78145
26383
16251
33542
93970
48020
5495
73772
96043
58446
82461
90731
2454
7500
88317
22191
97502
61507
53572
91979
62152
46132
76461
22497
20328
95480
14390
47790
4819
85332
76966
75158
11740
21929
91065
8526
20693
40295
51990
53807
77685
47424
35703
42921
96904
12821
53480
18806
32748
49047
94384
59837
3604
32706
8942
31655
15443
68486
98926
45978
11763
35382
76534
26482
21946
20317
44471
5272
21785
10864
70512
54092
50173
1514
38005
67392
48613
19489
84124
51849
96220
34042
55650
33074
11193
61403
6111
6371
18733
71740
75926
58928
95282
90825
7355
68899
39804
40457
298
63165
89503
35217
99839
76643
34115
27064
58854
53654
35584
76934
55655
22473
39511
83884
8206
8807
13960
71988
76606
74111
87830
27991
1495
99342
27332
25715
46105
52769
22769
15955
39519
89665
97704
84477
34453
31009
46873
29015
36683
37020
31304
9897
41695
71689
99118
23814
57174
89025
44928
93714
40151
71176
70310
19952
14232
17013
47860
64736
59666
42140
85981
37098
53262
69885
5669
1055
25107
74983
76403
97716
69801
91814
83595
3629
17617
51605
89982
98582
18544
83250
20459
99214
29303
10493
98632
1799
92159
870
21423
34807
32337
37700
52180
66807
66609
8614
42041
44118
13024
98746
37734
78051
43729
37868
47796
95971
91137
15121
36182
72281
23042
71583
99385
68138
76550
66983
93398
66419
97782
21786
81796
98658
15576
6919
45220
21275
28062
53255
60517
55272
30498
16119
78720
56824
96547
72553
36355
63433
37878
73178
22979
3752
66373
78429
5380
30471
39691
42597
8381
78480
75496
30633
1919
15627
21112
99442
83058
690
29048
78927
8666
33223
41498
43051
63150
87586
79189
93868
87736
83456
13058
47185
67093
20033
29000
70887
3734
68341
52727
48836
31000
16211
16273
81137
2289
36891
72095
79268
30918
21191
98222
8319
3240
94441
65714
53903
35311
865
22146
66879
213
76117
62945
83009
20832
49722
33037
26254
62570
9076
70540
20406
56801
92270
5269
10464
89134
46904
53615
42228
3369
25813
71321
14745
64842
39165
1954
3486
36089
54362
17149
58680
11339
92126
61150
54591
12735
89791
24382
52367
63637
5941
12208
56930
34178
54332
97882
47115
23828
86037
6385
80481
67878
52325
46790
82014
28629
58994
78198
26053
68822
51766
86793
63689
68743
17027
80140
76199
32050
83366
47891
53062
25834
182
30437
74551
8782
81164
95198
47755
88570
50386
58991
28782
99511
27079
45039
28342
64201
84202
134
55751
26407
55203
36726
98021
37268
75213
29743
82107
95428
83027
21568
88968
65548
48676
54721
83302
92720
94211
26826
92195
40619
69295
19185
72533
86035
35742
22045
80841
91801
41399
64028
24554
71212
67676
98467
96117
39698
32201
84022
93975
58518
33889
43259
74191
54428
23214
67675
70442
77104
96614
5214
64875
11391
19208
30213
85804
4105
17743
74493
19293
4838
43825
40499
32838
47073
6951
87030
16922
11040
36363
7787
18132
52876
56639
41726
91341
64084
39006
8532
47718
50199
47311
69776
40586
58167
48131
50357
6185
52189
96902
85041
67994
57774
90255
16603
79415
96841
90929
17941
73096
37679
49619
20247
82508
17582
39259
16928
36185
18228
14143
80961
53579
9025
95637
57819
9016
38389
83933
55543
92079
66750
31805
29111
50194
15746
10182
92803
82060
60383
56008
94909
3218
17715
25391
40331
75250
32648
17874
50729
50633
8663
82889
7032
37276
30870
73441
89171
81136
74991
35736
70632
39922
63209
61965
90637
52521
89415
7222
71636
45880
47874
24639
85637
89018
20142
7727
93453
71214
16154
23369
66492
25951
16703
3962
51758
77107
1093
85144
55090
8544
63637
96206
31192
74200
9762
51190
58596
52703
78887
40171
17293
74740
5859
1929
17267
56166
74870
52849
61917
71418
71663
79659
35749
20115
60238
48447
95981
58029
86904
68245
87036
43692
74940
48021
66185
40821
61029
93932
1294
42947
88359
2557
94455
9257
77360
60719
32078
85059
1706
94215
90369
89364
60365
10877
75263
89844
72855
13301
88922
34284
25844
7543
51034
5665
3062
41622
298
72571
21097
65519
60348
85854
98120
35649
10617
65348
64080
5118
77963
94829
54405
72450
13798
39499
52348
97049
46847
5587
81488
64222
46603
20551
17741
9052
41764
31047
18042
20980
29452
51287
86741
4510
76110
51007
56368
15601
81309
65662
86666
66302
37954
29856
52377
50567
91664
47243
78021
20324
96408
33642
76828
34736
60656
68376
43271
59156
24500
47029
10628
95295
25744
10456
17353
42584
80446
5114
86588
87010
12508
66701
90356
68424
28040
79618
15551
37724
31502
1142
55899
31153
80356
86443
56135
36661
60542
28974
98404
22951
49049
94444
42864
99330
2683
46548
63302
12046
37088
11368
26171
35561
31338
58013
21168
66331
58397
1836
27183
56331
60810
49542
63697
8015
43980
69996
25998
19806
40939
69054
51375
82593
92542
95978
95021
96253
53114
32907
25078
67025
66889
10500
66929
689
43969
78267
12120
96878
3041
12735
78774
26608
59964
85677
53407
94343
13461
70387
63044
28113
97018
8395
61151
40562
26517
80398
11975
55750
16414
94166
39606
70806
40542
9094
89026
80743
78200
44696
20118
3748
66292
88315
21829
33068
64688
6000
19199
90089
23
27810
39681
89821
43093
74738
86079
22264
28767
61548
20057
99574
61648
69575
30633
39127
35701
26276
54930
76222
84754
10513
33793
90581
85766
8440
26055
23796
89365
84817
13755
90912
66436
68206
49511
88257
65755
4691
97923
79290
70534
90321
52947
97217
41446
50645
90269
28094
63554
69014
83168
44553
76688
96543
28848
10208
83704
93702
35407
90092
45331
1795
96688
14444
4781
32830
23692
82981
20951
60212
617
21238
56611
54507
25988
97418
61307
38857
52108
23867
55548
58877
23752
34159
41763
55322
31603
14608
68673
27601
26488
423
51696
57830
65977
26812
26104
80799
19067
3243
57434
20077
79100
19452
1485
66444
2664
53475
29988
15876
22813
13570
55331
36606
79646
6817
31680
71573
36449
16221
73739
29214
65641
69497
57534
3202
97266
69528
62703
37227
96355
78496
64961
70011
44167
51759
95918
6777
57225
52399
89933
78463
58584
78293
92378
14075
61901
75575
10794
91657
27080
13929
30777
70427
67556
39028
57468
47066
99351
50722
95946
83404
68777
88180
30664
62108
25560
44708
33250
13061
63634
9867
97343
59272
26132
30422
84009
25986
53263
36211
26068
14981
97838
77632
53631
57807
25357
19853
83050
35062
7617
36044
56541
91756
28302
77955
63057
81270
33312
69984
87287
4174
60442
47285
63519
48441
41106
7325
58998
99053
46661
15821
38319
61598
49077
75669
85881
91864
4615
72357
45503
56916
95721
8814
19906
85096
65213
68869
57728
36549
78715
19818
43380
83366
36242
53562
72793
72248
90884
42473
63793
31806
68991
81595
95873
35727
74127
34652
87419
27312
41270
23617
97798
74228
94774
65633
21802
51967
48198
51781
72752
28811
17698
96937
54109
59228
96075
8818
92727
16107
64748
97406
2727
77816
25456
62217
42341
46211
76934
74153
17267
16266
59930
15189
92605
64973
75472
16362
48622
68452
23624
64017
28514
20453
25827
14090
63370
69795
55364
99841
80463
4045
84151
85320
20135
97036
74153
44275
88351
42613
3184
15114
18270
81991
59291
78807
79457
95202
2903
56392
78256
52969
27332
35380
75690
70578
50883
92868
99265
6399
15880
47253
32233
28242
55198
30839
8615
9105
28217
13971
88065
11407
36512
45784
58954
78221
56599
353
70881
8440
1972
87645
72146
19906
80239
27103
55045
6589
85519
78816
5894
30472
30425
57302
5493
16935
84898
95723
28556
26523
92086
16214
23684
49847
9285
12336
60096
74474
67705
24698
25545
31901
7561
50834
53533
89970
60379
57889
76578
68052
14285
57053
26136
47858
35876
70704
53217
85437
16198
2601
32799
67309
74652
11119
64341
74664
7537
35674
58339
55023
22211
98629
55026
16706
84733
74009
80469
87110
76954
36414
5941
66384
711
95492
84407
22589
72210
99662
92955
25812
66864
24889
11352
81508
65567
81994
61736
340
40670
52573
96443
95198
34030
59159
7929
16063
43933
58566
10091
52112
7794
24715
79749
28908
16044
53385
2444
22818
48384
80076
8487
20365
38317
38893
28830
58267
31983
81318
48820
55604
36534
10901
23463
4244
46548
81377
33441
27052
67156
75184
56132
97222
48417
26308
88829
40955
69551
20864
11729
77654
17290
48717
87008
67312
65065
15338
4232
51890
86253
51534
10009
77544
64892
56052
68785
38284
14890
80397
19264
62053
13446
78825
2941
9402
60791
28412
52767
3604
62946
74423
69652
44669
51207
10000
77882
2230
72243
43453
60550
2943
92018
75278
57325
13966
23446
20368
95412
7541
90633
733
68884
93929
7621
3991
37565
13666
31492
11400
66246
1486
73971
9483
48871
27561
34426
48937
74517
32074
59102
82483
5444
93670
86119
13363
22918
41557
85442
40917
37308
59704
79522
28604
91200
65680
28287
5466
3819
16366
78025
97113
15479
37394
78207
41955
31982
73489
27990
45450
16289
26433
23348
73775
19297
98437
53969
74228
99566
70842
61863
28827
44958
7759
50468
12394
22164
71259
189
65224
31146
13970
45573
88395
91337
72873
8401
29456
77199
86249
90752
47577
13421
52533
88633
69146
70343
78385
72261
36158
13910
75249
79613
68990
47278
39997
88137
10783
98481
23915
18536
62868
19954
89945
85098
18159
97373
66558
48563
34075
77311
95783
41437
4380
17433
17401
30749
66836
42167
23514
60151
19097
42797
97801
49326
21393
1939
32463
8820
23050
49206
80614
57287
10255
39194
82942
82721
77455
98122
80930
13736
78820
97831
49447
3934
45296
25043
9321
10310
38224
7383
18733
68419
56856
53517
44483
16889
51657
4116
67300
96067
97856
58272
87113
6998
67977
95517
49490
71251
42273
47570
24594
75087
65010
51848
23074
70499
11769
89209
16200
96195
64914
41654
40641
99190
9242
4886
40602
72598
41042
99550
74617
85164
10991
40744
3120
44835
80204
18364
95193
8699
916
95039
19089
1721
24634
80893
55051
52256
10088
43201
19049
79207
83344
7816
37762
21097
90656
97584
79273
66325
82566
37197
65006
97194
76779
28376
97144
55738
10113
77962
32442
31857
53499
61736
36421
46403
12889
37381
45447
61012
86619
90455
96527
1075
7643
3889
85098
51390
57305
91690
29953
70600
72602
24046
21204
26783
74761
1824
95177
46712
56906
8900
44974
70649
24392
91794
90258
23371
11181
22090
100
11996
61043
57078
40513
78840
27926
93225
72245
77416
22870
39280
1763
47926
86235
63635
19093
56636
91538
77987
60863
83148
18708
85078
50482
95352
45866
38510
79037
5901
87206
16238
89228
81603
43809
42833
60544
35085
30095
17070
88605
21003
60293
19267
457
23466
56204
38247
68054
58326
27859
18330
31298
88339
71502
15696
15601
74203
48046
62115
31419
20777
3413
65204
16223
85963
9937
1771
50713
73237
10408
18375
98951
38352
41928
65136
81745
60477
56552
56932
17886
95431
95412
27937
21277
53245
35219
97912
96509
74913
26293
98749
43114
6135
52271
52554
49380
97475
69836
66459
98625
99329
10732
94615
67168
92834
98859
28320
47122
17044
30171
96647
45420
76034
15647
12268
68160
3992
61911
88026
23629
6906
12862
68883
94173
62474
79434
99649
7487
55684
85357
59663
78445
5675
65585
13707
73187
99941
71820
88112
5300
29081
7876
78616
40198
78229
90934
47414
98719
86100
9497
23400
15736
87103
21600
28149
35052
75868
10079
17105
81252
38436
77025
70110
48527
75184
50197
83366
50012
54992
96340
8080
30396
20604
61520
53512
70715
11501
7382
83227
42205
70646
61788
51810
7566
37391
31819
60152
76002
94229
15274
94907
50886
24494
55508
24644
56545
47160
11146
72761
2907
23696
71472
19819
87841
42369
63698
54400
22560
2051
25433
47150
1454
44872
12416
1379
86324
58250
40910
87529
58075
99592
53541
88156
55545
21788
1960
43471
86641
89935
38179
50969
44104
48510
72142
39340
1152
62780
4179
48002
90840
95572
45464
19316
69612
81525
20222
64716
99987
98659
57017
32879
17395
1063
38438
16773
95667
15736
95993
29878
14499
1899
64428
41078
75268
95872
5834
34698
97898
68967
27618
48566
6803
63634
27198
70199
70753
89394
88453
40909
88501
96084
92656
49440
90993
39711
58887
60009
12971
38664
4256
25584
59867
76385
3569
84718
79464
21279
89878
27692
11581
29632
26568
50837
6203
57926
73852
40665
16012
43912
77558
58686
6772
8732
22290
16924
89600
8500
27614
19597
19295
55352
47157
83408
45072
84955
76419
10598
15980
23256
32447
45145
59749
80772
56426
12084
49802
37739
68242
57996
45297
90796
98404
48191
82811
88073
5887
14575
96426
96324
96900
21686
56481
39032
33609
17250
41136
40200
50657
91614
23981
59878
86050
73059
61108
70635
64192
30185
9828
40743
88601
73075
9934
42111
67589
67654
43436
55408
10375
80641
97115
79773
13808
90420
9434
3159
30700
53853
83650
78920
82596
70496
32292
39522
329
93808
93117
74821
95646
35331
20733
60290
65654
55843
16561
28663
67594
35748
95888
46733
19372
91290
95349
23169
49723
57662
9220
94504
75564
95876
92783
42819
80968
36940
62102
33138
44116
51410
91170
74567
85635
44306
63762
87106
18642
50977
85001
39308
47401
43682
96918
95269
53393
43993
77342
6298
55827
80861
53079
35863
66063
81190
84904
37971
50816
80746
34021
90591
34152
54955
37902
15941
60899
92516
75622
78777
69704
83898
45609
10500
85960
85657
34099
53803
80102
34684
38169
63845
71392
74184
10094
19467
59019
21551
70791
37050
12346
3801
95027
92799
1749
10950
93307
88409
37810
39651
77312
93692
68152
76766
37046
2234
15485
46381
41886
81257
90976
28224
16926
74877
9619
36896
34496
16909
44200
91409
96226
40937
9558
18667
80020
45371
8405
23059
24649
62400
84568
50668
22278
45273
10583
26051
87511
91856
67187
42287
43280
91351
14480
60107
16025
55383
97642
29797
51452
73372
59203
76677
69672
41281
90830
4381
85800
86710
61395
45404
73324
35572
75729
70823
17457
96324
97128
80941
53266
11740
37457
40565
70070
10036
26089
4996
35366
66308
67708
81575
39366
91970
46674
75867
12297
9942
29621
11684
88856
25737
71580
91479
6636
26136
7795
22743
33800
20120
60504
37002
90665
87919
83325
38741
38744
52121
13245
94140
53993
81652
32079
81236
31580
54293
91194
68245
73466
64083
63255
46584
55111
51337
60452
25550
81669
69701
67106
36614
24241
7719
21224
58074
61765
99653
95293
56841
5270
20270
33462
74417
60459
71982
74374
62298
2216
66853
59650
34238
48619
10116
45976
11309
40381
73470
70432
19695
61176
78087
59797
69648
84530
56732
35876
4364
7238
46905
52281
67573
66560
63305
61524
5883
34699
47860
94434
89206
26132
91260
53125
20718
99227
43370
27265
9111
82024
12957
30537
53777
16846
88370
40822
96594
792
1702
81171
38763
1359
81166
38502
93027
95230
78581
85962
76757
31982
10332
28659
15332
45431
60500
84263
37968
73106
79517
43906
1504
66605
65618
78027
18232
55424
5816
27584
63501
70190
7171
91656
25012
95585
92020
56696
76930
34071
8958
33160
80979
26520
83721
66456
81220
52094
94524
78254
58014
62301
59105
62142
58801
43895
71625
51797
73576
44995
30631
65925
1526
62295
61534
19816
60111
88625
60282
18121
94668
84938
22692
65645
92122
29827
79623
86676
78045
37992
81488
37857
4796
67082
14024
34870
38160
31765
87664
86584
44783
86560
11403
81339
25003
44522
19449
88391
22199
92773
81232
81372
85222
89221
61036
35302
84560
23190
64615
24380
74954
56355
76883
31669
64987
44137
59009
67274
44860
269
31804
6143
52550
81948
40795
41732
52930
4080
76877
68841
69097
70886
24954
11479
79562
99475
57231
33851
58377
98604
46990
8681
88833
65491
21103
10977
81966
38699
72069
25510
4248
92468
48111
98510
76058
61389
59359
96678
38448
21876
33538
94988
86691
34438
5486
24136
14432
90733
75794
68231
24994
25624
82233
15738
49377
47391
90717
67730
67158
47515
17626
62307
76998
20031
63316
2748
45704
91192
67856
53917
80682
69159
14161
18230
85888
48590
90601
29800
51230
92406
32431
65663
88361
86451
68146
57855
81015
86378
87602
89196
44045
72930
44590
12763
20155
65279
90476
82183
23122
76661
21939
97259
21707
25668
35638
73935
39305
79170
839
39010
47271
22404
95503
76597
17060
62609
54854
15356
11240
31569
59444
27737
57059
62513
96270
15489
12076
27384
97610
31914
8758
32789
26436
72691
33336
56785
44616
80247
72763
459
70528
21365
62411
63600
7786
62437
6103
37096
76187
31707
15632
42136
1347
86626
79957
45141
90340
88544
66978
28889
61071
89283
41123
3900
45028
8356
66551
85154
43410
81885
39078
56419
11491
76778
36976
4140
55437
91823
46267
92608
77953
77081
20729
22764
64661
75609
46542
85024
69512
12726
7313
91943
95191
94296
56670
39116
81577
30680
20345
72687
34500
62271
22600
33884
6776
58307
13945
29477
53797
57173
3630
49784
26813
23739
20592
33720
25287
8174
65980
20352
27651
91629
25124
5735
51619
85533
16690
23517
80223
35080
18014
60704
85363
11379
93931
57875
27376
30994
5102
15065
92614
88119
16932
99122
89292
8241
8809
4701
58605
6153
68377
88560
77324
89694
26163
61660
5393
20745
76626
35903
57017
69021
14748
9745
7000
70233
51183
64612
24400
85051
8034
38756
60199
54112
91869
63804
20088
96626
16514
30672
57782
27388
18668
49567
1994
98089
65340
55150
83995
54484
8960
14451
53522
33224
15857
6090
35535
25057
27867
85937
50029
66180
92819
40340
38729
28303
7372
64204
47386
67097
73589
67457
11514
50124
64256
78800
99475
36634
9248
29355
49522
82214
80356
95857
99384
77360
39213
34028
37252
84665
59739
21629
511
47091
64345
51947
14120
86161
65826
21776
63311
66883
69452
87937
22383
3362
65837
23010
86896
88734
83980
52152
97018
66581
51942
58430
46384
10963
17110
24124
39301
82581
35099
50925
87453
82654
38138
80299
68687
15515
14309
72961
60962
45785
1391
1731
68826
89573
19156
86207
36831
9951
8958
97167
60864
16713
76719
88957
84160
86383
46003
87753
20210
55756
90102
8487
84142
27574
73045
73073
25301
48384
98891
8412
52169
43711
13207
15939
56451
51696
44818
43288
33492
48874
66859
73163
20043
96218
19691
27265
22428
99148
79739
42650
86239
18163
57450
7814
63211
99046
82872
37201
33074
38209
17635
49747
961
51799
63106
9559
85942
54997
31597
47883
82819
25326
17702
35627
586
79647
46629
62217
50823
43477
23521
76375
55485
72732
82894
23568
86397
18030
72778
30871
3106
31040
20483
44417
31923
69455
87687
89972
82422
83587
41297
28301
4516
58585
20594
95859
78847
4231
64546
79107
51290
98242
43962
99214
79267
87332
53313
27321
94497
67302
75501
13710
44872
56761
73603
76299
27557
27448
97997
4016
383
73167
28160
85088
79184
35027
61253
9169
25428
85025
44101
73960
6770
61011
89608
60570
83347
53928
53164
8868
42919
42276
12786
92524
483
26297
80788
44811
81709
2805
98449
350
96312
25142
98829
8469
57862
99468
40874
60381
25995
95850
44579
81920
56960
41226
36918
88898
92197
51214
60613
34422
59627
28340
35190
92921
5156
55098
11876
19766
63156
25784
55573
37351
73104
24641
85654
11134
62462
79788
81558
31690
92009
53657
59374
90511
84614
16169
47580
915
49252
35701
2467
61207
91196
69688
13322
90997
54452
93538
5225
79826
4148
32910
39802
80725
70205
96865
20504
65049
65682
74258
77583
31131
75933
28090
81199
2779
46928
63987
21911
13932
79544
74429
55829
50935
78400
72254
58950
55458
94432
18378
26680
56011
17719
88596
534
56339
443
79302
87334
79129
50792
19237
72163
39027
55333
51313
14125
24821
50983
49873
30043
24179
34193
90364
93473
29812
24948
25224
9712
32000
55102
31657
82905
16117
16570
25465
93899
88780
95664
67192
27008
83488
54006
37153
70050
52577
52918
73812
39161
26703
42888
21455
53299
47386
19068
55583
29467
74425
38305
39590
99268
34462
34505
15108
17908
36580
19242
78131
64191
84909
81890
63336
75446
39378
86601
83928
64582
45937
22040
41975
62409
85079
18608
10977
74610
53631
2429
24863
36797
64173
6286
37114
26245
75939
91373
40095
60777
71500
16685
56744
89244
78763
34970
88020
61818
49810
5924
53707
7191
64281
31230
32509
91008
60703
725
65183
7182
98196
37259
68691
62032
21044
1544
17663
83755
13076
80063
71530
5482
11142
73046
20310
24276
27005
3864
60216
73927
17345
30587
37464
63964
38794
40968
16787
9154
45722
74516
22751
66171
51686
53026
29222
59529
87722
82929
96710
25252
53699
82686
68857
35096
64262
11712
9417
65698
17290
74873
78957
4758
79467
35834
79141
72354
60769
34741
67255
510
27505
95969
41952
66640
29038
37948
89732
5992
75397
31181
68607
68423
72136
75281
87355
83333
72154
37114
59553
84243
83731
61760
98470
31550
40638
70125
22959
93845
40548
46408
21035
16856
61870
42542
80223
91032
20603
65112
78456
75253
52330
80153
22266
74988
86664
43102
72938
46623
22006
64263
62117
24493
84371
57734
1784
59214
67804
6749
47412
82944
97333
62933
83919
99895
37607
39967
43277
64328
70066
24388
87629
72752
62570
9165
66305
33858
91177
94130
47819
62715
36378
58529
45286
14891
76607
19026
42884
36243
83304
60465
16105
19974
2503
9227
57420
9227
6172
64294
55179
46926
62031
83135
98004
57817
45531
57872
89012
9002
52063
57886
31673
96105
78168
16124
27125
28
71384
58682
71638
69166
15318
85915
40354
21054
38656
57436
74286
22776
78990
91186
86270
94820
56509
17928
77815
83002
21840
35835
18766
5400
72024
76664
57100
59857
74921
59708
86010
60484
97676
23141
87166
18135
12690
77484
49254
64839
26444
7850
99900
1473
95729
1225
7930
18178
13081
2466
19331
9698
79640
9477
24661
18975
78274
58893
90545
96808
13619
84303
95944
14925
28887
4589
92840
24850
80447
22299
25342
58252
35492
58538
23586
27369
73959
73802
21063
44740
96853
9570
95494
21594
80325
88869
97770
90302
652
67214
20646
29713
37350
79353
98817
57352
83605
83288
81141
12236
93420
45168
92611
71115
98962
32065
25050
96062
67574
78346
34375
217
76138
34567
77975
82825
67608
14082
93765
49333
59239
39410
45842
54190
29303
82549
27677
75459
22810
87977
39445
83700
36963
48625
80074
15871
43423
98870
9129
5277
67963
28782
51741
48582
32598
19296
56482
18831
46972
17663
3237
9303
99830
89302
82170
79279
39961
59954
70724
98345
39890
5656
29636
31221
37435
52285
98146
30254
50280
35651
20198
69172
89780
27844
81740
91349
23124
54094
96204
54077
39196
60324
68863
92182
12711
11190
13794
29963
61850
57939
63706
92725
53981
17380
68606
3918
69562
587
4994
774
2040
53549
85524
48119
968
46772
19845
26108
38885
40715
87700
17685
64061
67203
2463
24547
57166
10376
7676
66350
38816
58196
76706
18934
98319
47447
1506
54507
54025
26930
28769
7165
98494
6945
52164
3087
20757
53045
57323
93669
34551
54924
35400
75431
35745
15284
92345
21609
26642
67953
20300
66970
6292
27554
89118
87598
87215
40446
70233
67484
79589
8210
8969
47838
68786
36305
37071
53980
36601
59599
26827
97536
50292
46166
53030
79418
55
47236
51954
68367
11588
27775
89877
33396
59141
94193
40917
85055
69536
81967
40174
42305
639
6769
17474
63467
8488
51360
76370
80897
98463
58291
2469
83890
39559
71051
68454
23744
40922
99733
42731
29465
61846
70619
49905
10578
19574
87812
7209
45011
76013
70734
23328
76066
18600
18056
40636
42698
32462
68206
63529
19556
11745
49685
51211
23251
23596
54196
25061
63666
28844
31181
9544
43735
45244
46021
258
16489
29981
93700
7102
23207
98400
62644
28105
35715
97868
93518
95990
58629
72243
23293
91948
84041
36058
52423
60755
14988
89012
96585
51902
732
13917
44906
33613
81236
66442
49136
71405
58299
88256
35941
61874
29672
29504
14252
95930
80508
37614
3312
96905
60751
75835
44425
10567
47724
1860
69684
83574
78724
87571
55964
88082
38598
65292
69278
78141
45629
50862
32634
27258
85215
14014
13204
43994
21689
34975
48458
61500
32949
91782
79442
53599
86578
43477
36517
71335
56586
73025
98866
45607
45037
59006
11937
25832
69108
35603
50202
58995
33862
80939
19816
16894
54602
73797
12676
76766
26326
8422
1796
39181
23392
16535
81218
74301
35382
72768
89592
62519
16603
27124
50054
19861
11025
15349
6767
17865
92643
10417
6734
78447
80060
26870
35691
1930
98837
98092
65190
78088
23793
78813
31143
53445
53246
45416
35938
45801
55720
66131
62662
69072
23749
76532
46353
89223
10748
41127
45651
53133
7880
20271
86950
8843
17245
74138
8069
10578
16138
30471
24417
32377
95466
69682
40482
53374
64599
52071
26905
32048
42423
16139
53843
27118
21610
64379
45207
21713
92096
6882
17269
75558
81465
62621
66351
22209
68614
15023
24708
19710
51290
44893
71525
65477
70053
64844
62537
87242
69725
38200
85717
9270
98818
56723
28332
17597
77232
63914
11860
80854
67498
22045
16775
86381
16480
20755
9808
33140
57372
24932
65694
90996
29759
72545
29830
29625
84292
76089
1150
17442
77562
51754
72700
84795
35787
83619
55859
46797
98258
51359
57272
14296
7133
33838
49241
94691
86630
44433
40431
81624
14365
32165
83197
7613
51261
18857
11256
29906
57743
1428
98606
55915
13405
3414
79530
10993
57328
27751
57383
16141
61592
22706
92361
43816
17130
72225
83729
76185
12392
63885
64105
85740
58108
61125
3190
66114
84478
47472
22145
22805
61984
92072
28899
47207
47350
27629
67851
71729
6952
20209
58127
36218
84810
49753
93054
43172
22592
57574
41255
68055
48067
97827
9251
84098
73864
50035
99680
1207
58192
40169
31773
26317
98390
38270
89888
22131
38966
22336
77053
2393
82721
1777
18115
59708
82130
53326
84145
32839
29499
77442
1117
9084
88313
19702
12116
85164
23952
28341
82582
28670
13580
65543
39044
1979
83426
7195
69083
34596
30673
35195
60362
75305
19566
73425
57832
62684
84419
64154
37321
39131
76171
50503
98517
38291
60103
48898
53974
49768
45320
10344
11530
37888
84614
48050
57085
14018
33654
26604
91700
6812
17010
67216
39908
89537
28822
61012
38995
20346
25546
54064
61008
47760
9214
95285
79432
29213
76448
80304
23585
39904
54092
78239
29059
86455
2070
77683
6871
22815
6807
69197
38974
7096
82639
12292
27654
38607
56502
96357
81709
84866
58869
11085
21531
74900
97959
19371
8302
94656
36756
24712
41739
85657
5305
98156
61312
99125
46512
21110
16277
29343
94
2033
53789
73907
6009
67569
58089
10297
85795
62938
82365
55718
34276
80797
32675
60441
30588
97831
95278
11517
15875
89901
50047
54220
34748
35695
62077
66676
40476
86831
44164
49047
78196
78675
22259
77210
37671
54578
32232
32628
18747
25944
42914
2861
92594
23528
47631
87264
94617
9795
76210
45012
30033
65036
98163
59469
17625
23267
7723
44677
74430
58778
34341
86284
47655
99228
39481
88704
3620
79720
72817
68092
21818
89500
65444
56944
43045
46171
98730
66238
17614
91843
82617
87822
35492
20361
51704
65325
99281
19716
23067
55770
40410
80048
80198
30783
21299
82203
1391
97629
86817
62924
54864
73461
88630
45912
45558
92438
32875
96282
49115
88279
53532
22698
77139
90050
79596
27111
71553
65038
93986
16101
98779
29591
18129
82601
9733
40690
91414
63709
38564
19485
3124
15357
83763
68825
74550
96346
37400
12423
16293
21740
86337
64374
2492
56012
47256
66699
63115
35992
38355
86838
624
65977
17879
10881
35799
30641
79101
18708
36745
84447
19745
44108
97054
75211
25419
42661
84191
48249
69931
66152
53785
76653
30722
63529
92835
98711
57576
29825
959
66442
39641
46766
9517
42139
21702
18585
6427
61625
73332
83792
44004
96849
82112
95937
30882
13508
61121
56099
89574
64130
70234
16014
64163
38775
30136
27873
35487
89797
34806
63674
22629
62940
73443
72936
20693
72849
82430
34311
99712
84128
24732
4733
42298
48450
37303
99488
93074
73995
38647
93223
10141
17970
25411
17071
74738
64949
89351
73104
4354
55671
11472
80373
74229
5087
40460
61546
46052
13160
74043
72484
84386
14618
77021
87278
23245
14245
89442
22745
54285
52771
7763
13387
18614
21363
37674
64684
72218
11841
3331
43116
41793
52206
15065
42546
91386
77116
40824
3764
34631
59247
85700
36616
90635
51786
21504
5462
51034
87885
77086
73155
49853
71260
19869
84200
46917
36460
40762
9532
98227
46587
14283
62135
7048
65233
4975
6771
16969
39035
49483
86494
55390
44131
21827
42471
34687
23945
67142
87039
16575
14615
52108
68286
35917
38234
75293
95231
49699
68158
56523
96026
50251
46699
16416
24063
9909
52385
91226
49105
83942
60286
69455
94811
47268
6620
92353
51023
24520
50718
89393
42288
35930
44980
81868
35581
41593
4861
10398
38557
88151
17916
34703
2837
19334
82114
17600
12170
29869
8485
85770
69219
60193
45459
62895
82660
82706
96851
29919
34095
70001
39852
16395
4321
10686
25615
20283
42693
94230
65305
24870
65538
66066
73373
22835
13106
62984
31969
30732
7236
1189
49527
26707
94776
18795
68602
16498
35572
92323
9140
34995
23958
19757
48095
53017
22319
12933
54279
81012
13023
73554
28178
87881
3429
387
99710
52410
74227
97672
99044
4454
20776
73964
95078
63306
34242
75240
45697
3047
86485
24322
39399
11442
58632
36745
18627
20813
84457
98432
15237
97883
31031
76553
35250
57575
42592
79826
15701
51906
64615
24954
69587
80486
68036
86838
51339
87712
85785
41103
61789
5858
63441
96546
58224
35257
30929
81898
43650
17772
60481
48901
97189
59890
53955
96196
64048
97239
23528
98023
85792
17064
15157
52273
7075
43258
2116
67506
31087
6369
28907
84364
28123
87232
38903
55561
70943
1749
13992
91342
86504
64735
27313
36502
33054
71733
14792
76312
66229
76614
31944
64456
92539
90338
55088
27616
38981
22534
63574
96883
36104
51216
52696
79189
2888
89599
2819
32245
65703
84683
32630
68394
67723
73927
92384
50470
84197
19474
77491
290
76032
80329
54679
3304
20697
44170
20091
93737
90881
81047
1011
92154
58094
78468
36357
18269
8186
44432
15468
31178
74887
48940
64446
85680
59470
48656
42224
42398
46339
84726
42175
36266
12901
45523
74868
83071
79130
97507
25978
81749
11380
24437
3309
31788
94086
60673
32778
7867
31982
94243
86362
12066
59494
14982
18743
53163
33175
3851
60848
54426
22449
45724
6291
39510
27142
62112
63273
53437
1218
84898
62869
13592
42774
30015
5271
87851
101
25640
19514
14978
98518
3608
31154
24998
39223
78561
74389
41985
250
65373
53528
865
63085
63392
43756
32181
23671
46370
82309
85675
9935
63585
30834
79078
94851
93659
69959
94312
70157
53944
9488
52243
25375
26400
7151
11491
95837
39196
65383
93949
8235
74031
35558
91363
16955
52728
6054
76916
4596
64342
95586
95411
64391
90752
84062
61206
81661
51992
72749
30088
28150
44654
23438
33343
1486
83268
10293
99286
50199
79674
98310
34640
70846
17616
3794
61685
66053
53026
43369
1918
4298
96600
12795
60953
14180
91795
51556
44503
63240
46781
99883
42756
96779
35521
8509
40243
64655
75378
33215
63955
7853
35931
88450
13889
46649
91133
93752
57840
3822
98529
74687
28007
92160
34086
66742
24289
92310
58629
19929
42281
66657
88766
69745
20949
44994
90201
55123
20508
21507
52538
51766
73217
73310
95962
25461
47940
37885
7373
45316
25879
41436
47458
23699
38343
8935
36122
66993
3223
80136
33436
32020
2355
73090
65171
70267
58959
46357
1840
5066
28573
90603
6557
4857
89370
52983
32385
10941
99695
12057
6063
66006
91316
74622
81747
37007
60398
73773
79380
12027
20098
59458
64327
7694
49867
51818
8018
16852
70339
27080
70188
71849
75732
49215
75159
57943
87515
76759
67089
91877
23352
12063
23562
11864
61649
63765
78579
43636
89884
13893
10625
82492
16712
91494
28099
9921
85579
62798
78273
89452
55772
86570
92398
50349
65838
88185
97742
56553
30068
81436
19215
23513
35322
21111
39597
78769
69712
5654
42792
68489
59631
67914
93176
75790
10250
84953
62074
26892
54890
15925
19214
18175
6034
49687
83312
70329
55571
29732
52056
60845
47851
64538
2849
63807
29119
38930
19457
97811
71574
63761
49898
6476
60255
20530
31994
71867
62741
69921
76139
92316
86461
44257
67847
7089
76066
23147
41498
23890
76304
20285
97644
54780
97110
88238
13612
56548
9024
9731
20356
13180
33029
57566
31050
55791
79930
31207
72789
81854
25805
7096
84655
63676
11153
94141
22488
46464
91586
59221
67804
9541
2507
65685
72870
99078
83937
32074
2716
19219
27426
966
54871
63886
4496
53729
14232
25327
13251
95591
66133
57870
75689
87281
46965
22435
20179
60603
51406
59475
54740
48568
87103
64103
91112
79356
78992
26553
30418
51235
92307
27563
68070
52119
11483
56405
36497
38697
37520
9937
8046
71145
68396
96662
63772
4329
80347
37403
70587
44588
25647
74176
36506
27023
35692
81936
1106
58273
21242
97608
6578
41172
38064
62145
83207
33770
78467
68553
89687
9774
30786
14399
18562
3559
6720
64265
16637
85655
160
69584
61202
29087
9733
46492
40014
35597
30857
92267
24526
50416
70207
35360
15766
10947
13301
33743
90525
74733
70775
45448
60619
52948
92294
84168
48389
66925
61339
25398
86505
21243
93873
3293
75493
67772
93776
15595
50573
55109
52793
94233
5103
83123
27524
98638
19577
15258
1771
50900
80301
14474
5861
35528
4173
22800
61194
10072
12989
8185
43719
34441
39800
14980
91006
3315
68763
6665
44075
68969
42965
82982
8350
10356
90050
12773
69351
58777
29609
5949
64056
67602
76388
15504
45603
87215
28469
66176
45838
71560
62236
40991
73202
5908
15949
13683
59691
14115
15933
35578
27104
31447
39051
94491
72644
49107
46258
72463
36452
89687
26053
27409
21817
54441
94501
333
75766
12296
92433
68090
15474
40887
91304
23520
38040
67399
62650
10771
85021
83802
88322
33284
72366
4336
37027
95763
45959
53809
8628
41716
16312
76398
16425
71005
93734
37213
97063
45523
31479
46862
58818
70330
2688
22268
75895
45292
4477
55476
37375
6077
36020
7634
89229
44335
14383
80802
82204
61826
93992
8974
14651
52873
59288
14689
64993
88548
72165
14287
99718
79789
59003
5243
39750
52058
39704
30744
5075
51520
99286
67615
23888
34873
7315
93370
90355
92691
90103
13759
43223
31825
1877
6910
98204
92462
72047
78020
50144
33311
41665
48228
9646
22964
32740
1861
70840
12023
21378
75057
76938
39966
96390
55279
51284
64561
54010
47903
61618
36393
13236
1882
25873
61337
92306
86884
30943
38104
16495
91416
68063
21480
14204
44394
28774
45302
65800
98073
85581
8573
12767
3844
16113
9865
65259
99903
35392
36074
91212
23013
13679
24417
76062
46169
64441
48370
95779
36842
26704
70026
60355
16717
23556
13861
13225
12943
57203
83923
89014
52452
21010
50486
33453
81194
87193
32103
42369
75397
46143
1438
66167
61170
23529
26246
28318
55976
23324
61045
45493
8401
69859
52505
31041
21329
86593
73844
99907
55716
41802
38799
36966
55274
36119
16421
9370
30873
32800
79395
97876
11284
38966
51307
71709
49337
38638
87517
30401
48879
20538
31993
12999
821
31290
63921
19203
54253
37835
21020
24805
19288
67119
46260
93595
72762
32747
17056
67333
63161
55879
34017
41446
47472
76361
78089
8580
91970
91956
56592
72290
79660
64757
2939
86037
80768
49656
35030
9393
28312
24332
6861
68900
7815
15988
46698
23966
42624
96471
82938
14093
40666
84751
45281
37243
87709
70569
44799
17112
16650
72099
13190
25779
90626
91486
4043
66808
59926
49949
57149
34134
416
69761
13056
3652
20347
46439
62657
24456
23398
88036
78304
35304
38930
69544
39124
8303
67300
30127
13484
19695
29966
94591
50292
61718
65868
56474
98705
63099
2185
78354
62217
94901
54539
12736
64906
91749
113
16156
95774
99912
34093
95887
8649
42710
59638
35705
49037
76944
47795
76745
98124
52434
76772
31444
53610
20325
97556
30591
22207
86825
10047
75201
95752
52576
57168
67306
33328
8659
58220
97736
36607
65229
18797
87303
69955
69798
42446
65350
34649
57971
65043
91816
20472
45878
54272
88282
42550
68755
19413
99740
49877
53103
15149
73741
35017
2345
56173
33016
80307
30022
35904
78071
54603
33851
76190
72304
35101
20608
57786
41825
61161
21951
23124
50644
126
15989
3176
42764
32601
58300
71304
78978
50966
43224
66324
17751
11714
51938
59904
74817
89251
59874
81909
58139
51765
50183
18479
54649
14717
53729
98234
99004
54614
47501
71065
1450
47967
51316
11890
66265
35241
20921
9863
3764
70454
32145
12249
67343
945
64549
15316
1953
89787
18648
36524
19760
16421
5187
36352
35377
5683
45113
3608
8977
56593
37170
37887
85514
86730
5550
43791
13299
40391
29459
64910
98260
61770
35756
86985
11199
1465
49428
42695
79570
13509
56123
40125
67160
31201
8770
86562
34575
28425
80746
81994
44112
48166
39608
42467
20934
24159
31344
74194
4689
45469
42966
76639
30705
54434
18762
38642
1506
43165
43211
37390
68032
21558
84901
61019
66317
81905
90557
95386
96087
34545
98306
18589
74885
13239
73758
85459
18845
89654
3484
4750
99047
17789
83280
86857
58204
60631
22210
31662
25005
14391
58388
25806
20449
81512
48260
30646
12227
61883
92266
1044
84123
71015
52108
5694
63172
51593
46899
25300
68878
28405
46143
29853
79288
12010
50930
15417
36711
44377
56363
93212
76943
30951
37383
89763
8338
37861
55595
24207
51172
56060
24941
81880
64137
43819
81874
44007
49266
13526
53663
88625
71952
80482
90102
68038
67679
20713
83549
16421
67792
66712
46529
96443
39785
39869
12119
91201
68543
60540
33858
52850
74092
62871
21947
49857
58462
44453
63561
78208
25818
61827
81552
97455
43066
40543
89683
63163
69302
92763
65651
46266
66322
27145
52777
24055
8714
72097
62362
31086
95971
64661
92650
99199
85211
9380
43195
82618
29495
65736
38782
95939
8528
59615
74538
66117
71756
39187
59213
26443
79857
31056
5358
73854
88087
30712
84399
36258
9092
38419
54569
96534
50095
77195
294
89703
765
58262
82257
58713
31487
60978
46345
74013
8428
5057
93080
39386
86510
40155
19969
76973
38713
64136
4110
85683
61160
62929
74528
20158
25311
31105
2026
96873
88331
71475
65468
99837
50883
58511
32476
15955
66727
32895
26047
92889
37622
82623
60597
46743
20849
69521
84048
77245
61830
41994
57242
22439
57289
20299
30548
92133
85029
75707
44144
87455
71043
81467
52909
7649
6607
57410
10505
10678
94207
45336
33079
93045
6141
73320
59918
44523
41296
29525
84414
40354
33150
37093
85722
40030
5218
79397
13105
21972
12651
24715
19595
59340
22277
74740
33427
33156
14830
48406
29314
5156
55734
7529
18481
80746
80119
37018
14341
83378
35123
73241
6122
16283
93951
80725
47337
74896
85553
39538
10577
44678
80404
42547
16598
50861
9022
95869
13195
26066
37449
28369
96594
63034
3609
10593
25556
41071
21070
82902
88660
81990
44348
9269
59415
54382
11617
31636
29282
94495
93861
72313
87955
48951
28101
88970
47267
5210
43148
92346
71023
63229
88772
26647
83706
98382
35758
80323
97007
55229
62908
22927
60477
89343
9499
98408
50661
41039
61799
83787
64694
92207
72458
65902
42117
58477
745
26308
16714
74877
64056
96145
39771
1572
71025
77320
51227
12011
52092
27019
74177
1601
60007
93862
65607
95413
3158
72844
94911
65265
48968
69071
92800
96206
77503
67358
15170
8361
47926
84565
94538
86641
59775
36425
11864
48028
74226
93933
98203
12156
39857
46780
45098
76253
34189
89017
59828
77800
57713
31727
78320
30363
68364
70473
14452
47755
80216
69329
34900
45610
15076
23587
77471
57139
27816
4921
24431
13073
72938
65303
59476
99510
66455
86892
36641
90800
98991
10336
32413
14479
21276
4247
3689
36572
38872
14916
71321
87111
1755
48392
44703
44472
82060
63573
98414
93747
58639
38810
98216
2472
66726
46827
59229
19945
34927
29383
27442
88475
88635
36600
64743
66891
48771
30276
14621
44402
94096
12418
47681
42624
4893
75274
80539
76630
7040
24971
22282
97251
90299
32738
15727
38010
4674
53139
16131
91594
83458
25664
4235
42992
12193
484
628
35686
12050
47909
79239
24753
6079
1528
20256
99983
12992
67608
37398
91768
49482
67036
97238
76806
42769
25123
34883
62066
72253
22180
94383
35580
52644
89900
11204
15189
4885
7148
2666
9676
2388
15174
2507
61705
79819
12003
84377
6999
26629
2666
35138
60675
59707
54126
88449
81299
4062
72816
91085
80733
1814
93551
72745
10632
76030
73556
61997
10838
23050
30224
75064
59029
31907
28553
92464
67978
36252
93243
75473
60926
51432
30881
4891
50620
88027
82184
15174
28431
92654
3717
64829
28978
38533
72043
53081
63973
53462
15054
50290
48078
14155
88898
52481
32448
37097
51813
38434
77633
79438
92452
63453
43796
71004
45801
2392
63906
12732
93495
26804
36739
6982
14001
95063
95067
68272
66680
99146
40428
95086
46743
47770
66652
26593
90866
60778
60543
56170
61794
64525
87917
78440
39707
99509
7647
2229
31404
35496
58497
97621
71294
15063
51403
49625
71431
7388
663
18630
94078
85638
6341
62114
91428
47417
97763
42118
9046
76100
34946
1883
20005
13829
95995
15247
24984
43019
55605
47611
43322
25794
74436
50075
95207
59321
29067
87810
51414
70862
64278
72357
18010
67560
72801
47433
55166
47269
8072
66167
8529
80901
81299
59721
56856
78714
66018
58203
2453
5007
99020
35359
46011
70646
13372
61276
88494
19131
76529
97286
15194
61628
6395
27342
9831
7841
53054
14466
85900
48436
5629
46708
18418
68069
30766
27247
37031
16084
64564
6654
10254
90491
37315
63842
42469
89882
12328
67912
5745
37008
27223
9877
26575
46410
73900
23194
93838
66451
66217
78370
34330
54262
9524
36349
35396
44164
98208
7273
10877
41534
17071
44723
74703
76175
20995
13992
73205
17408
79229
5860
71827
63483
85546
68984
58234
43624
36665
42383
7729
13986
78039
91523
75428
97556
78130
93312
23474
95514
27703
28478
45411
6608
85393
15090
30110
76418
97561
77547
74220
68658
20056
11728
54140
2368
33433
2318
6964
34095
64163
22873
58497
30532
3770
59956
50187
52438
66031
71163
63293
26746
85454
77548
73393
38830
22891
20369
95621
52365
95761
37510
46313
21058
7551
46774
23757
19290
81775
47709
21993
50171
28931
30385
4187
40592
9461
55811
19021
99809
38434
26626
20518
63477
92359
73926
9123
9881
73824
24353
71431
74964
63331
69501
78891
89118
8645
32682
17041
95061
30658
80514
22751
45844
57402
75470
37220
84392
91553
3487
26816
3575
96297
43626
99747
61579
73206
35263
61759
71794
27953
99258
27125
63318
94274
29278
86210
8519
94642
29745
92735
93750
80773
50994
83874
82012
60885
97628
77497
63967
94012
92975
59266
77877
69964
39330
99848
69762
3886
71834
84105
72871
69778
60772
79180
16530
89890
75163
33533
77448
5676
3079
46773
48447
82983
62165
51321
8483
78643
54126
49190
2579
14363
76759
85356
39386
7216
20031
82409
48140
76028
23000
11616
70347
79210
63131
82092
94400
6242
77134
96812
87801
52288
82522
87469
9784
62192
47290
7364
17961
37025
88187
17449
32242
60083
66510
74103
82955
8512
53636
22875
94102
50305
1756
62087
7937
98168
92940
73521
79420
40460
15401
9947
462
60252
11544
81421
790
61482
11973
81141
79123
77055
89030
44862
49175
23996
81496
98541
59645
95677
20744
8633
92994
40548
44759
7015
79107
4131
83370
156
14205
81741
44313
76264
99790
32796
54651
63336
59094
30401
83623
77362
39940
62118
54040
1552
65019
49546
69821
61717
80795
97711
94514
164
49839
46863
26236
33677
51426
70977
54450
81802
34872
19410
66073
21754
72472
75735
43036
70528
69596
2303
37221
82926
97995
360
19577
79808
32447
83619
86013
81526
61638
63061
69794
39085
47174
11581
32093
95336
24066
31396
43694
24351
61169
60361
87418
12906
17144
51736
90736
37922
47877
72422
23380
45815
42241
15393
50613
61969
88075
88577
66095
10252
60037
55375
61531
86223
46672
45823
37991
83400
97779
40941
78537
54644
6418
89903
13621
68281
73181
53326
55149
59995
79085
48390
99137
86651
69125
5186
16777
63494
34372
69477
6165
11711
2713
3421
14110
21057
51584
91349
62067
2532
77731
5607
5133
54778
73841
63988
71587
89897
7845
58793
54289
15181
36959
86428
40409
59180
41376
43308
5331
83965
84171
19407
6883
4330
18009
54508
5005
87698
71521
82638
14473
82357
63210
95568
44825
87465
52353
32779
7101
70179
38271
15685
94475
54243
14487
66167
89717
81936
88727
71072
31775
75976
4736
74195
95245
33236
58600
74195
40998
74367
34411
64599
32707
31694
91658
38411
32093
65300
46276
40592
61945
73757
35326
80970
4016
94666
57986
42750
1063
47025
83332
2578
91077
6146
82993
15031
8231
66226
52556
91940
38946
19040
49600
4440
6653
8011
72282
67420
73126
55247
72905
48277
45868
59653
84471
71058
84232
27413
80542
41355
21417
22409
2178
96123
25991
68799
46658
64166
979
29354
36140
47128
42336
63311
75388
39513
82050
33317
56251
1924
9457
40765
92151
93358
10965
34
70309
92460
27727
92244
69438
77103
76943
96193
72766
1849
40407
95312
84549
33430
94138
25952
8725
65766
27747
98038
21156
58024
99311
11677
81268
37590
71386
51143
64160
59715
12848
35363
46763
65823
10299
56432
82491
37165
34008
97740
40285
91713
77534
90176
14855
54335
75244
97369
50362
21550
60865
80141
81620
59921
31036
77635
15450
68131
26218
93828
31811
2208
88546
56062
45749
5188
99563
89037
58355
26769
39473
72598
98985
23341
77078
8371
84949
75367
34178
45535
14267
38855
94072
82579
20713
40650
56474
51577
5548
33539
16796
13588
79588
23369
30351
76969
75160
63433
25521
90054
82538
17547
59326
78580
50513
54899
15654
56497
43738
37073
11774
34756
81258
11260
71495
24048
46274
42155
30943
9017
40662
68663
10649
13814
14293
69775
25407
54035
22158
13123
44687
10554
58327
18339
73938
4028
17721
92983
30154
54764
652
33696
99621
63835
91805
21963
56086
77192
23479
10768
98557
24751
34546
9793
17528
58374
24830
76346
28614
3672
71286
83493
86141
16875
91666
43064
47637
4554
33885
1925
22565
43798
63615
75495
67153
34828
4270
8233
65859
68367
6171
20805
30156
64494
63515
27465
35821
90517
83250
59883
95284
53031
20146
38487
70951
83665
99738
94795
88946
36784
76529
95110
16448
48808
70756
30763
48968
75987
52328
16874
33770
52475
54131
62770
69549
76617
68368
21998
19986
26709
69343
33182
19283
63746
99894
12138
25218
37806
29436
88209
84014
51509
78800
71792
10248
60844
8487
12046
13224
45391
25249
60643
77071
15636
49241
37263
13397
86292
6573
13677
74872
74220
9777
54274
82795
17782
35287
59688
22476
35438
52241
89134
84247
3045
96820
1428
99635
82740
45734
77512
57442
51388
42948
98741
81412
91063
10087
19999
71319
27121
97705
1804
35025
73332
28795
61717
90118
82092
87988
57146
29970
28335
82307
2989
97037
61359
30650
73682
27676
86986
95019
6972
33483
42931
20774
85657
62159
88437
98613
97993
70687
17951
83580
65534
67466
13629
52886
28014
26627
12590
76990
80261
13176
23220
92909
94129
5444
23904
81649
6054
25120
77061
59908
23915
85187
43997
88974
47261
39925
85757
46770
5957
20712
95920
19596
18147
93212
76379
83186
13605
94885
31360
89106
29515
13008
41839
92815
31540
36232
66814
60842
63079
44677
73084
29572
96617
72596
13698
28477
43959
52259
93195
98521
96784
7926
26153
6045
91722
19551
18505
71761
77138
82675
31610
67362
30922
81051
94493
80827
40530
89843
54700
11449
27629
12783
55838
66626
15269
91042
99544
71930
33235
1315
31585
70517
96854
62465
45062
16878
47774
77411
37531
52980
71516
28546
94994
65443
27101
28426
71917
74920
27930
3514
52869
5736
27528
479
53523
21568
53202
56694
22295
98991
41640
79674
50903
37023
67662
71771
27623
6956
46932
97506
82573
20294
80611
40087
5520
48406
33811
70846
99905
19063
10065
89221
14718
48210
48615
12510
61699
46826
94140
97529
56485
59856
18533
32143
47568
59930
79872
18516
86198
27972
26969
96898
73374
61816
25124
63188
29438
36053
10672
12140
86758
12752
82030
61005
49672
48780
36017
68423
81474
31782
33597
66915
13174
31987
92248
24535
5218
81672
10659
54867
85667
2736
9163
45014
33208
71395
96601
13021
57419
43694
53149
37646
11305
34407
68052
92323
18316
32940
67128
95215
85692
64694
73502
7352
81561
3492
71682
71986
67178
25673
38985
14003
16193
21446
88903
59453
47920
41815
44406
86372
41892
97493
84533
49749
26833
22762
32582
14265
4155
60610
15998
23058
53759
89310
6664
54071
94243
59170
88353
23237
71877
33696
31632
89058
95410
80241
62416
22414
50617
71414
32223
31394
94477
42203
7185
2662
14236
71828
92618
1415
73892
9729
83978
22171
90525
74823
9341
59174
81691
4657
32640
98175
7577
50125
66836
11396
6479
48808
61081
84509
21898
17336
36685
58374
17902
83727
57120
87666
47296
30856
35483
79458
42084
52827
47889
23851
4134
44019
67441
60361
24588
73383
8562
40729
38563
40725
94815
79886
44831
66166
46743
36397
38695
3305
78736
13988
20794
3482
9489
75530
27676
67621
60873
91624
59754
10566
37838
6898
63036
60983
17550
33689
16096
4367
24380
80647
40305
72436
98361
69792
6914
71606
31104
77690
65870
10091
60469
62019
72704
34098
65488
95809
99229
53677
24274
1063
15047
50806
74747
81306
66413
44627
85419
41070
88567
43281
3526
95335
67722
30605
26951
13116
84789
25926
5315
84664
16070
15306
74143
45058
45558
5153
3100
69578
93463
5094
83822
14256
9356
97621
2595
13685
42002
54343
78261
41744
90747
78074
37295
44254
53415
90139
74533
51476
75200
98014
82589
13784
12929
84765
57166
74928
25511
54639
37576
10711
97761
8780
51457
44941
71513
52980
89045
30900
33643
12756
86424
78640
98048
5602
75102
10121
11488
60662
47878
83674
10972
56132
36818
42121
94375
87245
40081
7369
74066
87754
48144
52337
41967
83428
62300
557
36919
52654
48156
77682
63530
76620
17009
34465
53044
72340
39479
5449
65906
92077
46571
19206
93996
52045
90869
50944
9120
2652
61006
82006
80202
75589
29428
83767
73757
88907
67162
22335
33999
89637
47691
15799
24793
55600
76389
37625
1940
41306
17349
75553
20071
4274
92036
16005
63939
64954
50009
36856
72841
53273
81297
43275
70776
49214
50591
31235
42105
4759
11645
48651
51109
30014
57081
22875
15002
7612
75395
56560
11129
57028
56670
61730
67479
54661
58763
97382
31394
72941
85827
11586
96469
26953
73154
60949
50770
58901
98563
19279
2634
8032
67170
13217
41433
84440
53204
24818
2620
72360
80992
97167
83161
97232
51822
49963
38780
69695
32770
14960
51735
34410
44069
77633
11229
68931
82011
33263
64375
22332
32405
49835
71783
16698
18067
22859
45187
21667
16337
59112
77987
1819
78719
30095
59781
66036
24393
30889
45953
92554
47707
1392
21847
17753
62035
2380
66389
7675
23922
41085
52069
80316
49773
11107
45184
71474
72718
80505
76554
57834
91896
90447
94621
79171
12322
52973
17230
55588
20957
8195
53038
67919
85340
88592
20697
16138
52716
23639
32730
38299
32228
87998
34470
60881
91900
97118
72250
36194
95027
19450
12097
46660
68384
56978
27164
12367
92165
62170
72558
77843
12910
45873
33924
68575
48179
18506
10481
7760
47692
50659
42917
60814
65863
52580
62506
8531
95300
616
84645
54697
21968
22536
58015
14867
73453
16360
121
86437
18104
78658
82531
77910
88660
66834
27663
11994
98157
30050
27612
6768
23391
33508
47402
74994
4598
66568
92697
48411
61534
7916
47795
33354
57213
66751
82652
43574
51303
76072
6510
48157
57271
49797
37053
1366
52662
51163
10361
92255
31745
2590
54610
33907
48921
68985
32347
93493
74211
47538
49709
66072
93655
75783
60665
64763
59003
9720
16715
58551
65006
66204
640
43615
35891
51044
73586
58521
95983
67578
93050
72669
5227
14820
51047
3239
48006
61203
15572
71598
11064
88713
78467
43804
35489
96807
43326
64792
47788
18301
81435
93593
23462
79843
96945
59082
56655
9195
70498
16984
24812
55360
80611
80130
23620
26515
40391
14288
67156
97666
2277
98307
57351
53210
20968
71519
98753
66903
95263
86509
62994
34744
15030
2861
22066
21846
3343
8300
58588
19838
11290
59177
75715
63423
80258
99447
14253
45940
18786
42160
4196
42178
41098
82649
84960
92935
79264
29796
22243
54767
99872
90453
4216
94434
59112
57674
88392
554
98405
22075
10780
4727
83788
24958
21855
78735
7019
94541
30515
50775
76463
49577
44954
11673
73866
70072
93019
81194
17481
80181
92963
35343
32599
19417
22302
78345
146
4543
72517
79628
43282
42323
90124
62988
15131
78892
62928
64023
98437
50824
13831
43567
12280
47986
25085
42325
26360
66203
6690
94496
3905
33488
59986
50344
5290
61648
51049
52395
26676
43007
54855
58148
40403
34402
82254
57435
82969
6143
15862
71862
4651
51697
97158
68313
41080
88420
55390
30330
41926
19157
44107
19674
49434
49897
8126
16886
88270
37447
36934
15760
57956
87462
84874
64806
62899
14599
988
89105
46578
25590
89167
23830
8028
97537
20414
37639
6100
47427
2875
92083
28237
92574
25482
64528
98893
71270
96421
75521
70354
93961
72633
11434
34
83384
73221
80636
66103
76408
32894
53759
98874
63548
64224
84363
96348
84389
72011
50980
96837
76833
15095
94210
60470
83307
94106
44500
54246
94249
62921
81980
261
39549
23314
10657
21712
56539
3466
57691
66604
69757
70592
81759
82139
49983
20343
23708
65953
83363
18481
11209
46647
15268
8599
7462
28805
39103
25841
25750
8374
7534
40641
90338
98547
85793
83764
98055
74564
69527
4690
49918
3357
53047
89617
88638
51011
67105
28058
40078
85401
24238
49846
98640
19134
54060
68484
37718
55820
31611
35191
7114
44718
62099
62714
34682
97695
67045
30396
44904
59926
36233
96862
6391
74710
62904
25708
73755
55807
68090
33521
67076
80743
57251
90323
56824
36577
37361
3285
76934
74172
33568
60754
78080
36171
56136
73818
64959
12250
42638
35923
45555
59557
91919
62237
57064
55407
43168
80181
33352
51090
32534
78414
79511
32715
88220
21246
7177
33285
2588
60323
5206
55144
58386
28638
33971
17116
39835
19543
65055
82093
98523
56781
31538
64713
46244
99890
5521
37927
97501
58388
66963
5304
66267
99724
7699
67818
17038
33069
17167
81019
66098
88551
82819
27095
97964
92398
9179
28102
30616
7658
80875
62732
85300
31743
36393
22364
27893
74109
99757
33358
95318
24840
14758
55209
93092
46188
42079
29940
35719
58376
82647
9359
95073
13852
25380
18855
32499
62800
4432
14319
91851
34846
94431
9283
54750
53335
44342
4782
46911
38809
50796
64590
42649
65129
47574
2981
82341
35162
54587
3960
41796
36153
98229
26587
2893
89698
38666
33957
28019
56987
70385
21684
40833
54379
65497
4218
59762
28271
60118
45687
40313
93026
73024
5414
1046
75749
66764
74022
31100
16356
54110
8351
31492
6064
45374
85575
86718
90447
5319
63474
5493
60925
98726
11486
55489
58584
10898
26276
10844
66825
65145
49718
79781
90953
77616
53412
58583
45965
21162
14778
78899
88955
42674
46762
95464
86902
74105
6054
91502
47212
94116
98852
16860
29284
84686
9361
91199
93669
61727
15626
72328
18761
42717
8048
32987
6124
24781
65808
93756
19948
56738
26962
87265
61951
41431
82275
26163
50171
75803
1931
5752
7524
38970
5182
29442
59602
95903
91886
4531
78666
50350
51062
1337
78407
67200
45825
58555
50174
16473
16404
28257
67898
50258
46992
74695
48731
18846
24329
44610
47983
64487
71215
70124
15888
55010
81904
98423
56959
70853
88156
88808
7709
56525
5654
15429
22107
23684
27522
81627
70975
94997
54937
28039
66780
99992
90149
34624
65927
87302
9234
1294
32699
910
5070
56384
57537
21361
78360
75433
81195
68070
58537
72064
63779
46500
7316
15837
42277
4237
54298
64814
97421
