90660
52034
18044
1175
40165
35069
85259
13505
70588
75407
86659
49272
9357
28005
91068
26758
85330
97968
9262
30100
50954
88204
27766
49588
46246
83949
60226
25829
28737
22067
41371
91157
6806
10730
10683
95403
97710
7456
6465
22177
43359
41477
76682
86138
2434
86718
86470
68682
23605
31137
39129
22298
76425
72109
5738
79108
22226
43912
21053
50575
62800
44286
27791
72791
56734
49948
20976
4602
36979
33031
45080
80977
35821
45499
44461
74410
71124
46417
74607
14122
6629
3906
69778
46742
14376
23071
18820
12591
47459
41991
62472
76255
78772
48992
33434
7395
39592
61417
24777
34415
55123
4288
44793
87792
59729
49856
35108
8694
25884
46360
15925
41420
57602
99353
65970
22241
49560
59412
72199
64095
28035
88318
68146
98144
12461
22613
57242
45943
61157
70551
41407
83517
46835
12772
9239
79268
96237
12825
39660
78424
50138
72895
28113
71431
82689
41427
10133
94406
93197
44241
14762
19821
95168
26168
1539
56468
6522
88897
32915
13180
47575
5556
73010
30420
77904
49718
1009
96981
17286
29274
33251
33871
48037
8870
87947
13432
95030
65424
84275
77189
25819
54416
70890
5340
19918
6577
57326
92732
43304
74736
50880
50556
40590
38125
15702
27347
94855
81088
23431
27345
39956
60744
46725
73129
694
47069
71737
85101
62335
44024
39051
35214
36703
61821
17509
93012
25361
77737
19033
9082
77464
92975
88364
46578
34045
23169
71679
64883
32648
83924
4184
69600
10845
31142
67341
94326
26639
90781
91465
44676
23946
40723
20431
13287
73000
15766
47661
59215
75941
85296
84705
57701
80572
85830
22233
18762
18805
45409
92619
29726
87209
47887
25907
98892
27914
25423
64069
17017
28105
3570
43157
19413
397
93644
21947
49047
24707
28201
19464
22687
74670
47768
43538
34904
43833
99080
84616
26042
97543
68047
64699
61188
27174
12566
13209
10335
53613
23962
19400
56940
96819
56147
3746
90835
60313
89942
23435
17868
43560
52
10271
1513
87448
59520
97381
33575
37054
55121
71156
56301
22024
2328
53778
83112
93439
13721
35898
64898
33187
67941
31047
81922
18273
39276
39528
13378
96429
34740
85885
22787
94420
82007
33104
2298
6306
43006
25687
22450
34537
26554
18631
95074
66992
69156
55511
20353
50110
79845
59507
36679
59728
39027
92448
47977
88747
18450
53066
70095
17619
86349
62461
29597
90661
68555
50296
10805
77075
79586
30895
84282
26460
55505
79393
55522
95706
4378
57291
10408
10000
57577
13767
62945
42864
70483
89037
26460
38316
55952
75159
87960
70884
68808
11229
91580
10532
97509
99724
60064
75352
12962
4679
65855
42127
50610
44695
87022
42056
33937
55587
94236
57711
89916
40002
69001
24459
3152
71277
1512
49764
69064
75531
37502
52423
12546
49081
44325
23779
82673
45470
79811
20074
67057
20225
41496
51325
62467
77477
27266
74163
92539
40136
6886
34911
17079
71826
50700
31102
9699
50849
26086
90586
48522
65468
73113
87810
48628
26320
3051
7662
89567
18879
89731
26897
72472
36777
7553
21371
67809
70392
26132
39934
70373
854
95800
10978
27253
92425
38174
20388
18778
72881
98852
10014
74995
46180
30254
52354
9108
21102
95089
49998
47500
5310
94179
92819
22485
75388
58019
67549
2736
59799
83396
2683
40919
53155
9369
65537
62457
84147
45136
10462
67739
31590
79986
69843
43652
37286
2144
12226
62066
64641
9339
30355
32440
4951
74296
93904
89122
51443
98261
54716
71971
88663
72232
98576
19445
75516
86993
75225
58980
57555
57542
9547
21042
19682
88754
42113
24594
94302
7120
99960
10676
97012
31622
13951
36751
17651
34968
9468
38456
89590
37343
97734
50772
17718
68544
44350
37716
2184
21662
11914
9878
28824
15673
75921
28832
94748
39451
60108
98863
80185
16334
4629
77972
13586
54235
81822
57745
25800
8834
70999
76542
1385
5146
43706
22689
37326
38953
32712
4844
159
72578
93243
72681
55928
15531
28764
45591
57772
17711
60554
88526
94043
33317
35355
70177
91880
18130
60023
74512
60621
18404
471
25446
54116
32573
81749
34466
96036
69716
22760
10679
68480
47433
54661
73515
81598
32897
51437
40832
62305
92840
53971
33315
96804
67717
23141
36761
20581
13806
40436
4523
50378
82031
27663
38962
70646
21477
66081
65005
88381
78386
11577
32590
8062
5725
57751
89274
91659
45065
52986
76861
6570
86520
78949
23611
34749
4186
69700
9182
64004
96658
26796
14716
23554
61646
53510
62632
18140
4985
9587
36074
83558
36566
43609
8725
97191
16202
31922
85040
71091
93974
39044
82983
81489
70518
61546
23216
76434
39664
40772
73945
48248
78220
30116
74190
78108
73103
51174
2918
43379
14479
3728
27751
86642
54418
59873
19
93787
22747
93228
82602
48856
46238
80845
19333
65603
74807
50331
21677
5829
81782
37606
73140
23388
25058
77150
57025
73897
66855
48584
6344
74724
41833
81783
55935
99447
45947
53227
22722
31355
31738
68395
67383
71780
55973
64949
94041
34857
13140
81327
27359
77488
94380
46523
12074
42269
58387
6901
73710
6176
74661
39718
55634
60003
89065
74961
99053
62128
33277
60631
79953
20964
93223
12990
27876
54608
70419
52161
23589
51460
21527
14552
55753
93371
93031
4821
46897
52068
66266
34515
96739
97687
15566
59880
4780
41007
22982
77750
36318
76109
54397
13206
71443
67347
70610
5434
29883
3071
45025
36286
97203
96831
58399
35712
87254
49430
62389
46520
88582
17607
98427
77758
15209
62632
54772
50368
78808
32389
14518
29845
72727
50181
79698
47898
86215
84390
75160
88181
12231
23236
99509
83358
36005
62199
2227
40678
62966
91298
20516
66613
22209
90147
59786
72592
90073
36378
83405
58437
67945
93316
71790
67820
68439
17617
84615
53725
71009
19796
92355
16884
69079
12108
66619
22060
13417
81778
3650
4050
98478
31726
59127
51449
96813
75137
88962
49942
60154
79047
17985
77509
80329
97215
78339
84324
49313
83034
21567
54688
1190
69063
17291
922
44164
36005
13599
80792
41487
15057
54891
4193
86058
18540
29675
34227
25088
40831
21916
64389
6039
33166
31488
77170
5625
92576
67883
10573
4512
52635
73936
48613
77123
17739
56183
65336
90512
81118
62277
88709
346
61513
86731
69855
72645
99614
87839
76910
40878
91070
69144
92671
70394
81187
3260
48085
67589
69063
72409
55444
74892
7304
44725
64422
60154
58782
92843
84583
33209
94517
92976
69321
89689
1879
13102
25823
53055
59737
40901
90020
16392
14110
55199
60739
42294
44186
2024
80789
69362
83508
71836
44870
31544
78153
33074
5231
53273
19500
65974
97518
65092
56990
76898
1720
89351
79609
58584
42740
16733
78379
77221
40367
42468
19452
66579
48923
15725
71204
80911
20807
43294
22626
51703
28092
61725
21254
64039
50780
32558
74505
63639
45834
65901
42056
6591
40772
8268
88086
10130
11450
83859
36553
82486
83023
39288
75431
51426
11290
9442
77099
19981
72703
72881
66191
2262
62282
74564
40917
65883
67792
54119
47581
12739
46242
60242
74058
680
45161
56668
16810
94570
38088
44219
94139
67111
34593
24786
20325
53219
29746
9654
83175
30349
33501
19660
39443
67996
79028
4496
41921
30478
36837
70696
40416
67591
46380
95562
74235
74448
97293
83572
37397
60775
97236
97004
59658
73999
51926
49672
58956
8120
69208
4699
99289
33164
25157
30410
17899
55557
96400
91927
15534
14294
82732
7263
8536
51811
5580
65596
2870
82286
49384
89667
68206
4106
81169
64980
47933
2779
68819
97455
72304
68239
31946
50818
33836
6606
40856
10145
91920
15841
43330
43984
70374
53097
79437
23267
26263
15154
76188
65426
43894
50429
69382
27766
37146
19326
54806
58205
81132
68925
53726
5122
49690
21664
94960
24331
86944
94931
11320
72308
46920
2641
11576
90457
2808
92475
16962
79552
30399
95803
51649
95298
20188
96755
69820
52784
90123
92007
37269
77514
29093
31956
66363
42656
78058
8606
46156
11074
89504
11381
24286
25217
91164
96701
2467
86141
22988
98971
99333
17072
15845
96764
17021
67499
96514
22735
58326
37539
89248
4391
40462
30554
12474
12431
65629
3132
85496
11511
25003
77775
87457
55115
30513
76308
95800
56241
96406
56024
47357
97579
9522
15199
94188
220
90230
28820
52402
24276
26178
69455
84090
36931
1021
73738
49600
56131
90210
50417
47179
34046
18029
86518
75089
21115
44498
79470
55165
71453
66417
61106
71646
48279
91378
77681
8573
84714
94341
91778
61126
718
62872
38941
12150
25722
93945
45530
37528
67422
1608
75140
94255
18979
38712
31235
49996
78886
743
70490
76185
77824
25277
40393
45890
7124
80887
17410
88898
80609
70455
68277
43622
45377
19667
17582
56852
95824
66595
80868
39420
8762
21736
95659
94188
95876
90687
29946
10212
93352
98553
5726
30086
74294
15717
67225
51763
98092
4041
80322
54476
76668
70489
86127
58930
5931
31208
86960
12582
33169
45411
39314
81389
60560
62040
37181
69676
69798
45860
42045
3852
9267
57333
25237
36100
76157
79928
11613
74504
1829
33625
99059
34010
90312
2718
36161
80400
80669
51704
68191
84349
15603
99854
44918
24556
57134
35534
69260
98824
42407
77128
1842
3577
18395
5190
70408
86311
91813
43669
84987
73812
92164
92398
61796
60278
9045
1313
57010
92892
18102
90970
79192
86630
99781
8159
29897
86886
30629
5930
47439
13073
9032
87023
32102
43207
72718
98476
54607
46545
32322
28194
16616
50020
64743
4823
10756
23617
76191
2518
80412
1353
34086
24749
8831
31572
88435
34074
29178
64558
14880
75028
87965
291
81133
55288
34677
85011
68461
12057
35659
56261
39279
55388
21610
93346
23976
59149
23548
79551
86629
25563
85300
85046
83287
58862
14690
19745
97612
57417
93428
19753
68410
4478
2876
60967
67213
17024
62181
53724
28995
60205
31615
54579
5431
80143
92033
5358
34365
21485
74461
90505
11101
20505
81531
79379
18281
76485
31056
49697
69628
9404
85496
23445
68884
82886
12943
6275
8699
76973
71959
51905
35059
14653
62597
99818
80731
70653
74165
42022
71440
33281
8207
52893
90347
78364
9719
58256
89361
47662
22024
29113
73515
97661
20245
10722
56919
98755
20684
25069
96100
92400
39196
89862
83812
93303
71018
27224
25196
39236
84593
2908
5854
47858
52899
62423
83935
97737
3786
41384
20414
57301
45191
51005
53849
46032
87110
79088
56726
93490
87333
53498
32585
16868
23776
73505
71654
97079
57909
43495
14321
99032
84573
15083
29939
44020
91502
18298
48015
49591
61276
2151
15770
11662
89073
69027
63282
9839
28150
26312
33899
2598
48069
92428
83052
48
68816
3592
44207
96601
77820
31777
16164
47736
46116
7927
38202
19262
27892
89079
25345
67455
39362
81639
95488
51405
84265
26910
90879
31645
66314
51595
19391
40636
89544
24494
36283
89201
50029
80461
91883
64222
23352
12157
12756
5501
7900
92876
98853
58826
55382
61948
58363
83196
38482
55821
61096
34628
46805
87647
67910
8645
63326
74913
28690
82227
10005
43838
12548
67576
60452
15567
78325
97709
18433
82430
35851
59410
6774
39028
60560
99363
95205
68564
57721
94744
22130
77681
18949
51622
64574
22389
4120
58872
59669
12228
91619
67873
52931
75571
54173
44986
82916
60985
17304
17091
89640
42165
77935
44597
34623
29536
23325
87616
99028
60035
11673
29921
8064
19099
96277
41697
32127
67345
97426
35776
4584
67059
8721
91675
25855
90192
94817
12876
70831
93288
43627
53209
92814
87234
5721
28745
49438
39619
88663
6439
41825
20406
69381
81020
33321
51204
56630
27736
92523
61123
72121
95982
34081
13674
72658
69162
55362
49272
55019
51414
42550
23611
86928
51180
79236
93886
58791
26978
5840
96836
59699
36618
88016
43133
85766
14630
5667
36947
55838
62296
25774
55953
21535
93821
55438
61696
36810
3087
40371
31195
91525
4274
12805
35213
14146
37586
27144
58931
94953
98159
77145
5630
4118
157
68821
20062
24506
21560
27679
15207
18254
46991
49768
19084
25622
89262
13785
81870
10904
32345
38064
87024
76443
92763
10020
72229
10360
66956
50874
90338
45917
40453
58055
60713
60942
86153
33395
61496
40533
30094
31823
41971
39000
87577
88126
92933
6354
73946
10980
22852
66221
20493
73599
71352
37070
48341
91115
16444
9583
83218
55544
49078
82488
39763
89841
70158
32386
82914
95608
42658
28531
84953
31481
20647
79034
97956
59484
26703
17152
28517
4846
38441
46591
33401
12928
14715
77281
31812
38528
88849
21111
75712
8384
59036
58649
77048
98794
76052
83749
20461
2497
79702
4138
55392
82624
53480
86122
48800
69068
18540
81028
43943
45368
61299
70707
16720
76179
80206
62474
68356
28863
56409
19658
80640
21724
60368
26451
61372
69241
41022
83098
45329
37346
49730
5580
30831
38713
29785
92577
80248
55888
62611
54853
12796
68727
62047
59512
82503
61008
11951
58931
25996
18299
69398
48024
55493
17230
88323
83303
93465
83557
7351
67307
48569
43598
17990
37413
84491
88865
2994
95717
97078
64759
76372
40641
56982
52875
39884
278
43778
62271
40822
98956
3654
11367
87665
55703
31136
25167
69291
48901
73481
75697
61910
61720
76476
66365
31239
42308
35724
47253
47987
35922
84424
92725
31621
52196
120
16652
13093
17233
57273
62994
57694
66268
79164
56623
99918
59655
32830
38662
29850
52799
28136
34369
69696
77882
58661
39254
17184
19515
21778
56572
19607
47857
92921
44005
17653
9960
85063
77684
65782
21737
92830
71182
23487
52922
40304
94128
58120
32311
90462
68315
67451
3600
68271
90362
78358
29628
17066
35713
34984
22978
65204
65682
17777
22355
86182
5623
73688
53733
13785
48448
55034
79116
97172
7023
34677
46501
64676
26235
28546
38801
69728
2695
68262
95124
33788
82450
83130
77219
81699
31978
32606
65491
52868
56941
44044
85305
37930
93035
65537
22246
47002
46942
94854
83963
60457
3787
94164
99609
29842
52203
95814
15744
96390
25618
68824
24069
91731
86148
26151
83041
98418
9429
75707
41107
27432
16635
82926
38874
25624
43610
39349
4211
87316
38270
41760
94391
11570
59017
89490
9870
44672
25293
50175
45596
27885
43853
6211
37647
5381
91891
79229
61784
44268
82258
46394
20494
7561
32332
9146
96156
3391
49077
82031
29514
42557
1952
38660
88769
28568
18645
52019
1848
3668
28789
70840
37031
18978
41360
59680
51161
15569
25369
95788
39113
23456
47666
99432
48246
27155
63505
69880
88197
56073
73607
45264
86446
2806
83296
97516
3113
83180
37151
74677
1060
17509
60313
26608
20177
67121
78868
97092
40810
7173
21303
22838
51323
15192
67060
9272
18045
36393
97666
63603
24551
16003
44752
90153
57042
62043
64506
78369
39192
2705
81695
634
96494
91506
13731
10296
4476
49470
91703
57201
38279
62855
60946
6988
28280
20160
53308
4328
89127
3117
6000
6228
14126
98554
65114
50503
10500
39628
93152
20594
82188
60330
57949
71845
40625
52689
76469
40617
22195
72825
3814
64476
36764
7642
61682
40397
78865
47780
24151
81703
28468
27753
22006
85578
21155
59804
74136
79970
17922
12513
48907
74314
92431
28004
59395
2390
11957
3789
41173
55151
92781
32899
10674
48354
95922
98065
58779
6009
13218
81305
51375
65897
41152
53071
28310
34918
90026
316
9976
70630
74660
77083
97405
92921
58886
44504
60817
73025
69140
95130
946
15089
73410
9567
21718
41529
56718
898
1724
50133
56048
43909
33016
41049
96056
16321
3335
62686
22884
96486
44241
92197
16290
83314
98649
19479
18157
10885
99965
90411
32289
35624
87290
97245
87123
91838
70287
53995
29713
98479
63818
3947
15140
33998
41115
43252
93604
78312
34995
73388
8415
94239
83041
24593
58735
17791
46744
72710
58433
42137
96132
69381
82640
46560
90191
47679
89053
45832
10626
46848
82677
15123
79761
47083
39144
39981
39744
52741
5991
6017
85343
59094
48742
18258
34286
20872
50879
16950
82162
52683
59959
84937
41175
16673
27243
46725
65944
17804
90271
74224
46168
29060
13770
73477
13723
12343
66719
68310
76278
45336
92906
22785
72541
28324
59569
8418
19148
12148
22373
81713
3928
87392
55875
27852
68002
21776
81434
47575
69418
58041
43687
40572
72419
51860
59090
83351
1633
3454
86438
91320
59570
94021
88934
1303
67664
49651
95761
51697
93658
54815
75365
27991
26966
87544
44613
73574
75014
88574
95749
38091
19455
75395
73087
95269
76126
71892
71673
48755
91892
90173
5722
48917
82445
18598
51125
99769
54192
35416
24499
30288
19049
69395
91596
38572
82844
88838
95389
19665
71687
44641
60138
41961
50949
91157
37405
53785
46357
82667
46269
96119
21074
58799
70699
81788
53477
69232
67391
67340
90194
38864
32781
76527
90562
20086
29979
40991
57713
34129
16677
72382
92594
33093
51453
95941
63663
28748
83592
78204
64843
7256
80984
29469
42598
72400
32889
23225
6085
38118
19327
52248
83285
23925
28558
9512
74027
47811
94375
56929
24916
16469
44557
91033
68946
81475
71849
57728
38037
63902
2404
28545
6590
643
97316
47990
86935
67410
21777
41533
89562
14197
78239
16877
75767
12680
33089
67093
78043
82976
13411
93319
4632
74733
37225
55728
67633
99818
59051
62259
42485
59797
85444
6480
1637
73991
52890
25913
96301
61614
72484
32168
40856
12126
88466
29578
82938
51342
49742
39382
66872
54522
2021
62910
69854
70852
6220
90509
42128
33431
40761
37330
23345
29867
83445
69500
35006
35868
92542
91267
93848
72714
68339
62386
79283
10206
82155
91278
85558
87992
42941
49112
54058
13620
94491
17284
14654
11390
49201
88712
70904
51813
32852
72775
40795
84362
83947
88372
19542
69313
30531
18567
73919
91843
59195
89005
54596
82975
83713
93990
89689
67532
96969
57413
39020
71589
61670
61315
81593
35491
2076
32493
2767
45216
20431
61687
35032
75480
21612
56224
72610
52428
51883
22568
15153
61709
3796
39848
23807
57391
46767
6779
79678
94828
18685
26593
6978
4695
84649
71909
90651
93405
63873
26852
1764
39477
35052
59696
65079
1166
36023
89183
34765
68324
9196
39968
31793
57277
76924
4379
9370
69714
39450
95169
46955
81913
3030
72452
82970
15286
73518
14278
29335
91114
19585
57433
65129
28279
87286
41353
64104
36735
80613
59124
40337
13819
74033
47388
37108
79553
13981
75110
63147
24578
36186
33520
65626
26933
22409
78207
14348
51428
59160
55817
25249
10267
1749
83584
11597
12500
97478
73421
99253
18886
51491
98757
46677
62048
84574
30700
3374
86269
26109
40852
69211
19618
84851
508
33855
80762
5909
25119
83150
30370
82473
39050
36825
60774
35553
20163
26762
67019
80333
421
85059
40747
12306
94228
41857
21261
5761
51102
69927
87900
4157
12923
55509
45483
87672
46501
55848
86100
45461
40127
99952
28203
24683
78253
6587
75288
71873
21018
52866
29305
70739
23341
81524
59857
366
90131
82881
59598
68581
50037
83367
13734
48611
43986
27527
16952
98442
31432
20624
72191
72346
45548
60390
91202
5086
68628
83228
66219
61124
24422
16479
55564
59455
2966
59103
36403
49707
10583
36537
82856
91819
45983
81833
5914
91807
34352
44565
765
13475
22102
43660
27947
91088
76558
85125
34766
94046
42662
66821
11288
14470
44920
5494
12148
16591
42470
62595
78204
32487
76357
74868
5415
21785
35221
76125
62988
75732
32802
64331
62870
50761
73664
7251
71266
58647
44938
26899
16933
91205
4521
24808
88325
15880
30952
67497
95223
4345
49017
33120
44642
11759
88399
83781
69637
42230
73331
39151
54274
38232
35291
72299
59240
45762
75517
59094
54876
1880
88418
19671
75138
57521
44857
37793
234
40355
99752
65904
63296
74498
67688
66085
36311
6327
86241
70908
65183
74449
31913
5787
73608
27389
72500
7014
98596
70296
20793
39418
57877
94311
81336
39957
72278
26823
11929
62315
52314
24663
28528
91341
68259
21312
66863
75439
29703
85758
8780
29575
23136
64090
47269
74063
81749
81257
71824
40597
33935
43274
56556
53234
80866
69824
37501
31483
82693
31387
4672
20929
19779
84742
84410
25829
94197
44230
39416
64500
23885
74895
63173
70831
75568
15211
69943
67241
37393
13338
43584
45912
35795
20119
4204
92107
59536
21876
21830
50069
98556
82230
88121
80546
46257
53818
39079
88222
83821
34960
66967
69428
81876
26782
34323
40728
94893
72783
6414
92892
12966
45534
1194
50569
68284
49078
12942
38809
67908
83525
97620
39532
48098
22050
21061
80482
34030
55685
30783
48260
5282
29473
81267
69801
31929
53392
25927
85124
49381
74561
27923
79044
93052
93040
2985
36805
59511
52673
6045
70667
81514
46103
75136
41588
8187
15370
59892
30060
1780
14084
37589
34953
8682
82944
84979
53858
29304
72683
42582
5036
18945
84198
8881
50525
31749
92331
36084
8015
7165
91493
72719
87299
39265
3422
97536
37338
92288
76050
38250
52646
89581
57267
8994
85063
77600
96213
10421
88024
63380
86025
32888
63962
30615
41788
46204
95233
86673
97978
15600
1594
52281
59334
33141
99690
75410
19527
89665
88645
94525
33608
35106
95443
57903
57015
46995
25310
9925
45565
85121
64744
44412
2428
94898
80375
24745
22781
71478
17676
23385
11555
25250
30441
8555
23006
48373
11140
19441
32563
41634
12128
56235
61204
31411
72153
7171
99015
85416
67477
26506
88065
28328
49804
15089
87913
60672
94010
82029
17744
39453
20592
10073
57011
1737
65236
45307
83020
13613
50495
98894
30437
53236
70658
94321
85848
5799
10922
98439
42690
29611
41544
14423
11906
66927
25222
18103
65004
20083
13730
79635
16314
68295
76531
98272
91953
27291
81320
13592
14600
1791
45393
63768
90693
50451
69095
84260
61961
93410
66828
45806
19922
99087
5665
42733
94183
38242
52238
6475
38362
37314
29897
65996
65007
40633
30943
82702
85879
9045
48325
88800
14754
65272
34904
60121
52243
79951
91955
28897
92233
3740
26797
40561
15209
61518
45771
39201
52331
15732
49323
91525
26371
93097
44097
32384
54965
96941
72657
32197
33482
58199
68530
59105
81576
33202
36298
24602
85776
11101
11753
28079
48514
569
32794
84059
65038
39000
79988
7572
51166
17421
41391
96726
43450
65151
81971
62137
61550
57090
19786
81171
97181
87307
42666
84912
25355
65284
39629
22206
71771
91141
69754
15227
82533
88622
79477
79358
38882
41493
65759
56550
10511
93772
8358
75225
74142
74152
97795
37481
15230
29193
69354
75646
9663
27451
20841
36107
5428
77066
5084
99682
66538
99918
49721
20683
10797
8538
97420
92701
3530
46624
21774
62677
44931
98650
95255
92934
77488
6601
42313
67958
62282
53029
22522
76395
62539
40626
49260
10745
76525
25835
61985
14723
41769
58634
78769
76874
1286
97562
61211
12128
38060
72415
74405
64403
71873
74792
44839
732
42406
7146
26910
62871
22368
86131
26372
71189
59703
10624
73305
54109
39218
27579
28760
71607
47423
67749
47754
42389
65136
74313
64869
81242
3916
73383
40771
6640
94071
53300
5202
75881
37088
36947
87878
44548
18502
1620
58120
38469
38120
20158
38737
12861
16642
72988
4593
50279
481
58782
88998
39291
13922
86813
84415
75308
14214
94856
70712
68448
28086
40145
66417
35157
8828
25223
22107
34443
21891
25844
55027
18587
40285
94046
6637
82656
59807
48550
41076
94548
6956
70737
43484
13148
76269
60373
49616
98026
85036
21820
44316
77955
61366
78000
30640
83750
18196
98961
34428
29175
76504
38760
33070
75240
63179
7436
69178
58244
14639
54076
42959
92923
36430
58882
49636
83243
12199
52956
69725
6521
454
7439
47412
84875
73810
31713
34044
47947
26452
63559
64136
28294
8212
21593
19346
17130
21480
55279
12013
62554
25416
85647
79429
24771
14843
12590
89166
67696
96628
22292
77760
94176
80719
17957
28450
24309
87973
360
29637
82640
31159
98659
7796
61884
85944
74176
86982
84648
44145
68897
61351
14108
22200
21778
38357
87479
37735
18104
46128
78755
8125
21705
68749
86372
98292
83112
14441
44533
53394
97236
89091
97574
24637
56070
6451
10213
94525
36007
95
70784
72162
61613
99280
69355
43537
36833
78197
80059
97963
53955
15183
66523
18553
81925
70446
56036
25492
74845
55696
61213
885
1844
52685
36403
83964
30589
36746
64279
18461
9902
58234
27599
30457
26062
74579
49768
54744
89913
90582
34546
21317
97670
24620
88590
69132
78213
57131
75530
76690
5118
2228
84104
7384
37142
79494
3917
19183
82086
47824
98974
28423
87286
29589
7915
29063
36435
43408
91429
8572
15968
2614
31353
13589
72806
35326
40869
28423
17170
1768
94281
11264
19968
85652
90964
88871
87341
88277
51728
11288
85622
83940
677
85198
82166
62206
11294
13934
72869
50407
15268
89550
1780
65078
29080
61817
38937
73512
39773
13789
36517
99960
79206
36363
24308
24375
65300
78659
59994
7515
99094
74710
43060
18221
78493
28132
73271
56984
65985
31657
24381
21861
54041
1409
37714
79108
79998
46136
3961
24282
18456
3826
69334
12475
66506
52619
82758
80257
5618
62667
5819
8019
36271
30617
40491
73627
88705
67629
30860
12266
32220
71268
39818
60384
41787
46704
6636
14660
59612
25084
81361
53152
71387
51094
99395
44979
75483
48510
58641
37440
80251
25324
37381
99252
86195
59979
80376
68199
27424
22301
25892
31469
46711
53920
47605
87937
32637
79592
57727
81963
5330
24727
96331
69960
44756
59130
58810
65601
11013
69987
96666
60411
70344
43951
10986
12733
96924
34471
96960
34893
32799
75844
41608
32662
83619
28581
23364
97174
60448
20088
54593
17685
35355
86176
32761
77252
14294
90739
38603
73511
56232
22905
35066
79883
93125
89079
88473
5844
39909
40772
40698
61768
92413
54118
8293
91038
86931
37293
15428
60855
66365
65854
81724
98284
86091
39489
84457
13177
66276
21508
52396
69360
20400
75309
30479
80397
97840
30072
96141
46644
86929
63030
36699
38984
25042
30070
39750
87603
51177
59426
40429
43754
51224
92592
33901
20051
33386
44703
79667
90337
92021
27091
66854
50077
74759
27967
27843
95277
36607
77416
56308
43950
19669
49650
6380
72027
51134
4068
78464
38366
55114
68483
75142
48486
97798
48347
40085
16694
37900
13754
84044
37896
5037
3254
48218
20320
40925
16246
30814
54762
89148
90863
76138
98751
71055
99931
60514
28819
83231
60166
35377
55556
40429
88018
47243
96272
11021
69303
20979
77776
2732
37593
89974
40459
90515
33524
62252
56027
14534
36665
31979
35499
29989
65547
52268
67967
61963
24330
36903
21783
88191
99236
57473
55443
23350
66731
32563
97847
78586
13183
99127
38626
92994
42468
40896
6769
21016
90599
48024
75115
44437
54816
69280
60944
36102
33244
50650
43332
50198
5641
16142
57514
39960
12055
24270
42312
72332
58057
94157
80622
7584
94875
94525
50734
59077
62747
26303
23768
3756
53094
26734
19142
17932
72934
78826
72293
19980
74024
91297
68544
61772
90310
31834
28799
93849
14980
40586
31169
60638
61514
74478
74327
79492
70843
43068
71089
93827
47458
75815
73141
79458
79272
35775
82043
67961
33050
85425
13955
53859
23258
63750
24436
48053
72106
98754
94891
57759
17001
42045
5317
64308
88227
69279
2862
5837
7552
44603
54923
94619
34732
6272
11693
97131
47593
11789
58841
67394
6934
57187
40101
76146
17699
4705
51026
50701
37632
48403
15535
71889
24789
85490
5733
15092
49057
93918
7721
73733
77594
84853
27432
77074
12027
76812
32111
6313
62715
80084
54556
32838
66400
75419
63228
36327
94238
65394
98018
51012
20893
67929
18380
3207
96318
55765
22854
8290
83844
52855
54747
8342
80578
49930
83613
16590
19919
94622
25726
42099
65257
53816
70699
32043
92681
48374
88810
40500
96242
46640
58788
85343
21833
41824
19691
40294
17471
58759
32181
15733
35919
5941
73968
66888
83623
14938
37962
16665
2767
77946
6684
74102
76289
25018
36721
5891
51561
29322
23695
61649
9791
62480
4224
13690
28248
48445
10305
58347
12186
24430
99528
68806
6005
16102
6745
51246
79008
12065
78802
84940
13548
30711
54895
83611
66924
78293
81975
22235
40269
45342
57256
40867
38278
30611
15329
50674
15413
99892
41113
38378
85574
20740
11078
95586
12133
60865
73342
85401
39237
98995
68913
78543
7834
75256
46003
71476
60371
25233
31868
45145
76304
95028
464
31903
26060
56016
87066
29539
10465
23008
81579
99387
12005
2077
71364
15206
93937
14789
84211
12899
94118
95358
13860
40028
75873
58733
29230
44966
7276
22842
55785
63510
92021
21099
66767
52872
81517
89295
52993
18735
56577
49222
710
64696
37563
70749
50758
53943
99017
2693
45552
1317
65772
37114
33636
33515
43747
89039
23380
7644
71508
49655
84517
4794
85005
45924
2861
59967
95604
12874
90512
84125
18040
22460
21142
3914
83305
66785
19670
22745
61762
94162
77614
69610
57785
33834
21370
94602
37650
54850
48892
27931
67121
1737
60475
73504
14125
41956
62183
5534
87979
91255
22530
48689
82740
33345
69631
12257
21853
56257
42660
67634
84271
95834
82926
14682
60267
60458
94196
58371
32548
19490
42151
28564
33393
57951
73614
56354
82813
68340
18671
50543
74392
21925
60139
71479
29665
2738
86888
44718
69121
97995
56110
59754
31991
96680
46261
63733
98104
22079
70392
16381
53260
6569
97667
62191
99497
79324
19410
18393
39153
31429
32742
60778
23099
89036
36898
59267
77369
79745
60877
96759
1924
90040
62042
89908
70688
40542
22578
79966
1051
84230
15737
72578
39217
84994
44076
4596
76082
13738
12858
42098
40374
23897
68646
65194
45178
56184
24925
48498
46333
63688
9812
71586
92410
99638
49262
52803
92629
71066
89765
55491
6671
80691
85641
83142
84870
78628
49199
40639
20893
7923
34200
16499
3095
30916
59278
65605
641
95462
27381
73484
97002
61585
81027
5946
22138
49841
31685
80031
54668
57627
62186
42810
47198
88335
3059
34793
2042
84283
58348
30903
3885
2359
28031
38647
24399
68203
91148
2264
64920
62887
42621
5046
86693
48553
45119
62915
64111
40951
85057
98594
73786
86140
53172
70070
19427
7558
61845
3104
31046
68005
67408
6568
68248
81893
92346
23520
15327
56928
3880
99190
92418
97141
11414
27306
40958
34458
18143
30676
89527
70831
24276
79405
93119
15846
10311
13446
74762
90311
25262
2322
78690
22288
59771
42236
84073
37167
42898
22620
40920
29057
57647
4757
98398
43858
7450
77374
35149
33220
55532
52127
91004
30303
50682
744
39840
94976
15673
89585
79648
89431
81392
31277
64389
91476
28813
22936
76772
90763
76944
18985
13644
89436
86562
75302
75782
78794
60201
68195
70413
28212
90788
24750
51237
68154
73505
92037
18516
86729
16016
17284
35456
97914
69514
98462
76115
32493
86204
13489
15777
54283
69804
96136
64576
58389
13465
66890
6174
28328
60021
59714
13597
11216
68479
76785
14528
99232
36568
45344
56574
55929
82489
23939
61144
64519
36343
29778
50586
51670
16132
26038
22998
48805
14142
6359
96790
33545
23718
1749
17527
41429
77409
27877
30600
96481
60764
11316
91453
22330
29809
58068
16133
47665
26667
85519
98135
24574
75998
16760
52853
32169
11593
76531
88798
23790
88272
85501
14164
96523
27427
41699
60870
54354
68691
21394
70472
92895
83685
74522
7423
6899
73290
22940
98386
45825
67353
71500
28134
26443
67992
32782
52572
12378
7566
99554
42103
71719
27993
41617
15808
79585
71461
66052
73454
72265
30320
46865
17985
85917
7435
94802
99730
10777
58425
68896
50611
32012
67000
23535
10803
53370
80776
83918
61359
12218
43263
85622
97327
10247
4361
63501
11550
26012
32271
14286
58251
13704
49362
97292
57952
42733
93722
97065
6842
1355
22457
96188
13782
51115
77191
65382
88860
18258
22874
13995
24189
57513
97994
85511
48518
32118
58713
72995
13764
63867
22615
9084
61703
12115
65771
13504
1404
28365
41040
32626
83356
34210
18361
13665
52624
64110
49517
49605
71568
9484
59851
33094
65055
25711
10240
47701
62562
84206
41291
37970
18846
41650
45756
38895
47271
88531
39640
65055
2499
1742
97461
83394
61779
41163
60452
52190
26591
97176
55840
24153
95856
72716
81140
20408
38624
40985
48024
76209
89391
48326
68939
34996
23578
99531
58088
41885
10477
51180
28839
48023
65439
55405
25623
18200
18732
56440
51054
53696
89832
36439
50535
87371
74445
73850
81351
22186
92752
92196
5619
99369
73745
16656
88929
42109
96794
38736
76631
57978
14472
9365
16783
71440
38500
82584
12917
31376
67749
6252
62172
88888
77494
26530
37308
73817
76212
24148
95898
86312
80937
21739
80378
15851
56031
44639
75961
74300
97144
62685
1718
87480
98596
22222
65623
77388
41947
5230
54660
67427
45527
49923
22530
84230
10202
43008
72930
7349
35982
16726
93308
85689
89353
5261
16176
42742
60842
2655
50685
91974
82606
39935
90597
7302
48372
80929
23193
12046
91924
89817
98717
61779
71943
26579
45261
21778
94342
7280
49077
98164
31716
52503
61472
16879
63538
64817
71681
75862
60968
6280
61290
82891
60915
18129
73632
18675
23714
29746
34537
17821
59579
48782
45374
21402
46935
90898
69794
42866
4772
86337
4072
53355
37665
72319
7457
50734
57874
79561
6936
37123
4072
94212
32914
74034
8330
12220
86378
99872
24592
25974
53360
59557
56770
41057
20933
13777
42698
60076
73848
18141
79869
57735
13725
885
13343
83343
65021
47708
53276
311
63725
46981
83719
82415
26983
80353
10236
16904
16829
78978
57449
53742
24305
36550
74593
33808
52773
36180
2594
59797
87144
36907
98147
10899
53156
66987
6689
17179
81345
11257
85149
28408
79265
69197
92535
3178
90403
49481
85630
44069
32454
77898
34619
1700
28738
95680
50647
30571
61934
56623
19401
37829
84231
70691
27919
99506
19264
20864
14411
27408
44018
87778
64119
118
67447
93320
44120
98539
78936
31895
29016
71767
55026
6592
41341
31119
20429
37733
71992
18014
12654
91476
71311
33801
85425
279
41732
40881
98001
24157
66085
90746
89075
1591
42919
53614
47921
81328
89819
52184
29335
73075
74910
5747
31170
92931
13355
45026
29051
80849
793
2359
87378
7450
25767
43526
40883
21445
90742
63056
82990
29841
33165
2499
41570
75603
83716
7365
75894
1916
54511
80943
73829
46376
52199
54790
15751
5439
89878
25681
50028
39208
50635
1222
55849
91941
29224
59829
42045
49580
30465
68914
58175
24378
12101
19651
29085
58149
40607
14645
96481
91447
53763
37520
20018
14605
83826
65829
19258
18173
97184
6975
17170
74794
79982
74765
19975
8788
26479
76204
33054
23685
35942
81007
58857
8042
1181
42673
63038
82708
73546
74136
64754
21854
48108
39151
91588
11210
13064
8988
2975
69901
16132
54898
52376
75505
69730
49165
18738
80713
70479
43876
13108
72014
96887
76102
46250
99034
43077
2916
17280
86930
6740
66247
21768
72722
23149
62657
8348
60701
48555
61162
45132
567
86684
83760
75154
95032
35589
17074
49088
26999
56360
69416
84242
95838
78979
30110
14404
70069
91942
91550
76059
55855
18179
29202
26090
49244
99562
70015
80693
2391
51766
56859
68195
14252
15223
43230
37186
12515
78895
3613
73353
99544
78465
2903
47907
94247
97633
86428
70190
48424
63314
16254
80429
53552
67684
53617
49449
93236
62557
44958
50823
63940
78479
26648
376
76629
57676
13393
48084
33185
87013
78376
59300
93498
78192
14473
74747
99939
64831
350
74213
89090
11085
30130
26084
6484
97463
45976
86143
46995
33030
49317
51779
35489
24805
50117
2612
17328
42827
17650
91160
523
91787
30164
68287
49154
83109
74909
52637
12568
74948
80579
83096
7323
69478
23383
93275
3121
17464
33063
78995
18109
48767
60235
24219
67761
11353
23455
69899
87962
79841
77292
93417
35379
32734
71028
13959
29871
26704
65430
98242
38046
97935
52922
5955
61850
18228
95130
14450
87121
97716
1290
26300
24685
44677
64826
63438
92766
87804
59654
26301
17856
56165
42238
8094
22265
96383
62341
98413
71947
82431
58904
55716
19616
59495
81073
11762
66518
99003
42898
10038
49283
32325
66274
38329
50275
65252
98669
89121
18676
12546
45403
52392
60737
75357
57095
7497
27739
55343
54956
70775
71547
93098
20548
1047
11360
61158
69975
9646
57528
58994
43569
28059
8223
79781
62411
15447
77140
82897
58504
71083
84759
42024
36963
2063
94237
83034
1491
24880
18344
11305
54440
36739
14959
22074
24814
60722
23374
7446
85098
64500
82613
91055
7507
31023
24696
64521
49410
46212
78032
92526
84748
49266
40344
36147
99878
85087
70064
88170
12184
55004
6707
22218
58361
33749
65424
63952
81498
63283
49740
42624
72663
37520
37614
53907
86441
60048
13999
44445
59614
60123
46927
40839
5928
5135
764
57416
35731
68415
84625
75502
10299
98072
7391
10912
17238
8399
43498
19279
8539
67537
29624
72722
25626
35309
50164
39818
17488
58217
82610
4420
56652
96299
55499
95746
26735
81671
73774
69703
64086
20294
74195
90775
49142
16011
18403
6732
20481
37458
78582
26404
14493
86618
57214
4035
99310
8129
3627
38847
9306
64158
33169
29896
48963
878
33384
6112
82174
58483
29127
17461
31269
33944
28264
92382
18108
75048
6211
85300
12755
75658
59802
23389
121
97915
84134
95192
89803
58863
90082
61288
79346
77572
81451
97477
70875
30151
89871
30062
42595
29016
77923
62939
37444
38875
53435
70735
38097
63226
45062
71285
23960
18608
25543
34592
68472
89276
76271
74363
36632
98076
96469
88101
68437
83040
11069
12856
41559
42206
33091
95833
3694
88708
22185
66964
93945
81793
80324
81685
85927
46847
98635
37117
12931
79894
29745
48409
57504
86207
18518
42495
95362
89551
88716
56291
74013
7581
17573
71547
2249
71757
67333
44812
59138
97331
72913
42560
2171
42795
17958
61195
74018
30756
53806
95764
22618
16425
88492
44036
33781
9171
5243
30805
33979
16185
48597
23130
44335
5089
22717
51978
67462
34974
73896
639
88055
78861
57014
4290
32305
19974
3844
74354
20117
47978
99073
44746
81301
25764
68296
65076
10914
77052
73082
25788
92359
18320
1130
22422
58056
3250
37162
2638
12222
29104
30335
59248
98415
28384
95905
96653
24184
11351
59260
37056
39042
2677
74947
64069
14735
75142
98677
5915
34550
39053
89273
86081
16309
82645
15165
92751
4173
93259
33305
26952
38099
92864
56401
54900
7715
135
10472
78063
49584
88023
17319
90579
20066
2978
32115
95462
49826
6726
2881
13819
51288
7555
54345
54363
5620
82800
12793
40357
81568
84854
61067
83447
63969
30670
9905
74608
38367
53138
14020
51402
21738
25009
50455
81215
40986
69445
6845
30826
4572
70349
35484
71774
97061
37699
18245
5871
36224
53689
10330
43178
46383
11269
81418
21061
77458
6589
39518
71798
68202
56898
8702
48406
61550
2527
329
52929
35719
6342
26958
2306
10749
96980
14844
83209
92121
86305
40021
49096
10845
86118
35193
59418
9719
95312
21687
81405
84807
46204
96996
95672
54568
93363
12006
24907
57619
56298
72881
20607
12806
10482
47058
60977
47825
5571
6044
81184
4298
753
64020
97734
64239
37134
17936
43988
85230
44155
20647
80308
73155
93877
25325
15867
16258
3108
32844
3256
34859
18289
95609
18964
17665
29461
6243
40501
35139
64324
44942
90033
69376
56227
83043
56054
23853
8198
68104
76156
18555
20854
17928
15540
11197
11217
28866
77937
79034
74701
92112
44754
56090
75226
54324
43114
44093
26657
9142
26298
59184
97288
86296
73136
81226
92357
77076
90969
86338
41339
6742
51818
47722
94104
93603
27614
83033
76235
65285
30072
78796
52473
56118
28792
37661
28376
33605
52366
23667
25171
42758
51591
61765
91859
59159
54784
65217
27818
56539
43560
50000
43561
14658
57626
68785
11059
99079
90214
1506
12587
55577
73503
95734
10648
72322
75579
59853
47745
57768
23011
48006
1802
20206
91130
88122
57650
97494
5718
99363
235
51654
34598
84643
35391
74050
12147
74511
29548
57557
92718
62274
76464
55737
97829
89162
35845
17593
71472
36305
27027
82618
43364
63256
90817
55615
94795
52902
24629
38784
37823
72391
39283
16316
49192
22091
43665
2006
59157
18806
13364
99700
30909
53308
52232
40218
20807
96034
39583
37012
31866
15471
70564
26610
84036
63172
37458
96002
68923
67314
48336
99231
67145
7374
6739
24291
31077
19507
35313
65586
34834
21857
50057
90919
47679
31705
21229
900
65751
15808
52675
15008
15758
16880
25753
32155
50291
47235
21615
62404
40691
24024
32704
49610
46120
39922
62318
52449
41694
35842
46989
96435
14490
83016
99832
89387
24876
27451
36400
96160
63602
35996
35405
7104
43411
51159
30375
67684
17588
15144
11569
1956
40088
70325
10267
86406
31635
27803
83038
3679
16486
41989
11914
75243
75601
89751
95940
49801
92534
70532
77046
19624
31325
423
79447
59484
75936
4421
67595
1566
29369
93219
50548
95854
95474
77596
67002
98380
62025
74214
59814
25028
92045
87504
52775
11436
40399
42768
24900
56216
70055
68305
28590
13702
55259
74075
40417
45952
86725
6674
68856
22374
49732
32909
11710
31320
89549
49023
34590
49182
45008
16593
81822
72636
88188
15022
1338
832
27382
91938
68379
78173
70034
20436
41793
96187
82241
1707
72950
32774
31005
51094
34750
54622
86805
43278
52171
19161
68411
76716
90327
63060
46791
3019
54423
74349
44312
49631
62985
250
50968
11975
99605
74101
90436
97544
32014
15846
44243
96604
25642
45814
53450
28223
1148
15956
57020
58429
72384
97217
42094
72580
37565
1915
41945
82885
88901
93004
86427
6611
19565
90260
13154
66495
59780
17778
29090
37242
10258
41012
19315
24738
27327
19849
76356
58686
51423
39574
82090
84714
32645
61858
86210
9598
15118
98706
22087
17046
87716
5172
44550
76703
60507
6245
3904
94782
55299
28798
62875
2224
39881
85450
44801
19279
22512
541
50670
7583
12200
6740
9823
39963
41808
69834
57226
23797
5931
57916
20082
13156
94316
23700
37998
6747
96444
76378
54545
61223
38232
32824
45377
86375
33695
83248
52510
34564
18565
37601
19283
98645
37247
75229
95166
10186
77916
52050
767
61915
94513
71267
76367
16789
46730
17401
18389
50358
90510
84591
33868
66340
47900
93535
81118
79839
80211
46943
67482
49390
15503
87971
30993
78531
14393
73796
82367
84995
21902
60730
43124
51754
987
72466
76343
25966
62321
33424
60717
65901
49118
58060
42551
56195
97592
22416
67009
35680
88920
17144
50473
84660
96599
559
54615
44276
77887
93110
6877
46317
27045
53907
41133
12087
28899
23143
97684
55024
97599
76651
21723
25991
48075
79586
25846
42874
63448
42197
32779
40382
15330
63850
3198
85914
76763
77871
48116
33278
99526
15084
50521
63333
60284
71796
85618
80984
39564
67155
62148
69098
36719
89858
76810
90731
77940
42603
65880
61131
87003
59641
53714
23583
42243
5281
55901
88043
90815
28804
14504
15815
93851
7959
50809
95798
78597
38148
6490
55599
7421
65959
19526
52017
70763
79267
8034
6889
31852
63967
10320
23200
31256
13370
21736
18005
78074
49082
28835
92750
90496
51374
83546
65068
36258
14381
15929
18526
45111
31351
99121
45211
72390
97795
22987
60584
91257
5955
72166
25765
37351
5261
50640
50942
35735
41067
61745
81622
94011
50080
38659
19713
21218
66837
32994
29719
94733
13572
6739
90854
54681
72284
78126
56808
36644
86253
92212
32074
54815
69926
74953
43777
66789
3333
54478
69287
94198
94972
73985
50857
13172
80346
95432
64692
98261
41685
94816
74138
85615
63004
51820
60804
66812
24293
31852
92895
36577
25515
30361
81451
89640
2063
25640
6903
90581
86598
28656
49944
31644
85916
11802
91999
59277
45982
90503
62854
33078
54736
3468
29690
38969
24890
99118
42359
95371
26985
20677
71770
98847
64493
87951
86135
80237
34054
38153
18619
66528
62945
1339
99272
84780
83863
21549
20544
19906
48963
2808
15247
25036
171
5944
79514
51008
16965
8781
12815
82955
61678
37241
92914
75121
76929
41583
14615
52092
32702
8532
93119
42814
13055
35996
18327
22732
9394
65746
544
21262
10711
81547
8839
41359
22964
15088
58612
4870
75872
18353
10010
45947
12549
95370
3774
64585
57271
92682
56501
95819
17394
67838
57149
55878
80438
13330
35396
44224
65174
45010
75333
88182
15502
23746
61724
84266
94741
95417
73461
27948
36238
72220
20590
11072
48524
97874
50666
83347
74624
92155
90863
85682
97250
25995
9331
66632
5326
5324
29202
75169
61634
48439
43789
52683
20539
3801
74552
12179
37079
7666
63130
59483
97286
43369
12044
13420
68813
3553
27149
11707
9880
98254
76115
63498
16862
93990
20070
72028
87771
46943
70524
34596
17426
66199
23638
15156
74257
19400
93858
59790
56685
45907
52306
93469
93119
82491
14103
12798
85683
12098
39279
470
87867
24445
85991
92649
32499
69662
46407
12104
83908
45969
54888
39209
95795
14966
30174
14406
89664
43646
71454
95772
25900
79234
89264
51611
21572
56108
37063
60406
47375
62463
75156
77909
93539
51257
71473
48072
51969
43433
81002
21944
88258
97567
60350
92083
95722
17906
13417
99813
25406
15295
36246
53793
35478
70353
93018
87375
17762
61950
37310
36282
32910
21800
65694
1300
24726
23752
47601
93603
37328
600
79460
99547
73202
57161
17936
26888
42039
19714
70876
88066
98882
78517
9277
35696
59216
66814
39606
2247
84132
75757
46875
20651
63471
27945
83692
45872
38509
83731
43325
15322
34517
25184
19796
75998
21235
12978
77775
64171
90927
96880
26197
14413
20987
75288
32233
69757
69072
2283
39377
98655
98503
8588
82898
66778
6001
39521
37657
58870
43712
29556
94446
9835
15192
21678
47208
17385
81
9557
27117
156
6081
7559
26872
49724
37742
43941
46072
22581
8151
67646
31315
69355
23048
43628
79630
22994
49351
84590
48624
69353
49676
12028
25791
46250
50283
76335
12648
58710
9908
43723
32530
71307
33322
62033
47283
6674
31705
27399
25330
25161
42447
55170
99586
84246
17403
25776
79508
17177
89150
46405
56867
83013
34221
69674
57914
15451
60387
85098
58484
48315
11636
39843
75319
34665
62597
1643
23263
21191
91962
25282
46612
28562
19322
91805
17186
86348
33965
10190
31846
14214
75765
49594
25032
30463
69744
37605
4593
76023
78143
79268
93983
87881
64070
82279
60477
3045
46353
96408
7627
28854
55116
182
25555
71722
6547
93307
41902
44287
74034
12179
28586
89441
6123
99202
62285
60687
21419
9155
34297
9706
56234
66401
61822
9030
20795
22103
53485
25935
92300
95443
95959
22277
19373
963
25948
54210
72858
67862
6192
73551
887
67225
24540
17580
59087
5472
44992
63864
79148
65299
13802
49811
95587
87600
19869
913
41710
19512
66689
59219
86197
75450
61104
72458
16039
34169
11273
83572
9146
68109
89664
34319
24559
24310
46151
48178
53719
63976
72496
26525
53853
85955
74903
51848
93766
79896
72820
88017
77106
19571
73016
76255
44604
86377
44380
27475
54167
48221
35408
87614
93266
89906
61601
66586
44850
95604
40555
69716
12399
4115
50876
90833
86042
89889
94251
95116
21072
20332
29039
51037
10810
21977
28990
86209
33284
34155
34224
21154
4823
25176
10598
25020
76508
51708
66572
5368
97304
81611
19197
979
8712
18601
31109
89370
36489
8339
81693
25025
87114
17351
63171
77285
10991
32694
48462
55152
91026
62422
73940
75
2828
67577
61371
20067
18400
2912
57315
50032
75732
1648
97217
32975
62781
78100
60132
15450
64324
53855
32955
28403
45109
62945
28124
25104
68900
26546
54030
74624
1997
80258
94444
89566
3723
27295
90425
18916
55571
6017
47567
76711
34115
35383
54273
4309
16164
48475
20388
95194
66392
71529
89679
98905
72590
1312
76075
87988
63485
94565
15353
43129
67119
85355
41304
92476
20518
23971
56066
6082
88124
80040
85986
14042
99
81078
88622
52034
4395
68482
77711
11572
31623
36921
71003
58451
1335
38010
71887
50961
62903
27016
78145
43939
97986
63955
24053
12106
92881
32164
91114
73263
24673
35627
60243
75657
34142
7033
116
22034
871
58375
55063
71450
41467
96663
78534
9501
47645
88559
2635
63299
62535
45302
77068
76631
27684
68835
86706
45761
42497
81676
74660
62651
26913
5607
10747
65553
99127
11338
27856
15669
17430
85824
71653
72385
88986
50008
15394
14033
17064
10540
86840
78765
41380
73020
85926
12909
72741
29023
47080
3913
27302
32995
57983
52812
6667
29
94055
17269
4069
74360
49566
30144
59040
78016
50995
21299
24728
74431
83948
26276
22103
76108
98937
83287
87225
22278
20572
59206
7372
36369
40171
87602
23058
23222
66812
61313
48572
64143
50239
46653
18513
81153
99449
64596
93375
12189
98389
94474
33777
76063
15833
14758
49473
12276
14213
33642
54463
83906
23245
53443
36855
39685
52092
74187
73035
38603
42255
61524
84397
6946
76299
6840
80746
26009
73922
45904
2883
15849
51988
5649
50046
87625
96501
96921
22739
410
97531
43728
13761
84672
11184
83401
1797
48539
28317
3092
43266
96127
12022
65902
58861
47987
79592
5687
90702
29104
76594
95811
96475
74640
91885
51559
42338
72938
99660
95126
98542
41843
10114
67620
84328
70552
86967
5735
40493
84898
8578
47981
65913
8256
8189
77758
67442
1584
789
79184
64980
60969
71839
34672
34612
7451
43587
65354
8203
60225
44876
78399
6548
48927
42324
90941
72366
32552
70641
45609
27413
36996
36962
28419
23815
320
17881
96878
8732
55787
36903
13178
91999
16171
24417
85281
85758
70062
18459
65559
32200
15211
34256
38991
52576
77558
40148
86186
1075
365
92386
4560
2288
66009
35602
8257
12976
80061
4821
30390
95654
48507
87656
52058
76637
78526
23530
89922
98110
80948
2969
63197
7270
17930
50872
91373
13915
83865
80505
37045
28765
12730
5625
6190
46540
83464
54855
49271
31432
10084
59486
18962
97392
271
36006
13707
27300
69917
53618
29222
30216
81442
71754
44713
71769
41355
98100
13561
70129
53949
13044
43200
60664
35172
97214
4103
28406
10273
3807
67615
3257
76093
6424
47982
7561
65967
23800
41254
11140
18428
35623
21768
67378
41082
80559
92454
72031
34393
29423
38924
10664
41761
20204
6338
47491
58410
11535
24607
48548
84997
22034
87633
62688
29623
41590
33555
59856
69476
16229
70214
13882
18939
80342
43095
62421
83507
82242
63379
43413
13697
35453
74407
31488
68394
42569
33659
4449
78712
71732
83608
18114
31412
98515
937
6333
92806
18431
20423
90816
16882
53657
45894
87931
73071
28828
97280
64244
86900
85050
51718
81416
29574
29474
44497
84751
34293
37275
47649
31395
49210
83702
65853
30588
54943
69615
95958
13606
21230
51482
38346
41899
64392
77134
18387
68595
2012
477
59167
79428
65176
14
53895
14467
8843
13554
55717
21611
60970
93981
43423
3385
21931
12225
67621
75672
68465
90894
31900
90067
23549
45354
1646
33077
42302
26702
6087
46611
33682
594
63010
96578
43696
16918
89559
91682
55672
78507
16237
40030
63586
78680
39992
22623
84175
99911
31940
4621
73270
17697
4502
53934
50037
80603
61549
78253
9713
55310
32225
89747
66692
22696
89863
50764
44731
77539
75208
199
57124
66825
14099
32995
54126
90013
92745
57591
95016
42186
98141
21587
83275
41286
11325
11853
26744
98713
13625
7614
13521
53560
80339
53571
42855
98339
16635
94107
76340
55141
301
20580
10813
57964
42929
38415
91201
46970
41383
89916
75146
36204
3017
97385
1735
40866
65341
12901
24931
21461
70994
47981
51245
26431
66443
74176
51802
63744
8767
14007
61868
45219
22860
8735
74958
65542
68986
60199
59258
94722
23227
72200
46888
30003
86230
11875
79022
95157
53337
36363
13575
82620
37024
16021
28065
3624
75804
50056
43551
51482
6906
23763
9461
48581
99707
39326
96798
60057
78263
7216
95229
42613
90984
55634
69436
94617
8103
39594
45967
67161
5130
57722
56187
23661
77780
76709
65661
49619
92433
51665
20740
11121
78810
35986
44087
41186
25192
25098
1306
88164
93922
39831
71005
46303
61621
93742
53922
39337
63664
71118
46837
87648
56798
4313
65516
5622
78243
57751
39672
2849
49556
26277
14025
13622
3260
77670
85444
81428
10591
21877
67455
61309
4687
16376
83204
67019
28890
27117
55356
12777
94586
31414
29980
86897
44788
53474
4091
58038
34184
68871
84819
25563
55681
97673
68372
19455
43660
48959
92438
75022
10911
58443
65967
64875
23219
43446
60399
20108
29479
6334
30533
15424
53538
42986
58219
97429
88398
44082
24332
86774
13386
66206
67451
46606
63278
91473
30642
19193
52073
79849
33614
23537
14251
57523
73756
5937
71395
85129
19059
77584
69694
2756
68260
69743
56888
80421
61870
95111
26561
10463
17983
18843
74152
77113
93931
56088
60540
12599
74600
34390
60150
87895
73102
92356
26242
60102
93639
7438
60219
60226
1654
14333
94927
83245
80333
47304
79602
13350
77977
80849
66050
34120
74312
85571
79574
72272
37978
46382
15763
73887
367
37948
72709
33121
58192
41159
83616
62053
61110
94814
50203
27175
63434
97349
48817
95294
64987
8390
61558
29945
54745
40465
71363
55178
20798
60037
62663
128
40804
42751
65673
36584
55914
35446
61
38299
46015
24613
62944
89227
7578
1859
44019
72038
71998
81007
98427
12026
85918
80699
852
17853
12366
120
97517
99917
13282
71899
75877
50375
30117
85396
66719
31567
25554
33999
68831
76457
15599
60862
71225
6978
47542
58146
47895
7727
49862
7664
92250
16984
25339
46183
25470
12474
830
85092
3606
49222
31006
50575
13249
73096
70610
86611
1123
41566
57048
40910
55030
34924
62405
14513
63105
51408
16673
56108
15257
20175
51226
82794
49523
89126
1834
23270
69137
15611
60935
54429
8765
80943
33388
22534
63865
35599
92369
10891
84174
90465
10481
2764
42742
78655
51205
17196
47778
78801
33103
50423
39943
88850
91091
48142
9064
37664
7035
45030
65914
9637
53014
85869
14990
74703
76012
25431
28197
87176
63918
81305
82099
40608
94160
44194
40994
45868
51592
93869
59334
19125
48252
65163
56764
63025
49814
76637
63365
14622
34919
47306
86050
23866
67477
84529
96251
55558
34794
84820
75836
11383
31827
19105
20795
17255
27917
11120
58727
51659
25164
40705
7070
52728
36471
74174
75757
82023
47725
38129
10658
99934
31896
16506
7362
10975
43411
30196
45721
91750
33537
34371
37153
40149
51572
36137
31252
42094
87670
56583
68328
72559
29911
99243
50387
71181
45879
21423
78258
35985
21593
61155
92902
93494
17909
37127
73755
92189
61846
57983
62475
78974
53643
21674
48791
97848
9849
92751
99434
13569
83432
24605
3334
29536
17443
87775
10487
78778
14318
60688
51388
25716
82737
62782
9023
94883
12012
60778
95368
14827
42532
68996
43222
69809
38233
72699
88857
41157
29399
37544
52442
17505
83523
49837
67133
11070
76679
36659
6344
86457
75993
97784
90202
39569
2861
10074
31950
12785
22230
8072
65225
4437
81756
31561
81418
62218
90909
26183
41883
71769
13088
27659
1456
29084
69091
4690
92622
79195
463
13553
60391
23624
11038
10408
41910
47373
13301
11533
94533
89279
81676
34455
43054
22908
88926
40226
41352
9478
74224
27025
61038
38091
61331
10332
2398
90844
34468
55260
21974
61417
59104
34687
90173
51401
83346
63270
50327
49614
6024
35783
49605
71360
99193
51832
33256
71461
70697
11005
6388
3738
92367
90687
1356
33543
26564
8026
59917
38884
39557
31980
43285
7959
73142
24449
2414
19484
40016
44555
93249
35650
11302
61054
37692
23474
60130
82229
1463
55609
62641
49568
30667
37763
6098
39336
24592
35743
68487
18121
17012
45786
36492
36843
73341
64046
86476
1835
74258
13376
6247
19821
4016
54855
81847
92910
2546
86402
19834
37780
71824
85489
64539
62814
6217
34050
52077
58076
20257
16195
24430
13282
51781
23013
78683
66835
20095
35970
77052
47633
30391
84153
408
79536
41575
3130
96815
24004
32021
41084
23065
97879
23052
19983
78456
5802
88172
71110
97771
52142
20339
3131
79252
93909
62441
18080
7057
95194
1117
68221
19170
5456
41071
53714
58639
16457
36909
30678
53914
29633
65047
29402
48064
95455
64949
42857
97605
74395
83418
67885
35431
50998
2470
44034
13125
28316
91395
64337
23782
78874
75399
40458
37637
57442
26113
67093
39712
31638
49947
745
44819
82766
4375
67344
88263
67147
49537
42696
97715
53773
55645
65865
38996
50160
31187
33553
530
66997
39360
40657
24913
40783
43808
86705
78531
76697
94997
23548
65906
20314
87962
99781
48187
15831
73952
26790
62078
40743
1434
57549
74101
5852
54102
83816
10307
17248
76286
31603
91519
86318
53311
56883
67037
23642
1803
38965
60311
11233
71917
85026
98520
88978
63774
10878
699
4977
68539
76118
98338
90043
49057
39176
59591
99129
77203
33683
82355
27728
55718
3637
79500
25629
24565
42700
46802
35569
58463
72369
80356
70372
86090
65969
21647
94995
2250
86517
42734
25510
11866
78974
78321
36654
34194
20986
39855
95445
38702
42574
83096
88805
7931
60872
60244
92711
39700
3722
98478
53280
40414
63558
90133
33747
2104
9208
14983
50882
47309
55832
85121
58515
45110
74179
14644
48424
41967
3795
59856
50705
28744
51113
71136
32041
75106
75568
58373
8727
59392
78360
1661
12385
14215
9464
4573
20437
35321
49245
36757
35010
23492
47067
23254
92760
87879
40881
43960
28427
245
86225
53108
2682
98470
68807
49102
90569
91378
62478
35735
4502
75339
79878
29883
62494
32568
48634
50047
26050
12762
4651
40357
992
71077
89048
58883
70822
780
81084
2877
38839
48461
83372
85200
10737
43085
57646
77556
47364
8496
44122
86242
45807
34638
81259
9272
63935
39177
15612
50563
63810
57476
43643
9214
73851
28753
73673
28893
45056
83168
26762
610
29239
49747
60975
63988
39424
62254
50789
80746
6759
51764
76600
77484
70000
93812
34994
19478
4311
5477
95909
87814
65731
43168
25739
79587
69838
12716
80664
75277
73257
9339
17279
7423
54865
47926
55973
86684
27375
75817
15673
13972
40114
17542
60252
77111
27636
8371
40340
10702
15677
83189
69644
7872
25781
90303
20803
7516
21016
74690
86384
99186
52763
26407
32527
25971
31968
29835
14510
43643
38159
29375
85176
26275
16568
44012
84041
42328
82255
71439
99917
28015
83679
38792
22838
4595
74899
69534
94777
37998
8018
20119
66311
4360
2742
10184
79733
37985
63822
90081
2559
63180
10377
72505
40978
15486
50109
1751
91318
15367
80639
69914
87356
26113
94401
46403
50737
52889
33083
97733
59690
66225
21124
89641
99706
85471
61910
86898
16077
14521
87467
29766
33531
53022
53705
94014
53927
75985
71246
71936
85833
60778
79485
95946
48347
67158
91705
49443
88002
9597
11128
59043
890
72174
68757
88606
58243
43143
18445
30939
90047
23703
37408
34885
88485
47623
4410
64326
25677
55681
75943
41900
61456
24887
15235
3906
52845
59148
27640
76176
66649
51936
85093
39176
79580
75806
22828
93439
1657
64527
99057
76483
78357
95419
83876
80045
76729
135
15780
29073
12138
1346
74655
20411
28545
33430
97765
88757
56096
28631
93625
84571
4869
88088
88048
22979
5284
71781
40236
75765
79214
96988
41598
9159
86345
5697
2719
14219
12580
56922
90621
1205
38734
30180
66900
39481
9920
37784
11883
94647
3560
51045
50182
55601
30791
50294
11869
65066
27650
27083
49122
39294
12610
38796
95716
91607
82421
25982
3267
48286
82881
90160
69558
74052
45496
13159
7583
847
47729
67064
62082
41694
9560
9025
8661
53079
1644
44142
87619
68938
11997
8280
19441
99831
72007
92463
96988
8539
92432
23789
71252
60159
60788
545
83426
8688
46859
29608
29329
72093
24704
54461
14676
38993
35656
99219
77401
27649
47172
62697
35991
77143
91378
64124
62957
17852
93532
90462
94711
75437
10500
17674
38433
33102
17110
49296
14647
48835
19576
92156
10101
46247
35928
4771
35808
71799
18217
7974
45648
17969
22338
79892
50126
73018
89520
51646
57091
43360
18983
19955
6810
33477
94338
67372
34792
53109
92708
30450
20051
35610
62129
99582
9039
83291
78949
94602
41103
78680
39865
51466
48261
21434
72114
72901
8330
94282
33539
16329
51169
23350
63882
83247
97784
67969
6713
47470
20936
61807
61868
85533
11274
40454
43420
39834
44237
17811
89942
54156
93502
79629
91255
32238
57130
28416
32300
19669
13332
34189
84074
20285
90495
30118
42397
43692
96042
29926
53427
15816
687
68909
83549
35505
1468
56246
92597
15902
73664
77234
17763
14444
72266
65359
40513
74974
9091
24123
39702
84138
2294
55993
20576
68050
38936
60950
11558
67781
42045
60637
82200
86970
52197
14642
74416
38682
23196
8374
97879
45714
69748
80091
88092
23273
18728
82226
81637
90496
58839
86135
68064
35387
98967
19327
65130
57814
96178
79155
35752
21254
59527
18669
4248
39951
28059
41408
73450
14092
26403
52379
73039
1199
79078
8062
90290
14090
9022
53801
78386
2337
57090
91140
85007
33830
29850
13718
81589
85006
98777
64977
59840
60204
37264
34432
78063
38075
80548
58625
30467
52591
69388
16963
55862
15964
47603
71762
23887
44509
29638
57954
17093
71299
55061
5575
9852
68840
32346
83489
96585
7379
30175
57374
25804
96059
54850
81758
76855
58024
70669
6838
31542
86794
14334
73069
70677
53925
82614
19573
54489
49549
33494
68162
54765
99743
80266
27376
25763
21100
89327
74238
18961
38701
38770
26748
99738
60393
25335
40530
50707
34075
21163
6775
54326
62488
14049
15254
22869
51951
97518
14860
56860
97415
94571
56348
19043
47768
84654
77016
60730
41030
43897
31837
56666
50576
79119
48864
95822
84602
26078
69179
36931
59524
75637
70627
2745
59680
4365
32559
91329
55663
90917
84239
27780
6624
3307
78267
86219
30505
83754
72802
62012
78496
29694
45996
44869
50302
90423
31394
80506
41382
43730
35641
12047
24339
82391
15917
36706
12452
13608
99908
18438
50840
41019
63434
27851
52363
23785
79387
86810
19637
40471
6873
52056
56499
22705
42941
84678
12040
76568
73298
65940
21462
93855
40811
77130
12655
431
75840
5156
84536
19335
52846
77544
71845
62356
76093
90282
48275
48353
21518
7319
67828
14109
54995
56543
45324
80033
72683
87076
50964
65403
27074
42177
26644
46969
37522
63203
23994
52540
18983
31677
43045
1769
19841
86519
7922
71342
76723
15155
27739
86593
11295
62410
62353
3252
29391
58210
25143
985
21929
81568
88359
22099
18854
50641
2117
78612
69934
87699
54826
5210
92042
57527
14099
14980
46811
24849
3222
33372
39427
5889
58321
74365
53750
23510
29926
75280
22884
6672
72593
55075
77238
75267
61642
12639
73328
4897
55865
59603
84607
73494
39953
3426
32240
7611
68446
7745
99815
1943
28606
5747
40357
57731
7614
50731
81004
60581
22201
81959
96258
36429
42678
51771
92912
21122
96650
83153
61710
22555
63752
69185
34757
55380
29344
80743
5072
66953
79679
68300
43265
25695
86852
11185
2166
16442
77006
59022
8201
40019
523
12141
34839
4000
90504
21052
17892
60939
20270
80073
86657
33709
70926
99583
98669
40077
9593
91057
81249
34285
94813
3263
30807
48545
53784
34138
82751
94512
53500
99880
96689
37619
74751
13720
48175
72313
89564
98137
83259
5538
43210
13773
32909
81639
88410
74769
35966
38256
33730
56009
93931
36359
20861
7168
80017
7684
27723
45294
18690
28271
55875
82324
31962
91627
1945
24159
29815
30215
73991
8065
46704
92652
28413
35544
88909
53710
58205
59102
75971
39433
81323
25732
71125
25462
99993
38862
69012
85999
71732
55916
37718
39372
63042
95299
91255
70821
17875
7555
69310
50833
96500
50216
13202
94389
71996
44592
61408
31647
91979
92634
82371
53561
52795
88145
3628
40801
98346
30318
22391
43493
20557
99263
6761
323
51370
88069
13610
70551
48867
59792
91762
88014
4392
59205
77477
18592
34729
73217
66970
91923
31456
47037
44227
87561
26843
38209
45163
64264
85898
91790
32898
29711
79995
66897
45461
32856
74400
14300
59224
8080
33717
95422
11435
47614
51409
89262
10905
24064
6542
82631
61724
23106
21934
22899
10206
44078
2364
53386
71062
89199
32798
6242
36326
82156
70465
58767
5626
45414
39789
