28253
24195
31268
57496
66351
82404
9905
94624
5580
68351
44418
32097
60632
53216
86157
13328
97877
84278
26905
96564
2658
54862
55464
660
34263
43804
40991
647
21859
36934
50637
70778
2567
51380
58348
82075
2984
96423
54876
57273
99710
80811
32106
46652
58394
40524
41351
22984
85773
16046
97954
37586
17225
83600
47537
17510
63745
87235
13800
49544
76749
2235
22625
13860
36523
71922
2926
68770
13494
65495
33952
47940
65678
27979
11850
68411
7417
50824
98847
75128
44285
58736
82210
86755
19386
56040
95041
75879
84273
18484
58415
42926
54523
37774
15489
28541
82761
8503
23914
22901
31286
23215
32032
15889
88490
2029
65308
28377
22821
81314
92079
8909
29113
16516
82093
74599
37069
24425
62992
89438
58228
3665
33669
79702
70375
88477
37438
416
90907
61512
90838
33770
59740
72986
61163
1249
23769
64885
56017
6080
99129
35176
66672
8931
44367
29825
78505
51684
22265
59624
85861
59174
54781
55655
15888
8107
45400
62905
97827
29646
42632
16697
59981
66427
14535
48065
16306
68104
87685
36122
90371
91784
84285
36669
40019
66126
80113
59325
67863
66878
82227
85059
45345
26799
79447
42121
24060
57145
36548
5060
15245
46013
77125
97753
62071
80021
16294
18267
96174
62803
25514
9263
32903
28192
54939
38503
69851
61791
58932
25219
12252
44690
4915
71013
51949
82135
89503
11281
68421
1193
67781
74143
15216
35531
61039
78557
53112
54517
24728
11489
81776
25278
40307
11214
70844
95346
9034
72399
42657
50237
89171
61539
30895
8311
53065
57168
48270
72809
99991
64576
97137
19665
25052
39725
995
99573
80792
51389
13612
44543
38781
43832
93116
16454
34122
96211
57806
81700
20054
70522
93014
39671
45259
79058
25032
32172
64445
63024
1156
75825
50821
18107
55218
54976
90745
24596
56271
21695
46457
99508
55595
20616
90313
94656
90828
25385
91815
63086
97439
85002
4993
89241
64904
48530
66445
5241
53665
81559
3670
48763
68433
29896
48931
59389
14190
29016
56732
17582
12251
7942
86842
17
69949
20867
87936
44854
97843
73169
16377
59936
66015
53871
40229
84056
63154
43832
87203
81562
36158
149
98916
22604
29546
86237
44876
87646
91641
662
69597
95037
40198
75411
83941
62783
59131
8324
5482
32311
30942
98263
77764
84373
74470
97881
21502
77357
20228
34821
26864
39674
53832
25058
33580
11756
33345
11408
11947
58506
42337
43790
81143
25918
30122
28227
60243
75129
75919
65146
41258
83281
63125
93409
33093
21615
49828
20477
52717
90470
66031
87634
21493
22708
72394
64113
91332
72871
77473
42521
16137
30986
50580
24075
50307
92055
56234
48726
65996
18893
37744
69228
66139
66450
72213
5364
23702
65645
72030
98512
25355
28535
58193
68189
23161
51015
44460
94541
19080
27046
56929
66248
79113
194
70038
12172
33460
36151
84426
39251
79740
56354
4970
73413
35418
76551
14064
88334
28366
52957
96801
68393
81741
91538
14323
36496
59794
22070
73241
94003
65801
63693
26026
35660
47939
31225
69462
45448
33486
71335
16209
34827
67876
15165
25576
87775
150
36056
77380
38248
1044
56387
69674
72990
55297
86761
3710
83971
60461
36639
73018
87176
44702
45409
70454
39708
73810
73039
13401
34869
57894
72472
28736
3936
39267
96680
47949
54017
17854
82878
92649
39566
20601
84109
68511
42109
43871
58197
56485
55033
53680
11462
95539
53161
75234
6941
25735
18150
27505
36243
49525
3067
43167
30336
38395
82997
16666
65544
89346
90248
711
80595
18736
32364
91630
10145
10470
94703
55897
17761
17178
77068
66275
99773
27555
76751
66879
35074
32779
98111
88818
49972
87989
33986
11955
43731
28306
14599
12857
90463
87553
21715
98020
82602
45696
35520
50411
7675
16137
84043
6433
22396
54234
25485
50806
15904
96270
4921
65265
65374
46023
11565
24496
92110
83703
75964
43006
9548
18892
4216
22974
22004
71656
13389
78100
49590
91777
97470
60541
45889
56565
71433
45504
8186
66754
5654
94150
47304
78851
57468
55251
36344
62087
95958
2361
795
41651
41111
96470
36451
85790
12034
22331
76537
4290
9393
22816
72924
82185
77050
39688
65596
96385
59357
43401
11142
55759
32505
25278
54001
99429
87449
85233
69911
60719
57171
16755
37687
72418
84122
26732
28601
63254
69625
37942
98906
82948
12078
95285
46305
6345
12318
64533
41776
92748
98150
66823
5449
33027
46950
66580
16348
72005
5355
23341
50182
60524
26684
85148
73336
43079
35485
44049
99342
39979
95512
60940
33682
17374
83165
75165
30342
54918
61959
86382
64480
20248
12217
79594
70965
14009
13245
36412
9972
83258
14901
22335
63349
45010
30527
47789
54938
30696
57954
86409
48176
39872
56026
75446
48805
78034
28764
95644
45257
15698
830
20112
76116
3286
90083
77008
18892
27491
72870
90667
79761
98124
26084
18206
75151
92473
44086
33420
97557
61070
18113
21476
58394
47146
58823
52840
42842
16805
67635
22442
83317
97190
84409
69867
68705
98605
16805
99562
66776
4948
80081
47607
1090
7341
24095
75918
28966
55148
20675
4631
31464
44024
53519
93448
52611
5881
87466
97521
88240
425
9633
94710
67571
59492
59325
87028
46626
72923
43586
98885
89651
30218
45507
68308
7343
79272
55729
65230
98221
93630
52617
71579
57738
70970
17485
12547
63663
67071
87040
15367
97671
93416
18383
67689
13445
15177
26649
86088
66231
87015
15033
40879
64128
79686
15193
42346
82649
68541
57669
30116
67730
3881
31836
62939
92193
54276
24783
79705
16049
70070
61278
8480
73481
52662
46935
477
60787
29458
51634
55776
92170
11495
4446
89247
92143
45419
5847
54939
19460
3137
26852
91204
67893
28441
70919
50640
82441
59753
32992
24044
1795
96056
3310
28238
88633
37056
53196
95101
92229
29747
29772
44264
27458
84079
99652
83284
30949
7830
39138
58758
92865
89300
37845
87342
34428
11717
13256
84482
32317
49237
59677
70831
47433
33479
49939
37808
93957
51275
54364
58967
81444
24794
88742
71557
52509
57499
74581
6000
19881
25451
21900
55162
86530
39651
91243
60413
56185
17330
92532
96890
18470
19203
82218
11798
90085
95605
83288
3176
610
723
81584
90083
61753
38648
74892
720
4888
56749
52497
32392
4153
34041
31609
39820
63854
56147
18777
88749
15792
87780
96376
58418
10158
82456
76759
96046
66733
36434
77505
42867
61255
3351
36282
6973
37486
11532
3356
58953
26759
86960
49243
31792
49454
42226
49075
10639
79510
34158
83374
42426
45663
74054
79549
62974
58573
18157
351
20512
46158
77548
27259
30061
23784
95415
60126
71470
60310
34812
37932
63935
14060
6692
24842
48008
55183
63995
49329
59563
48007
43942
246
5859
2206
19447
2851
55078
14325
6096
67130
48702
22755
91916
37658
36629
29794
31305
83435
13981
95840
42998
35533
66644
59524
67811
42072
10523
37864
31147
59009
81637
3035
6805
92423
76617
77484
42654
41399
81026
82445
74593
50850
70730
63578
4499
53473
70969
85305
73450
15167
2444
64516
89477
91871
47409
92419
68156
45332
78997
73902
3602
64496
85478
75860
14198
3154
43251
55435
28184
48625
61099
73209
88029
59828
77383
659
20940
34026
49372
5588
42056
92983
974
52549
75079
78086
16786
64185
88287
24861
76197
98214
8119
59041
50786
46311
44301
35737
81959
62328
12102
60814
30372
52854
19237
51294
41254
84257
4783
37751
30687
30843
91262
92569
68532
75262
76056
53017
68808
55340
35334
42557
69761
22858
70247
40900
40741
11771
11946
84026
16274
93192
25218
60390
99625
42023
61984
96913
25979
50249
92917
10718
99004
59085
96987
91444
2820
43386
30084
20612
14553
52294
64484
3347
70541
36253
18772
48879
99652
69181
53419
19259
35516
29283
61757
95158
732
90809
94261
1377
45076
74666
81162
82963
39377
77017
46955
87699
71987
92089
36263
70428
48004
90248
56855
79267
32469
71531
99348
7638
29791
40121
82446
60204
391
27719
6655
15914
24641
5088
31060
92882
46717
4105
72515
10853
95419
4408
422
20960
33791
31566
59793
58322
9822
69550
4400
3599
80978
32718
7585
36914
70723
16390
78322
53891
71109
44413
36443
73249
9802
44631
93012
35233
12880
22957
591
49547
56809
63169
65503
24299
75000
40556
97915
27135
5454
36669
21658
14232
76827
6788
49041
25005
11251
7575
60134
89135
64452
6885
14745
48154
64118
27471
75651
73754
25184
21611
54992
40124
28039
74266
97471
23855
5583
42342
80496
34143
13057
33633
7821
14343
38028
88407
47984
94543
61787
64974
61454
11453
70265
27307
5576
63979
5804
8468
12654
18024
87529
24386
33231
81212
53467
71899
23593
84395
81779
83344
26812
26967
52731
78920
21695
25583
90646
81859
71914
97745
91681
87224
71926
63152
60080
11569
5100
95586
53785
92526
94709
98892
75720
7096
75271
50551
68312
62722
67113
81196
92383
25365
36010
60773
17199
74358
3678
39602
97115
28909
45902
40107
27070
85301
38141
93288
97927
98010
71344
85453
55548
56584
91502
91408
12465
84932
461
34373
49630
24333
84619
24212
40175
89176
91831
6293
14279
41672
93733
2360
27002
14795
46645
93205
95241
10358
94243
29378
73898
9891
94696
36321
48936
41971
73648
68779
79099
59633
97026
70725
19628
73101
92027
75606
74973
32441
41632
72921
82865
3157
54000
7620
24795
77207
74762
96102
40800
16671
40845
17021
17174
90656
43528
35708
65383
40054
86968
44203
54768
30315
31704
54520
19812
73779
37692
31665
68848
10229
7667
77757
71166
92576
54119
41693
45542
91451
36454
71013
25450
77359
33907
80081
59408
36631
14717
78863
68044
90958
55606
62835
59967
1844
79526
61733
29779
92885
17639
53175
88988
63742
4801
97310
19535
22075
5626
41479
7720
45856
10279
56889
6835
37275
15488
56073
26782
370
16121
61303
58423
81368
23789
32150
34361
46220
45633
39599
28368
8007
6774
75102
13858
66368
90756
66537
15870
30173
12535
95604
72251
50094
68433
55491
86701
47812
1401
83232
23901
84314
7452
33677
30684
84913
11645
38213
13419
61888
24563
37253
32567
28127
27932
81731
78036
43884
70850
79879
81326
85704
29879
14371
69165
51694
43868
8941
63054
36673
99982
17207
51064
30398
28175
36308
4896
69562
56403
3352
65716
32259
83560
17165
71413
10080
34337
65216
91841
11606
97890
93995
32340
44378
95885
97430
96953
3818
13926
18378
55154
89679
55073
10454
68377
1967
3803
91463
57416
39556
34081
10525
89996
64168
97393
32250
40264
88199
2842
31922
11303
38718
99252
57649
82969
43266
74099
79030
13218
45297
56209
13527
4836
86142
34695
51067
60175
58821
59630
60355
33447
88511
42256
29970
3224
50458
60497
54573
97041
7939
16507
39320
53756
75766
31293
44256
38617
10601
33498
9612
20119
51567
43368
38399
31710
99248
35232
94665
54128
38354
56506
20872
43231
57609
90784
14373
9892
77115
22111
53447
32707
78920
12894
99945
30147
57686
94481
43800
1805
36449
19961
30498
78045
6808
74821
41516
14076
19765
27086
98446
48444
9171
27049
52486
68481
95372
63695
36216
40858
88437
28860
57242
91267
77778
27211
65514
41989
38679
1550
93447
14879
14934
23031
97604
50504
23055
45638
26319
45818
40276
95819
3196
80622
40538
35735
58143
80781
96455
94974
10885
63215
59436
39802
36917
29829
5848
17367
5109
36881
82317
26909
92349
78980
36074
24114
79252
21671
76684
59262
68952
85452
90557
82704
25419
46182
31674
30554
48738
91979
5596
8413
72283
65031
16427
61938
94077
96865
48205
46466
17210
15193
32803
55854
88556
91695
34070
40499
68605
43176
67274
62435
10272
11508
85296
80871
28952
20334
32135
82677
28427
28589
25838
94149
60442
75318
45217
80712
33689
47317
28767
75310
93991
220
21964
24210
93609
34083
63373
70894
98277
11548
18432
82045
62469
90174
6317
195
12721
82147
38997
96637
77713
3798
27274
61376
78732
37857
33301
45724
59750
28838
65141
46099
59629
99486
99405
15020
75995
48504
11088
40459
69755
20950
82870
42548
58726
67186
19903
6082
15070
31525
83042
81743
55771
72965
98574
2823
21725
76924
79714
65626
27102
90400
45205
20859
80149
89483
58550
56423
22979
66485
55215
15602
43348
78488
60476
55763
97869
48095
12840
89992
32317
16257
34187
67156
60777
19382
65551
12490
50439
69767
54434
54412
87061
25532
15841
20771
95107
1878
44482
15364
96526
44938
32577
58677
2839
75157
84628
32575
96302
65876
70403
1006
69543
61422
59909
12029
6198
2331
66991
50034
93625
44743
74638
52373
64475
45539
7743
26995
63876
60887
45709
90841
83943
13948
1404
11074
64638
45337
36039
93380
4126
46605
92012
59853
81755
49066
92215
22810
15962
70629
32216
56900
16392
24348
835
17603
79887
24264
44481
74469
90158
61184
36392
38681
57367
57393
84142
83202
14487
35678
32323
46470
72845
50889
79343
77207
96943
46657
23315
70549
27940
23676
22368
66607
62816
5252
84762
8065
48639
56856
24824
86706
89501
61744
30967
21860
48172
97708
54006
11138
15181
71599
28276
16897
25073
3220
65000
44552
61887
92847
63094
37051
23102
22978
39693
36125
96300
25740
45276
57330
47587
33839
91753
20002
89840
65118
41581
75155
24229
88773
63954
92758
43281
48402
69983
34776
88783
36454
26746
27599
23137
21834
83333
11987
7771
70109
26429
24771
82025
32691
6121
37117
55630
12909
46417
56962
90388
56504
5013
52748
9008
42212
39581
41
96012
4859
66950
68207
70565
86221
92901
718
53281
29183
55295
3661
69594
28887
11643
35707
73109
41163
76987
74792
62888
15334
74266
50069
35408
93847
88791
89417
21546
33289
58439
8928
95895
92179
79130
76422
51297
46192
21370
52740
71779
20384
2415
12099
16963
83835
63259
79154
80335
65519
53510
33878
98187
36829
74831
39138
57166
32435
93558
96709
34367
34819
38555
60529
47479
79320
50577
76347
59099
72452
30433
36712
83009
33789
65992
8518
45098
90529
67785
33775
82423
89233
23618
48948
84641
4038
94662
15515
56262
37046
11254
54658
77192
55604
42466
65947
99981
11931
34
73349
33858
66256
78614
82404
25592
15922
7212
15655
26514
73024
77263
9067
68119
35048
68853
62209
61246
31504
88233
1091
10605
61826
30033
63829
49913
29883
24203
50637
11107
74029
15191
25222
28048
77883
78499
21781
25341
50239
12506
91945
93872
60576
64762
27306
63342
93886
50310
72890
68646
71405
48050
84984
84684
8718
70391
39192
71402
87286
27689
12138
34362
66300
30291
39356
6172
33207
17009
62322
83967
54626
17783
41447
62473
47878
1885
5291
28659
77150
57821
86557
48517
17995
83329
25850
20719
94040
72002
90030
3502
43336
39743
78906
92605
14836
48442
21816
39986
9315
63517
86597
64783
48579
2208
9051
90286
24576
89378
82477
37683
70498
67326
85440
94180
95841
76886
80274
74370
45524
10903
23512
81915
9348
2526
2619
83485
91496
21488
8436
51704
88844
29122
67423
2552
33656
56709
61891
4703
283
35030
51945
71146
15080
3741
81121
39229
67749
40140
69529
16517
70279
7858
45129
84524
33007
13936
58129
81225
69766
3444
632
3117
46077
68369
18686
17050
64965
43159
43924
25902
15063
765
41220
3757
8313
81033
98812
67599
35863
9418
98479
53997
18861
49172
91608
94474
84338
82390
77028
31714
71048
61350
77921
58697
1545
46510
55987
94755
76981
19868
72532
49075
17407
87771
91498
76433
95605
80987
54249
56790
2196
47129
97893
49875
55045
12769
48174
83553
14169
21462
32377
65021
85894
67947
30132
75346
31375
78458
18044
45693
24948
34716
58887
9806
5223
70350
83800
30702
18151
66108
24717
48848
16460
12273
46805
68999
50687
23178
78234
61053
59823
54772
74399
85649
92705
82211
73517
51079
73677
67104
48404
68098
53648
24466
24819
95736
92047
64126
13919
70295
55148
69826
81670
23228
2876
19105
64039
15125
36605
1618
21480
94193
2557
93391
15772
10515
51712
95254
42538
13569
45081
486
15181
33165
94834
20717
21236
86992
32152
60448
87809
19410
89737
80329
88464
4784
13180
3804
68129
16248
87763
46977
60169
21390
94817
47247
7557
60908
54756
98631
5667
59981
84918
51274
55596
45442
33689
86627
34510
1814
73973
95861
65291
93087
93404
81033
29477
58484
61202
46251
92266
88361
37590
92917
45060
98718
85999
20446
52072
62878
61623
52082
81564
43407
31646
92978
99328
70730
44142
93030
55946
99564
20017
15759
55370
8712
50257
34513
70620
91573
38246
20384
91673
89008
29681
72922
34352
84047
31675
80019
53335
75712
90397
29147
67011
10012
90517
8038
3841
93655
79823
42355
6530
92840
82221
14192
48677
43527
84697
75398
71752
30363
27224
78273
82221
30703
18808
14988
50343
2089
13876
35395
3001
53927
44628
84715
87745
47330
4341
52908
83756
78674
61610
68306
48731
93863
29298
53306
91900
99488
17899
12825
45543
33663
74762
23495
27922
85212
46819
58978
81170
19016
10666
98122
31408
440
60987
23880
84968
37794
45934
4125
91207
97069
42687
32865
47245
1588
16626
63627
46477
17904
34095
99584
21110
95114
58332
35515
79267
53603
87486
2942
93996
25669
14142
28009
62876
19097
35797
42123
7815
59626
51255
22513
22417
52367
38506
75622
61745
71005
29243
51220
16356
78513
4235
95603
85849
57008
50905
97744
11348
6809
98077
53031
5426
5284
43820
94721
91823
33103
41315
93473
13670
11492
20254
40398
46845
29149
38275
33259
48249
57527
38031
17144
91331
2234
91008
24600
54989
13115
59263
59256
80705
57628
89331
6684
77233
63944
9710
54492
12643
22023
34148
8506
16381
77699
69595
42526
22543
98865
76598
92838
20532
97363
11624
77191
15723
93096
41667
98064
16053
90650
24146
32216
22186
48048
41781
71055
16094
11741
13020
39291
96242
21280
60258
17418
82204
37368
56578
12124
4263
77473
10425
37445
55811
89098
90532
80763
12541
67955
93985
29337
86778
18872
23762
12721
57312
47963
84839
42875
62793
44078
77343
83340
4466
9870
83591
29672
63930
90831
53805
77190
6919
56695
46419
59092
15805
53471
96049
21946
2923
6154
93283
88205
63624
51998
76068
25341
4090
47369
48781
63076
67877
59836
96364
63804
96758
47137
68699
50927
76848
38119
32987
98143
5617
67156
22928
68598
44846
83416
39610
13416
86188
70161
54141
13152
93689
84675
51477
50222
88570
22299
19830
20547
62711
84617
49015
63567
16637
94170
40518
84228
6904
57354
92813
10943
45930
51172
93061
71512
97670
20652
70473
5426
39017
63731
24979
9283
47288
59042
83934
35699
26999
86393
54892
23083
90560
38870
88629
38345
19097
94975
57890
18370
87091
67238
38520
20509
30486
99577
80934
66746
98418
51503
62102
45450
6625
73587
50503
45034
93707
94085
94090
94340
76129
68877
55984
6005
23786
47020
2128
38681
21605
2733
6554
15516
16127
37198
97830
96710
93132
7705
78492
55311
45352
91855
53804
10768
24202
85023
25847
66081
79306
91240
91906
53380
72156
23921
44653
19468
71016
66468
61272
24609
35977
19131
31489
70372
63154
77057
57936
56480
40542
88484
45213
72221
21251
84976
94039
89392
21758
42467
92409
58923
78090
56678
23083
43416
1891
24336
61598
78218
45518
50594
20252
3129
58328
93680
66413
18416
5889
25300
68943
26460
19907
22231
47546
79433
49869
22524
79319
51695
28258
95787
90836
37739
357
86369
92848
85717
78529
74984
91057
65076
36521
73808
51840
59948
7619
47250
75517
74663
81199
47969
24951
68880
63407
7849
30550
47084
59982
79641
11735
58508
39002
46445
77638
53801
6095
41340
14585
3282
83424
30715
76702
53380
30758
42530
67469
63557
77877
52718
62236
12153
38262
4417
9075
79335
24866
67210
32475
56567
38357
32298
18812
26732
20693
58475
23347
50475
37238
71138
2210
90284
88976
46011
1774
63450
42126
95831
14253
43978
86582
7846
16800
8058
18426
95020
59370
45758
81261
18626
22427
89593
54642
84332
35095
43032
27890
87396
90045
11980
4075
3400
28429
37664
82676
60903
16753
16583
18045
41471
75131
26853
64074
2344
12222
74515
44128
88675
71398
98697
39013
82844
68714
52852
86676
65849
24772
98935
97810
66928
24860
16059
4260
21584
31234
11510
65229
74192
42149
67094
70218
99500
164
25768
36981
20288
76710
89794
4519
37602
59448
37390
70824
11122
64895
51505
75938
42090
57046
55408
99724
45060
24406
13572
88668
43390
29060
15689
66016
45591
34138
71655
51243
14469
64067
93700
3348
96255
75761
98036
80697
44464
98832
52278
8825
13822
81505
86802
45987
51014
26431
97475
33264
12679
64289
19943
64937
95455
48981
59667
13218
19946
69267
53961
29742
26284
25600
25494
4964
52564
650
34857
1059
32317
25036
559
83776
63525
70288
72385
57316
68946
12308
54862
26324
17817
32240
45446
15109
1937
10712
48471
75064
39826
99434
36128
97661
74486
90291
86976
29973
29660
18898
16380
85308
38064
18988
71414
11713
11923
5250
57876
20676
97199
60536
71917
32752
68606
2596
74145
32040
7464
77585
46995
90674
56751
66922
62822
64250
82196
35268
6088
21540
22855
73398
75071
45693
36380
96658
24861
37624
36723
96697
13505
45650
70452
52223
93326
67023
63081
64522
98113
99073
21878
6483
52874
89578
18483
1601
76035
10490
79229
15558
71240
38310
90704
33069
96502
73861
74307
96864
3059
82947
81901
90953
41596
60209
7324
45676
24399
52075
95455
20
39972
2757
37836
38937
36974
61269
52407
39756
73565
46980
40008
2943
45638
67728
58619
79156
25524
7009
7037
94460
30164
17742
23533
46543
90761
93339
15772
38561
30108
32734
3527
53178
60852
40661
698
40470
13545
87469
936
16289
88825
35773
20950
89545
3031
29535
71497
83159
66326
81032
20646
23921
72590
8046
68632
85992
29534
26171
2056
4606
80582
48403
67156
17622
45887
5560
95515
39658
25740
55884
64813
59606
77294
33795
28382
76917
88464
80072
3574
44715
18709
86884
65493
55969
42320
90661
68528
82667
27898
53875
12243
91221
88084
5635
2445
75737
73400
79182
11402
58195
8855
42996
63837
89421
87650
2254
42538
94774
58343
44954
59428
91480
47058
8678
6290
4904
3019
70964
78669
78403
85492
65701
35039
29239
66353
79202
38198
12967
80304
9429
77809
68035
45817
74253
88238
28936
71862
20476
66722
98730
72445
10081
90371
36718
62228
54305
85070
89844
82960
84071
32265
15648
80516
59015
37818
89154
36235
38244
29187
44325
12834
98349
6845
73343
38991
11115
61016
7504
37558
9027
23351
21444
79926
26179
29855
64552
10916
52380
20590
81408
23404
70440
29893
54563
86098
48817
8230
95537
87525
18934
65512
4780
92170
24540
24818
20235
52751
15720
5790
73050
11775
41083
73156
16418
76448
22455
13676
69981
74640
50796
39630
71959
43207
51097
13376
46301
88586
76901
44720
6336
27549
95113
75039
22464
58565
29781
44624
45656
80472
60463
74975
37452
70005
42466
16611
97947
85161
63247
36066
73310
54991
46502
93311
22615
12376
54747
43009
39408
10096
39407
60502
17127
26901
9305
89782
73560
57937
38436
29146
15265
39201
43833
60037
87499
16595
49544
887
11188
81636
29289
94682
99854
12619
17906
25481
68921
72086
49293
80180
98219
84856
72975
57508
70978
27425
57465
72645
38887
70685
46277
18986
52417
27841
80654
55233
48919
2941
35891
56051
30862
1914
98046
14696
53495
94736
77648
96897
65327
53496
50419
58582
63077
55561
72466
91053
8315
6127
1557
30234
27846
32660
98583
42711
89615
30455
61698
34887
41580
2701
86813
76542
92625
56133
59940
82713
92359
84902
87468
74605
79983
67683
25619
62423
90076
79816
81806
27843
2711
25559
8567
21321
89124
73242
53369
87745
35744
84819
54065
9605
90881
88463
75112
49838
3213
87373
98390
41770
78253
60074
45177
16426
96730
82952
22872
88289
24240
72041
7742
9081
51621
50995
44241
26321
56025
86228
37528
51808
62336
14316
75258
79290
30163
38228
79833
85608
74954
94795
12833
74502
55813
32648
31864
47036
77007
37900
11423
42285
95838
11250
82233
34836
93412
27961
27905
49139
91720
26990
16865
51556
19409
96214
4508
40220
8230
78756
35179
11680
97322
50219
48897
76651
79918
39294
40243
19100
57119
49095
97864
42387
64608
35182
54550
22654
73867
79214
75592
65773
77455
58761
45
42698
30706
38882
66835
85544
52232
18333
36776
84463
55548
30036
84017
18962
3228
19416
85693
54342
36449
28457
30996
28312
47513
90026
54027
58262
2826
26270
67248
45199
55782
73230
15400
74042
26636
37978
53500
78837
88730
59738
44594
96331
20582
74085
40778
48605
10016
56320
46225
96881
91125
42984
9872
32040
39863
50138
95464
73812
35035
6162
14393
92235
39081
93773
89503
79483
4177
14496
48799
32503
58213
58940
33773
15880
79757
1895
76825
68754
52593
95513
225
56441
43368
65426
46134
65103
61354
4169
80958
31890
95544
48557
54319
1456
44910
88045
29137
13273
40540
97285
34798
84234
66791
18734
5726
46805
70222
24290
4436
85350
65293
94414
6046
12618
47608
78187
50510
79758
69258
35239
69142
11598
40226
21824
28782
73824
29943
66929
89997
96941
62604
13241
42252
37474
37860
85887
52035
42003
23268
82735
97652
89997
48682
81346
57669
9765
96656
9744
40214
18807
61279
43686
13548
1901
95513
18200
78806
73807
89417
80250
71095
22769
55161
90656
66174
32240
53778
9950
6688
4381
21970
24267
46198
63248
67974
20698
53604
61939
15754
18865
36982
78524
48827
63712
78236
42328
80
10549
355
13142
76530
92540
10123
85956
4476
18549
57055
44802
94152
23188
22752
77206
84678
62412
18671
45885
47906
804
6502
5725
19261
72140
40973
26278
62179
48997
15423
2696
20210
59019
43739
35975
49854
41789
44763
51300
43056
80953
8747
76298
34769
31775
88740
68531
82370
35544
61153
52407
90084
79266
85292
6411
62325
20778
95478
99886
14042
1421
80744
77317
12456
62831
73023
64976
60721
85113
38304
80554
10279
47757
25722
91269
25734
14657
21932
70245
10217
14662
17075
75246
25927
42551
56245
33647
47619
30479
70530
72668
75228
90109
95268
95893
33191
22661
77101
90157
22615
86832
62737
24080
74431
42864
81076
71122
46421
35030
27889
97118
36850
59657
33291
4293
50049
83424
22793
32953
91209
77290
77175
48857
31739
56520
61056
56376
43858
54738
14649
5457
25590
74650
71694
93580
6860
30969
9393
71602
60590
83149
90457
65656
70007
64276
97712
90401
59982
38992
87633
86865
29106
36649
19736
41384
2082
50273
86973
24038
23954
11565
35514
44201
13720
23558
40304
52088
47602
83415
54851
35058
12072
99401
93951
81301
97300
57372
69506
50318
22765
71838
30972
46633
75056
41003
52593
59929
84557
91660
95874
69759
78093
34229
65968
42346
39368
84685
60361
42277
97851
89993
41173
67365
20963
75077
4726
41095
27501
46909
52060
21799
79326
28402
52420
33965
58104
74140
94554
30288
36018
18670
31607
13908
88583
82151
2171
92809
39618
71123
34704
22630
33732
68444
96189
989
23695
25144
45107
5414
2311
4553
14735
11437
28214
92072
35533
74960
81676
5607
12606
10122
76299
84865
18518
24308
28407
28093
88503
98459
18910
86022
55755
1927
58743
9697
4279
9759
81514
79899
16958
61042
38522
37622
88884
25424
93102
15679
26671
1620
129
11947
31047
4516
14947
76406
10579
61858
96439
84286
86203
6912
67949
12470
17508
8967
35599
75172
4427
60488
25415
86359
9454
15675
69654
20276
7516
78369
1837
86411
90585
78679
92745
72668
81320
14060
41679
7056
59637
38588
26635
1320
12626
75789
9243
20485
59668
63914
83491
24842
11614
26081
40980
71899
83146
30898
24411
42021
64313
52743
65028
58473
11238
21020
32949
58498
17558
71696
72294
56068
77509
93772
97756
31426
17336
2135
30286
51339
8463
15257
81352
62600
99210
31960
97360
13496
80559
92858
22224
18213
50463
95569
3977
65854
56911
2134
74769
34707
94328
74253
46971
84036
45429
49320
35153
27951
38080
37754
79470
68494
1577
77119
80488
71799
99941
28770
95134
28142
57890
50293
75831
86260
69887
15290
23218
58657
79901
940
94011
58714
97102
13530
19305
76412
85920
58404
36745
18034
91671
46551
74635
89438
43349
43270
30661
99787
17651
11632
2052
1924
84269
32062
27307
17124
54862
39171
48342
39154
32044
92884
62937
42169
77728
26165
3510
89599
643
51467
38055
24589
85608
41054
42880
62628
37748
74976
37542
54520
92767
25143
82022
25330
79002
45984
69265
16754
60403
58057
53978
62094
78442
16214
29999
59847
417
26281
51045
12034
66541
5337
59991
85696
91952
77937
20390
38546
51738
31685
18157
89203
12601
13544
41165
10079
97653
6406
84277
59702
9568
87230
4682
66994
39896
91371
28734
20874
38924
63437
4526
83072
66983
25504
95284
1865
72963
89631
78269
22153
3694
84848
34825
28428
74940
40017
50296
54195
67084
92530
26212
5826
67985
21570
65319
15922
22638
56048
25412
66698
4750
82300
28327
79078
49449
70290
87620
32654
60117
29861
49357
38382
75782
42778
17441
54837
68941
24292
23921
85184
26195
55726
16024
58484
52335
2144
47030
71044
54868
62019
50505
81883
13074
53042
22051
84149
42735
83994
83779
21112
11217
89314
15038
23900
43813
9061
71439
4408
27838
7875
6532
18543
86143
28253
35635
22245
38353
21038
20245
31420
30381
20507
82179
47314
50049
76781
9357
17087
15717
6456
45010
54124
26528
32436
96249
80070
57418
2962
5093
94587
70143
67073
5610
69112
23414
40245
2344
75867
37774
95467
94534
15742
9998
5979
31685
70964
27817
65537
90803
37808
79598
29727
25534
10717
34848
85789
31417
54603
8045
97446
25252
75276
2458
22668
32279
26966
22434
68130
87724
2998
84369
13560
6297
73156
76252
62828
93472
58807
11426
22087
3430
90933
9054
48060
89670
44270
93582
83417
42411
56328
69062
60081
66032
6483
60329
74227
7181
66852
78402
4181
26676
82546
37448
97945
81603
54926
23782
97892
81077
17691
63890
57718
56437
16219
47901
69147
93241
73268
15030
27490
57115
23767
24223
61624
9531
57327
35651
30459
82913
56034
2279
49624
64380
37452
9507
50621
46173
83285
47500
2635
74930
28406
43190
76566
16404
17122
55007
46827
84950
46751
47178
93019
77634
66798
99081
23277
59614
6079
77813
75486
71086
6025
83447
1249
42947
58770
33628
20809
58217
25230
52840
58611
71512
79037
42306
15853
43527
71990
92137
22903
63782
80994
42293
51807
51903
48667
43112
91437
9238
87158
4252
39162
59466
65512
82275
72201
73913
69484
46033
17669
68707
4678
62150
72265
99887
40781
16458
85332
74254
41853
21000
54712
13332
24071
83757
56541
58707
25275
1113
11347
58184
86946
63651
40267
31012
21731
99585
84217
70344
1944
14556
13316
71104
79525
58825
89345
79184
91154
3423
77218
40026
39583
37619
78844
97532
44410
9761
91895
19189
81274
37000
47023
35655
68035
76399
30805
24453
80636
73167
28755
74595
22954
16084
14868
41162
26703
55749
3555
46469
20982
1311
98204
14191
90799
67200
55989
69297
48617
90165
63269
48390
28652
48386
16807
63785
3896
63897
57310
83888
92138
83012
81389
55844
45935
33195
99298
49289
19631
94071
26594
70906
9456
89210
35273
24466
86895
19230
51680
45247
19671
92228
26797
53442
15831
30168
75620
21984
25640
24717
85405
78046
68447
58651
94910
40367
42744
67326
95607
82122
6196
20559
32967
29933
70073
1868
57379
46015
62958
48979
66753
95560
59359
72775
97352
51753
278
932
87663
34272
38060
17339
93246
5450
17020
53434
84111
48445
15774
57308
24436
13812
15642
43527
47035
19884
54018
55606
12813
86807
71680
29281
23528
23826
65878
79141
54659
99713
66405
93461
2389
2152
4503
38742
91263
13709
75010
63427
33097
36055
24100
80664
99872
5076
83528
37459
37069
67475
67606
74931
19032
60136
63720
69288
96363
92336
25754
65760
88051
61369
71708
51609
30037
92490
99474
94570
13074
46514
23731
20102
1839
18214
11113
32708
15266
89877
76301
2255
43418
37214
65425
23796
80594
62460
11609
16439
36979
8536
33811
42945
7019
66140
23373
65286
32075
53331
87886
3014
21306
29537
20605
69506
57484
69106
50224
59509
6521
45204
74765
73024
37234
43292
91412
15048
8062
49091
74413
4385
89376
68034
12445
35872
9208
71829
81798
60621
58538
86806
63181
21859
15279
13633
91758
15289
69455
14356
3222
87829
86472
62536
2654
58578
44282
60881
55215
55876
3361
79069
39714
93615
45519
63183
87288
87544
9068
73095
20937
94494
80599
99863
88289
27825
73030
6358
31637
34707
25617
19090
85820
23002
45343
94789
88440
13307
34328
80732
21596
25017
46748
57791
5498
40746
91514
25923
53095
36083
26520
44111
68855
95996
54
7672
24480
19318
79315
71565
56029
53735
54751
98767
35156
19760
90036
10989
85911
17705
41560
84430
12033
83730
28122
85911
94632
91791
96971
73247
58889
13953
11656
27671
70201
61984
94357
64794
90862
90803
28140
25913
87442
57502
36112
7008
7430
62855
73214
14857
6701
4571
67793
62871
98052
46120
76216
35273
56516
13763
68474
76576
88163
23790
69835
6497
10252
6726
25199
44613
38513
51742
59046
32158
36004
2893
95185
6403
73530
70892
70766
91066
26915
46227
92968
49460
98996
26491
28015
2029
50782
44550
42053
26516
72433
55345
50638
84019
10117
38777
25663
59627
32468
88245
31643
37982
86980
93611
54380
17460
36768
93694
49100
91356
88179
82344
18879
10470
5385
68907
49629
74085
98171
6033
71591
18159
71077
40302
89348
5071
85410
59397
35289
40379
27015
55018
61278
84259
2099
17152
3567
27296
22912
36655
399
40623
52687
78076
22210
79979
61405
37595
68996
15011
27669
1717
11491
64066
77542
68596
29417
86643
58670
25071
33875
64451
3908
8008
31815
12342
5323
52907
83928
35262
67587
44510
12952
8563
20142
16231
22530
94483
43098
85191
72713
5528
61578
95327
45233
4856
23132
15611
49455
83159
49413
28165
64842
12534
19637
57022
16619
74443
67868
63638
72518
29275
860
78588
52466
55451
61512
41871
14778
2084
9084
29043
92505
90662
43790
6516
40052
91577
60880
61368
21711
21842
5985
46716
20726
25306
56697
59308
84733
41011
1181
82046
44743
12155
10362
28147
2248
19291
42156
71246
75476
95146
8959
25268
84124
72628
18501
32724
26500
17645
90222
46667
34481
84071
3569
62090
19254
78596
4409
78695
31609
5786
41001
40759
94276
43239
26457
73925
66457
63101
75198
20
79755
93779
32306
3984
41171
81647
99301
19941
62159
52666
38635
61352
35180
68290
36517
28692
62036
97778
62029
90803
52861
59768
80447
27262
72677
54428
928
13457
99207
54152
2274
36325
68531
52024
59066
49149
16912
48677
23417
93730
32265
29667
15081
67683
90835
63948
3377
59412
24009
33038
54560
72959
677
31491
9896
47426
86518
5215
47314
84504
44199
19505
94752
92028
66103
53467
68627
74970
93901
2543
16407
94788
66091
33356
43170
22681
12871
68151
85646
64795
69304
64783
59612
18084
78458
50436
12513
80841
3152
94322
89974
25377
86745
93991
81394
89939
34267
23857
34478
94081
63843
22604
11689
86359
38010
45875
67228
16825
62593
38318
73101
5269
21682
60732
24974
7432
49153
3849
41525
81174
56825
48025
62031
81213
90455
18718
15577
96466
88571
69765
23078
87301
2094
56700
86784
38742
69788
49409
31963
90263
22976
12231
75743
91567
60291
51028
18270
23430
94000
68839
9656
81827
78425
74990
63030
40985
41352
91989
81522
93803
78480
87728
65282
7879
96501
36499
34240
11157
18479
63256
23623
60887
99797
7534
70925
56828
61672
3293
36867
79704
47663
72348
68369
92283
66123
76731
850
10696
36077
66572
6093
5597
84215
44234
40391
58329
36090
27990
66634
4323
64600
86653
29964
45350
88572
23072
87842
41387
6688
42312
5780
94235
61092
49999
60025
46637
50668
54011
42604
40183
53512
96911
88027
43913
89472
13784
68050
59768
23065
79467
21372
65761
93113
3211
42827
30591
70677
42746
62336
24560
45489
99752
40106
3749
24068
20273
47014
30498
18011
61141
31808
68686
18316
59158
52631
73600
6852
2308
86246
63109
67502
88683
87060
62739
86416
32651
32688
71050
15143
5892
76286
5774
8400
57573
31789
37355
6096
30359
34414
73396
15205
8111
2790
48654
95221
51440
54933
90047
55880
96398
38375
20670
44925
96355
7718
67942
86015
49207
19504
69977
83182
50119
69164
29439
24269
73520
52025
52668
78449
11373
93463
24038
82389
265
14397
3685
99915
82343
25239
97163
27151
29277
7559
35248
46938
4063
68777
24778
56886
57302
27367
64481
19950
57765
62761
69719
14548
70071
67968
23694
69151
41258
10803
57354
98037
37455
66150
77259
70256
53935
29260
38050
46741
27882
18835
26718
63969
50948
85225
71241
15576
3877
16487
42184
55925
62510
74455
59863
9080
37214
65462
70774
18756
4784
61284
55600
26576
68389
54190
60863
65080
30680
93286
37755
54332
45276
61169
23898
48583
84392
19496
22848
40266
73948
15498
36587
94726
74069
3393
37070
34895
94019
87690
87936
678
31062
55729
27818
77310
54137
41081
68075
77960
13573
79554
52395
82574
2126
42153
18032
42823
25988
44373
87249
48205
16664
67317
92339
30238
39707
21025
48919
47755
27572
77035
39410
90168
51722
62327
47631
74330
76020
96636
64963
1993
31419
1320
92452
49642
10714
5902
23539
91158
72815
73521
36406
19326
74905
42005
79542
30765
75796
32772
75761
39941
36065
38879
27174
76433
4167
55373
83018
11229
71137
45375
4080
8671
64011
22362
48922
90292
66453
6578
75640
69106
9919
29315
41536
48510
63575
36288
16078
78009
49498
76362
92060
92418
94692
85891
74901
84486
30145
15186
59106
53215
3303
4462
80136
98503
20443
20180
4262
99298
23838
33382
58293
11079
15836
33009
59370
66106
98433
18553
34110
53605
13858
8108
91011
31020
2459
28875
31547
71100
33288
1900
65557
45876
80475
71889
73003
27408
72305
86085
42463
12597
61602
78468
58577
72152
4406
32530
88382
53121
67414
53145
14972
83896
31249
9964
40934
91246
64358
55480
45266
8742
75952
53362
53603
96963
92087
91905
29153
45787
87159
48828
65859
99040
47762
1982
56415
84864
66234
57950
88126
66831
30010
70529
27999
39783
64845
53039
79535
55451
14659
70575
8901
13263
89396
25461
82007
38133
53608
70990
121
97246
27572
36813
17891
90974
74648
25212
49444
14729
29911
46540
20122
14595
57438
3134
70626
68118
29673
3633
86763
43108
17353
97810
45449
77319
44069
61207
62208
62928
78736
10265
38602
25164
7635
35365
21493
59419
37028
53101
21735
74968
99749
80785
4141
61203
42856
36433
67257
66031
99545
76449
12958
60863
95687
99088
61196
13424
66406
94533
72875
38613
30937
56859
13821
6850
93503
8958
52704
99297
54057
13568
45903
96347
52114
25297
388
60837
87222
38165
69642
84762
76667
32596
70779
78795
6245
9328
89261
26510
36002
75615
46662
78583
67534
88422
56919
7942
34169
80129
21456
93248
48570
54593
70778
99158
51616
13814
54060
50810
36176
2738
52581
64947
38175
35985
42102
41412
4480
73419
34142
19168
22291
47202
91627
35643
41340
46456
41994
55034
99907
76684
25233
60962
56133
20896
13555
15236
41423
37978
82573
92348
27323
24083
68944
589
7997
15034
36477
58020
92626
15571
57894
94381
67004
90782
8728
51861
35733
91419
3848
49830
29914
73377
40820
30868
12524
23180
41279
81795
9314
75968
16696
28720
1304
20343
23777
28260
94080
25649
53539
99118
20454
44406
90112
24759
82565
27508
2660
94557
25221
72366
79496
11981
25286
93704
8256
13598
57864
28728
39874
40218
848
43021
99888
6360
20915
82452
8589
26684
7989
48030
37209
87403
38897
19560
28818
16378
28854
27659
62690
61020
73719
79885
35158
1775
24841
44817
99586
10224
64271
28416
36823
80603
83308
12542
10944
61144
26745
8366
4826
66407
4186
39115
34091
77973
48867
57353
9050
50129
14494
10222
29146
20057
65765
47230
71290
58031
92623
94923
30326
69071
96366
64812
49008
41370
28615
48632
79497
34434
38553
64179
43006
73838
72645
76693
85291
60998
41870
58216
14254
53168
31621
28139
73302
80403
79959
51020
61050
81585
79944
72204
28920
7851
10937
24992
33598
7724
20928
23947
16410
27786
29700
14109
41454
69737
86136
60888
44121
42015
34502
65712
74994
48546
64152
93974
96221
65023
4168
66148
59554
64683
35847
84942
17732
43803
57521
20484
86945
40264
98874
66067
54224
73815
93879
99450
96642
80459
32291
61108
19089
11107
29398
6108
66480
69023
17830
44799
74354
89556
19786
65726
18529
72461
42675
92968
8075
3360
90280
69054
18749
60785
93448
95643
71457
52559
69157
98772
98675
37960
48045
1535
64518
63297
25190
36816
29104
40157
66429
55276
34678
30369
94050
48855
66787
32968
56844
67748
16435
10908
30101
9608
60753
78865
35830
53207
22915
30768
67538
99206
22116
33413
93031
25369
51430
1899
62399
70567
35411
23719
59531
76830
29708
19472
60438
45453
46166
73648
74359
2055
37709
52265
82849
7303
68872
50680
65941
49142
50011
87112
7220
39432
94005
69914
78052
89601
26135
31243
92624
68531
77328
60805
53051
26424
76578
43352
18662
83661
67013
50387
19611
30709
57388
78411
967
24529
23123
56030
39820
8103
48387
57430
8384
12326
24690
71272
89164
93844
19773
41651
87329
39965
36356
92646
87211
56571
94953
38986
74268
29839
99518
39169
4969
29569
6881
38487
57356
39449
29002
52631
3756
63201
56864
34576
43970
79722
20095
26845
50997
2353
99211
25814
41829
41865
68414
38558
3159
37436
13205
35620
92269
54100
76845
54266
69676
76009
3340
49654
24237
30468
16941
18124
3502
24986
11915
46843
12355
6360
15301
22046
48923
94979
48143
76841
8087
86735
86838
94808
22741
15900
48417
2529
95816
29347
63268
99505
18117
68402
90201
20639
48171
52651
39943
37633
6156
23982
75603
81808
41543
52544
17080
28418
92323
27932
98367
40933
81550
53000
1933
17786
89541
42991
599
83897
89367
43434
19440
28532
50919
88722
38349
43902
26748
63205
61933
95455
12341
3701
35584
48880
34271
45764
8825
66027
90990
76558
23965
61158
44369
56692
32962
47911
37515
44314
68227
81434
40530
45176
73553
25342
72331
31095
72518
84005
63420
47156
57000
61345
55006
86512
38491
74337
45376
5136
23838
99221
85163
6965
64412
24428
6628
27297
71888
62075
82214
25409
58781
6014
30809
94490
99040
71441
5680
37149
46894
65218
93532
57841
23559
59050
60520
54128
80329
65874
62442
86622
28816
22375
99421
8485
99244
4399
50137
59313
4381
56306
23390
29522
36790
46962
66956
53399
74128
21135
66464
23916
76256
38994
22736
65946
87021
48201
61036
99867
20572
23326
85596
30218
4802
42131
67
37820
27446
47673
4034
46609
99992
42346
78185
91584
58161
48738
5242
8195
86707
46351
1843
65543
69950
79223
61367
28574
80814
10892
56544
15935
57843
5732
2916
21258
74010
10651
45501
63954
20508
39442
77203
31265
94897
73955
5262
78050
88012
96280
22502
35592
60713
97500
29424
87596
51415
58212
30696
57827
12610
73538
17507
57055
82391
40415
62370
96755
95440
7231
17238
34993
48670
1573
96484
14632
52649
50255
50877
47667
95515
6930
94005
44607
38371
67576
91083
65837
27611
61902
21632
92249
70109
785
84384
14163
90042
34411
17712
71469
5353
23466
47439
26936
24418
44817
69279
23141
56938
9093
70695
46692
58613
81888
36603
1833
47036
83024
95643
51837
89978
53215
86675
43901
67017
37081
28184
17482
9111
66013
6551
97823
47997
58297
39186
69642
7997
71143
27554
28439
40142
13829
59400
24066
47774
63409
54352
98996
96824
29529
22065
99417
1667
87384
79664
32500
7888
69735
45834
15568
27589
43094
76988
88335
88440
13028
89698
11367
44406
94801
18307
9843
5653
90407
81868
78161
30359
41988
83238
8507
65786
35675
98290
85862
91470
3066
68533
32365
5624
55080
42745
21936
69660
2888
23194
28535
5707
1613
84040
86
44643
66138
73638
10726
18190
22992
67434
30881
69223
31523
46649
66937
6665
6004
50642
74518
85377
13896
75765
99517
89946
79631
29876
25336
30344
13986
88548
34630
44341
26419
42326
30674
5563
38997
63069
68311
13587
596
83072
59931
58030
31473
42502
28810
44923
76756
63191
59729
23673
59632
5444
62919
44520
27119
48012
45129
48804
24539
26653
45010
99466
76371
32886
45677
65862
43096
5848
24526
5219
43627
25239
20566
33618
5260
54360
26137
5969
55068
25058
92366
72868
70237
75170
13983
76806
43525
81368
5504
96622
33956
79696
30100
81211
23855
68711
72880
68426
3936
87386
45376
77323
60254
72749
33658
30538
60158
63212
91989
18406
71142
12873
81058
68822
94596
48128
56859
67137
89356
26885
45145
9423
40260
17971
38540
43299
14413
37273
80192
57041
15126
75694
63714
60452
71377
75382
77408
50154
56531
88964
63030
40817
73480
46111
26793
34872
31866
66925
75438
22994
23567
30270
9453
84415
13247
71220
72875
16869
21933
54457
78582
51759
63412
25188
83986
35365
54823
17289
24820
32123
82588
44982
63901
30743
6448
9908
81432
97196
63137
72625
90588
31466
38173
92989
19489
49908
45298
36533
47178
938
83694
45900
16431
69844
30177
52602
98395
12189
70050
91449
88426
96146
7982
36259
89486
91715
29058
70592
24673
7616
86439
97995
31058
80250
27231
62465
58061
95522
72400
744
68258
68770
49694
55692
15307
11991
80021
12610
71397
58395
10340
83495
22806
9620
68237
15290
75290
17835
49878
84847
38107
49599
90380
40336
20384
34367
41811
55487
66258
72706
10275
21662
28655
7524
89725
52862
60785
54730
46540
44450
12772
12994
58319
13336
31854
53739
36494
93290
18797
55017
67209
33028
66962
67175
83167
13038
43742
6485
67986
92604
26122
28460
29019
89340
88127
55639
18276
41330
97106
16871
31710
86404
49975
21598
12144
43754
89829
24158
95706
58096
29901
86689
28016
24775
64784
22501
61535
92389
20989
89512
51951
73445
69952
73884
59605
64492
76654
24436
86983
31056
82170
28874
52907
79317
53163
85806
38117
40809
30163
93039
67682
19203
81127
59778
26619
98613
44400
61239
35344
32676
63466
30445
88278
10039
72158
32583
45913
56703
8360
8884
43057
88747
12435
31482
97070
15379
88546
63739
35468
71102
14679
94943
85159
43255
95965
51133
2538
30410
75095
259
22042
92842
49199
98085
99455
79172
50103
40671
2837
87643
26184
16538
35587
83331
33603
23999
66876
66525
4367
21747
66196
58282
57077
22745
51329
96277
76021
65539
92114
35007
81198
2682
64165
10479
86507
10714
36696
67494
8372
15880
59514
27341
63127
43427
57861
12251
18168
38761
7061
6683
72004
35564
82164
92372
54021
99122
96804
19854
39025
30289
82184
73000
34219
69068
65520
11201
33567
52482
94291
26814
44362
55323
16952
30451
49396
44940
41545
47693
50039
16829
1025
5761
65186
45033
3346
43998
18328
62282
68860
7202
57226
13923
14111
76816
69062
92342
21055
74524
15528
16009
14222
82954
21543
533
4997
97179
15828
46907
39983
54645
29293
82093
91588
76579
45762
85506
23473
87819
1596
62719
76212
87638
50344
58468
29099
47215
50123
35247
99675
32814
71679
70304
99782
37716
66288
90459
83903
60172
22206
11301
89428
98851
45031
35495
95696
53508
37096
298
45894
53563
32193
51365
86535
34548
47638
60171
9955
92230
16439
43985
68421
33004
86976
62211
50686
29286
41288
56447
46533
9192
94682
28553
96243
39945
46909
504
36781
9799
40356
89414
89594
60752
69051
11160
64854
46960
30915
21703
48212
69779
99564
38751
74558
41231
98890
48630
22490
15715
95478
21221
52989
4691
56704
36650
11819
87075
67845
11866
75473
60572
12392
27346
69152
1421
86128
72180
67045
5671
94578
75885
37723
40212
2354
10343
74141
28892
64727
60275
74819
84010
55699
12667
1240
91620
39029
26251
26265
65600
11728
47307
58830
44716
11608
82621
65373
37105
97049
22433
40663
64653
79777
98345
98454
59110
63708
86405
72752
72391
16070
5102
27273
47381
25812
7612
95504
91097
60658
79532
99710
87646
12984
38256
79179
2180
72293
10730
78638
25671
50595
877
41775
78178
94861
3406
60162
53145
93579
71962
43105
60376
12406
61236
27558
10612
67134
47975
96249
54444
11699
88149
98397
18682
55611
16093
44942
33966
23282
12247
31748
95037
45564
31491
60778
67113
94332
2623
21849
54031
28343
29417
74890
8365
26124
40877
70979
80600
97436
39045
59462
52433
17606
40558
90568
9729
20677
22056
30179
83012
17140
73547
97109
76356
68619
82717
87090
95197
15675
77991
26713
8435
66193
22532
60677
69986
7333
63080
86169
40468
23139
2557
68896
72518
1692
86154
79308
13891
98549
76042
17691
33058
94743
83591
83048
97439
55287
54872
20646
76849
14942
60647
72081
64348
32165
42350
5532
34870
2666
82065
6261
65015
63717
19776
96063
92604
86591
84958
66657
68449
5403
89399
72496
15177
75787
48541
21494
20874
2990
27984
20939
33264
84347
47620
22000
38408
54404
93006
24504
52097
74302
70309
74052
99558
202
30827
94751
58820
74777
38918
62263
58596
66054
20808
46302
46210
33121
3228
46963
10068
97676
38318
3149
6908
62248
34633
32027
90278
365
76891
88876
20598
51040
16884
40
3765
79295
24279
49763
63445
8582
80481
67253
63912
8696
78620
79765
58985
34630
7074
78049
23289
38544
95302
23887
50257
31145
83945
43329
50623
58163
41674
47462
56783
94580
57871
12994
80075
72608
63148
22405
69931
66283
50623
83763
96421
13413
21892
66088
16480
22417
8976
96117
79312
15354
97802
81978
2512
76619
30045
27118
30166
26625
58876
53287
91708
61451
36721
6689
29780
83826
88215
81645
27912
11419
55057
93692
22207
43037
81371
17769
2948
69994
19817
425
99820
7421
37494
80434
59969
40345
18459
62319
80061
10029
53464
80419
13911
10602
44449
85183
36508
91851
7090
5176
85347
77995
51917
21789
87484
9240
96429
54480
36001
17586
6901
36711
74098
31209
32496
21716
17198
82068
59821
61629
44503
57984
14369
46725
54958
96828
22094
13598
78465
18390
7925
8004
51641
66969
96348
44450
57634
63966
65176
55571
35122
38353
20825
71168
70105
33853
31247
28414
50693
53365
5173
60354
35511
6628
64085
41270
34331
38495
73024
81592
90641
70311
42137
12681
23961
33253
7047
88192
16852
10775
68393
41068
51303
43877
8333
31943
84322
52827
68667
40344
35812
63682
89464
10024
27938
52941
58092
89214
17606
93651
31770
4150
90455
43162
44309
22994
77173
85857
65121
20974
44780
88048
1466
29536
78185
54769
2986
3764
49120
55295
21453
41972
82708
83077
90458
55974
32487
48967
28466
57849
84743
18712
64711
39475
43679
70685
39245
65385
92411
63056
61261
7131
50846
92897
7983
66983
62262
57211
11210
36104
42666
62075
23160
54941
19140
88981
82661
30210
31882
93433
55302
88421
33943
92105
11373
38903
62118
82375
52331
69774
80020
55487
88696
637
42051
9444
59508
36070
16443
6023
21377
30028
29559
90016
32436
7859
81917
2197
26681
96086
24965
59247
61578
97068
13843
47939
3749
52320
37246
78648
34058
65904
9045
80621
74057
80693
44807
5543
8828
39099
95255
86812
71250
94837
36920
2397
70235
20596
55742
61468
28949
88800
39023
83082
54500
65434
41675
84262
11898
99509
34210
32489
70814
78110
44978
28922
88526
75212
38975
60170
27235
50670
11610
41908
39067
91428
74573
12814
42457
65102
34607
49
94220
73016
31674
81322
15781
66367
15604
65400
42594
54220
92259
69320
79148
36908
31113
64721
95221
45381
94482
15245
77717
90138
53536
42063
80075
79482
64016
60247
1750
98740
94369
50843
47698
39987
43873
59081
62635
28870
29101
94044
15561
64454
49587
45779
26275
99989
26527
53313
3514
51449
53638
7021
92317
59847
31706
22057
22763
39665
95839
28056
71654
57660
65787
75588
74772
42395
35269
97819
41196
45540
88449
67402
83360
70978
20329
29120
73686
25048
84181
94899
10985
42096
11805
29052
88664
37507
32339
90362
83816
13686
37943
71916
67589
92660
10631
84429
33110
71782
66768
56050
98483
67872
5727
76971
56199
36696
83705
54131
43840
84732
36597
81043
76028
75564
70352
3587
68560
88476
94926
31794
43891
909
97913
26915
61034
57380
10756
26923
200
2782
94128
49996
36565
78956
79282
75081
63333
15864
84708
94122
92523
96069
75116
74304
41996
4578
7491
97726
11389
18283
38200
58888
2822
52207
79591
68199
96414
37493
58278
20614
60568
22680
24313
694
80344
59175
50173
29232
21380
47620
45577
42713
29316
31776
8589
35178
27915
22810
43941
5874
48316
48984
38535
69905
19962
43683
15715
97600
48466
41461
38540
83412
45764
44817
82065
38522
37927
55269
65072
17840
78564
32563
77761
70133
81575
86312
29922
45501
49200
73209
61017
15969
34561
4133
53102
86511
6866
37610
11643
36982
10188
72478
53787
29111
78393
29367
98004
30138
26616
50494
28475
84270
95045
11619
87161
24635
38719
60904
83567
48351
4500
99073
29873
14286
88842
20264
48300
72731
44184
50190
43536
23719
51938
36025
98372
38327
85353
74999
50802
74529
86619
67065
57819
14002
9838
25196
21009
54016
61910
43790
56587
89213
48208
11487
61379
84941
56579
80053
10586
70998
81224
60761
84339
81980
47004
37371
30703
24917
90248
57563
57374
33054
32036
58790
21402
72558
79893
40274
76332
8445
44403
23929
5978
3091
64347
5469
63223
49346
25398
732
34186
18082
80372
89228
65564
17463
75604
65403
73519
49737
53705
19563
17460
20558
98416
32381
82971
74294
16359
9989
36084
79652
72049
41467
28213
84429
9594
14356
78809
87329
76462
40204
9094
91514
46965
3039
30102
6134
71709
67486
91270
22692
36319
27565
89769
58998
65351
14176
82306
69148
98761
52213
14807
98673
47055
99159
71642
78259
15759
89086
66515
77852
56484
53116
78338
54243
84343
48272
16548
89694
31198
23983
49600
1316
122
62590
87765
10474
9406
46212
67895
28884
4791
71405
82640
28657
3079
12683
19061
17853
35870
90249
51918
26832
76001
52541
95818
73384
87263
8042
96555
6457
85153
94286
16559
66398
14650
27810
663
33897
57156
65298
83093
94632
57904
68111
16622
19355
10240
39210
14407
92971
25861
55956
54742
517
75266
27237
80052
47285
52750
46197
62300
36747
55929
74614
26770
76141
43289
1685
51268
73307
56231
79577
360
35998
77916
37465
91896
44576
26957
43854
92171
80728
14365
84283
60264
99870
81620
34512
2859
90501
53404
20361
33954
47982
94779
51972
23009
38518
1994
11045
3920
55089
39309
34365
50094
77325
48505
21326
90823
71303
56489
75957
46185
52200
27235
78832
23789
18754
30457
77092
41563
17467
29379
70892
79663
85520
79223
48067
6415
55907
59783
99431
50062
20240
33577
60508
70323
63387
47416
87805
24225
28317
3850
9394
38646
45215
19814
94021
7776
18467
45136
83888
52478
70932
62216
18673
83456
40330
67602
71825
13341
35945
69888
10369
95516
28833
52982
89880
43649
31186
47087
82816
86271
35928
14932
26952
43913
21284
6694
12248
11658
45379
31317
98438
48425
6804
57798
92197
68800
2417
89743
97788
80256
47848
13537
691
86469
63324
47783
2864
43543
97013
5967
83359
39458
79639
3786
51933
76925
45256
28519
85982
60057
76110
64328
58369
16551
2261
97580
16958
39077
58722
63174
66446
37091
41709
11664
76210
6825
53785
18113
85175
76361
36533
22180
63098
91712
84464
81950
52253
56590
56445
59263
86684
78140
57503
84283
5067
52229
29116
45043
43084
6858
49331
47456
33142
7593
34918
26206
15790
63552
77370
2558
73150
26788
33611
81063
88063
88180
21472
84490
98153
60793
64309
27625
96768
30264
15094
5854
16232
4231
57164
63631
45297
31598
72078
98974
84436
64982
55202
26136
89918
36695
21443
33851
89325
59230
65599
26231
99526
69137
44795
17382
71355
22404
43502
79232
26144
90298
48042
6633
56356
49412
32358
17151
80177
87450
97867
29836
29593
96417
86459
12638
32118
3282
72399
64148
23945
15685
39218
83412
48566
1107
54607
85850
34316
61406
69679
91035
99003
29872
53981
96116
983
94455
3568
23021
22539
60191
12997
56203
48774
33826
14942
67396
87948
56972
75274
63244
2874
16782
92218
44952
35193
15806
17768
5605
92584
53777
22743
68017
75075
14546
76543
59664
18062
79507
94100
10043
77980
33877
35770
13291
49931
42649
7726
17953
61728
41550
73828
79596
26361
37973
81296
89744
7357
44820
95465
33315
84910
72443
31021
3155
2010
97146
4953
10222
73116
21623
6352
28129
48469
11283
2588
94430
31439
29278
12579
67577
39545
44154
50142
92426
78248
47714
89772
82118
4008
38860
9182
25182
10876
61625
9325
40143
94213
41356
22821
66900
57683
11089
58173
79310
99681
27320
2262
79500
60517
19173
93902
7614
61225
99184
6877
68631
88590
82297
34543
8493
40585
76734
16494
2284
29013
61165
71465
8377
93948
61598
11363
547
99770
34432
54377
7673
36021
61949
4402
34314
95503
77309
42780
531
26257
87689
54397
1226
11943
44602
43711
79532
64131
36999
52843
99028
62090
31039
4327
43039
15014
38269
98757
97767
62662
38384
87350
15608
9539
80478
3606
49742
11211
59563
62576
98375
89313
60982
2952
24461
3363
97833
98819
74309
73433
2816
87559
58449
27603
85382
67703
98324
15417
9241
34517
23763
11604
32201
53932
49954
99807
20115
32089
8103
88700
44573
59829
37163
62463
63536
18680
2401
30130
42732
73202
10051
53720
20375
16014
30665
52697
87139
70476
79668
90849
59507
16965
63103
76425
55983
91829
25827
42117
33485
61978
67809
32340
6655
10760
94388
95416
15992
30152
621
7221
61232
76641
57402
89046
62035
82786
98108
46354
57373
28632
29514
29270
10755
90434
89806
42478
79990
21882
97467
19270
73038
78976
40601
76698
46192
72585
54461
95704
13286
21818
81843
36576
67979
99724
53209
17588
7322
73142
98168
94333
79761
59826
27872
62258
88709
18999
87492
15764
57606
1372
18587
87466
59975
16730
14886
41936
87147
55128
58690
18356
50746
98851
90554
49662
43476
19573
1321
10008
83854
18718
83500
22426
76102
17268
12584
59592
67601
69684
53792
13994
34755
47542
12836
38439
19677
10981
81102
38858
43769
95710
95883
71889
96949
97128
61676
75900
46437
44260
3240
86417
56786
28843
42573
92622
1588
72346
20668
48165
76694
51305
28565
29439
9209
10140
81148
68383
51242
88862
84720
89620
34857
57499
60821
67638
39434
59478
65595
3278
99737
83775
29297
83611
38339
35529
75516
53853
6664
88170
82188
50392
17011
40767
22352
9933
27130
13689
83938
85752
16529
34911
75443
92068
16843
22268
35063
19526
20266
94996
68392
3899
31578
5734
55374
7729
57556
52752
20987
68254
10340
9073
65801
76394
66512
25948
68657
38644
41047
60975
36296
36208
27502
17065
11751
63670
41874
696
16435
13782
42484
37027
72412
18609
77210
81798
51197
78080
32476
64943
77254
18404
51102
40198
93434
92836
1090
38271
4869
47049
1315
90917
88776
74411
89213
65606
5074
50019
80493
52477
28158
87733
15696
81327
72388
70697
74084
13712
27506
22656
38732
45084
55743
12653
86664
64331
5938
73852
61967
68137
27419
68885
1410
7062
58619
81568
22883
24680
16529
43524
791
85373
12080
88312
44173
30233
1539
92149
18341
84651
66554
43635
82456
56614
85213
31883
46858
12364
50772
93329
10810
32676
22932
18130
16938
96440
87443
58027
10389
15047
54239
62918
16876
45039
95886
33166
48316
58608
90642
6245
43744
60286
74054
62217
95844
20651
59496
342
11343
39444
75223
1392
29258
54907
82882
30761
31440
33007
76481
70521
44983
95552
16584
10649
14448
2031
99875
93566
83284
88007
76162
28918
56743
19554
64566
59665
8725
2280
33303
84371
27862
16031
46896
9400
21540
85992
49681
47178
42062
85487
74846
66508
27483
24289
63273
60500
7738
5582
26984
75490
79936
87278
73645
94494
27259
84010
50127
36303
54465
5263
98071
59148
80773
73422
72613
78012
85500
51635
36469
57110
72258
65747
42552
52579
40225
42850
35194
5221
27005
18124
36486
59610
98706
32126
54258
45554
58069
65729
60796
74709
71077
75145
53136
53129
20472
23299
21529
21910
65560
51431
49057
63548
99448
21176
10899
94860
31111
42838
72016
18335
78404
66473
91867
42307
52719
50098
22473
25158
18539
25296
20190
86062
91907
27802
70179
89978
42674
33591
66156
85686
35780
77541
14662
90530
29454
15094
13303
23241
6189
83589
81500
84336
56955
86356
40353
56150
51704
95154
63763
4357
67988
38822
47284
87873
4601
7216
5605
36101
56425
20144
37152
62006
892
81666
25907
64844
99731
62721
81930
47134
77366
86119
19844
42214
26720
15231
57025
6139
23616
64266
60294
90253
87077
84765
40425
19249
98347
36129
72374
84796
51460
7016
76601
84429
38326
48891
48555
30919
3105
4686
36999
64831
3924
45499
42185
89773
71616
94169
43333
33964
82888
19304
34119
57524
88605
63690
56871
15852
48548
90360
2411
7935
19983
80970
22778
91156
62943
15234
45088
70911
59181
32107
45762
54329
32518
84100
91854
36168
49197
39582
98104
84706
61931
9965
24709
43304
23827
72531
95779
44964
74182
85332
57215
41226
6950
79250
11716
59730
35683
65326
25813
30865
73241
22505
12660
20140
44342
79104
46070
18132
78163
27944
94340
25387
38189
93231
13163
7695
39503
39034
13012
24397
48871
77132
63797
74360
76548
68550
29592
78479
95881
58952
34771
71870
49887
94526
13991
30034
51097
2775
24515
44799
91055
90226
51101
41999
70183
87602
68064
45788
94501
38784
20436
94021
54633
44787
18627
20291
94015
7140
50802
6638
273
93937
33208
8213
40735
42047
22672
16808
70272
22247
33392
68724
83311
61510
57844
66785
96701
64140
54113
43103
36131
42721
85803
19958
99402
6396
86279
16560
30139
55942
48941
58643
65706
83487
7896
51504
3141
54945
41951
53802
33394
55737
97141
94484
19819
9776
94439
96687
32046
57055
10321
22727
85191
24966
58626
35896
81632
9260
58881
84901
2162
15225
31450
27480
79880
75105
87970
11171
67103
58665
3441
30488
29333
89978
35010
45168
74846
75737
42945
96588
17288
84735
40583
6179
44586
43140
30784
32047
38965
86267
9476
82920
62241
53086
69279
58779
14674
96475
41941
73064
99587
80579
36748
6625
42881
8664
42909
32652
17321
28002
77918
56166
36460
18731
96781
72116
70265
92392
69043
21783
76246
14556
41398
71105
75239
49676
41879
52786
42026
32502
17882
80945
82916
2243
67113
18166
44697
26875
18958
56196
56828
84888
19940
13773
29814
81328
16752
82407
20209
24651
59339
90836
27808
66609
16183
31353
14599
64856
31397
35236
26662
27377
67481
78442
36410
28633
37082
85030
84992
32675
83757
44785
99667
74747
47219
12802
62965
21897
36042
83341
87052
31069
9784
7745
44575
56393
97901
68897
64946
21211
18909
13485
99820
71659
15976
139
57046
15879
56574
34257
53124
39943
37907
44883
59049
51012
22797
37124
46664
22644
87518
29667
12652
80899
45338
43359
91908
88719
2455
80060
29779
13703
23117
4003
99166
83670
14103
8894
42917
80051
80147
84537
7084
17298
55583
47935
8974
30274
11829
73734
11445
99271
30073
8779
21728
12607
89418
2078
84915
59970
52582
67394
29087
59595
95072
97833
6393
95736
85983
26422
28317
79843
7973
61643
10241
97017
53850
78409
5960
68641
27652
91676
40631
46205
59713
86013
82891
51034
70637
2406
18946
13585
52574
82091
10585
24927
90538
73739
34606
19924
12594
38442
58894
42157
45169
62732
42586
60124
64876
57714
83450
59642
44066
31670
68867
48938
41689
93979
67536
20356
68002
54120
9612
59116
58617
9838
13899
14388
23811
88000
38487
26150
52077
57361
57017
9490
31462
38414
83739
64073
35385
18908
64471
26455
46720
42132
46419
72750
14420
8717
24317
35254
19435
80393
2809
63430
64510
6453
39722
57903
54282
29412
496
44747
16492
38250
80715
97686
55641
45252
52813
26938
45157
55681
90500
78377
57394
46692
33599
99299
97038
43968
65509
34140
8569
18785
98535
76064
19876
99001
70537
62038
4786
39712
51149
67337
43387
76377
24361
91146
16543
47207
83539
89679
18085
88911
62151
56017
3810
8908
28405
19432
29091
6118
