24
39
39
48
53
69
75
76
76
79
84
86
89
107
139
154
164
177
183
185
186
194
208
211
233
250
251
261
265
288
304
309
313
328
335
335
350
351
358
368
373
388
407
409
411
427
432
436
440
443
456
483
484
490
494
500
505
520
530
557
570
588
622
640
657
664
671
695
700
715
724
724
748
755
797
802
808
812
817
828
829
848
856
858
865
870
873
874
887
902
925
940
944
946
958
968
989
990
997
1008
1020
1024
1030
1056
1064
1071
1086
1117
1119
1122
1128
1141
1166
1167
1185
1208
1219
1243
1249
1250
1251
1253
1258
1264
1268
1271
1276
1281
1282
1293
1298
1303
1307
1334
1334
1364
1365
1377
1381
1401
1408
1413
1452
1457
1460
1488
1490
1494
1517
1521
1525
1538
1555
1561
1570
1577
1579
1581
1583
1597
1612
1617
1633
1635
1640
1647
1676
1691
1691
1713
1719
1740
1743
1751
1755
1763
1765
1771
1780
1791
1805
1815
1835
1838
1846
1863
1874
1885
1906
1923
1927
1929
1962
1997
2007
2027
2032
2043
2043
2050
2062
2065
2069
2085
2086
2095
2146
2147
2150
2158
2173
2187
2192
2193
2198
2214
2216
2246
2250
2254
2257
2284
2289
2297
2307
2310
2310
2325
2328
2333
2339
2351
2366
2404
2416
2425
2441
2473
2481
2486
2514
2518
2519
2525
2530
2534
2550
2565
2566
2568
2571
2587
2627
2636
2666
2666
2682
2687
2693
2726
2728
2739
2739
2746
2751
2753
2776
2785
2795
2798
2804
2810
2825
2838
2845
2862
2882
2888
2908
2913
2916
2927
2936
2941
2952
2966
2977
2989
2993
2994
3002
3011
3011
3020
3040
3058
3066
3071
3072
3075
3124
3138
3149
3151
3160
3162
3167
3174
3175
3177
3182
3188
3201
3205
3210
3222
3255
3258
3278
3284
3303
3304
3315
3322
3342
3343
3346
3350
3360
3387
3411
3419
3424
3429
3440
3449
3455
3458
3458
3468
3486
3495
3501
3517
3532
3535
3540
3550
3552
3566
3567
3571
3577
3580
3583
3592
3610
3610
3619
3627
3636
3643
3643
3647
3654
3708
3720
3722
3724
3755
3756
3762
3765
3776
3780
3788
3792
3798
3799
3806
3808
3826
3830
3854
3857
3863
3890
3902
3904
3910
3916
3920
3924
3939
3955
3957
3977
3988
3992
3993
3996
4009
4036
4037
4044
4045
4072
4083
4091
4093
4096
4108
4112
4146
4170
4172
4180
4203
4207
4210
4210
4238
4244
4245
4249
4263
4272
4274
4274
4284
4288
4291
4293
4311
4315
4318
4339
4346
4368
4371
4375
4377
4398
4409
4416
4443
4443
4448
4456
4465
4466
4483
4501
4505
4517
4529
4537
4541
4560
4565
4565
4574
4577
4596
4613
4615
4625
4626
4635
4638
4660
4678
4703
4709
4750
4763
4764
4765
4774
4777
4792
4807
4834
4840
4840
4858
4867
4871
4907
4913
4922
4933
4937
4957
4969
4981
4981
4983
4983
5028
5028
5048
5053
5091
5092
5099
5118
5121
5123
5128
5132
5141
5148
5177
5198
5206
5241
5244
5244
5247
5249
5250
5265
5276
5282
5284
5284
5286
5286
5297
5318
5351
5352
5355
5362
5373
5376
5413
5463
5469
5476
5484
5488
5490
5503
5543
5578
5586
5597
5605
5606
5613
5639
5642
5645
5660
5661
5665
5680
5703
5706
5716
5722
5752
5755
5770
5772
5775
5779
5783
5786
5790
5799
5806
5807
5822
5829
5842
5846
5848
5859
5870
5875
5904
5928
5950
5951
5959
5973
5979
5992
6009
6012
6016
6020
6033
6067
6069
6071
6082
6102
6102
6113
6116
6131
6134
6139
6164
6165
6176
6185
6200
6201
6209
6219
6219
6236
6240
6243
6253
6270
6278
6280
6295
6307
6315
6316
6329
6344
6373
6379
6400
6404
6406
6422
6433
6451
6471
6472
6491
6495
6503
6503
6505
6509
6523
6544
6564
6571
6572
6572
6596
6598
6639
6651
6659
6673
6678
6683
6688
6693
6703
6707
6708
6711
6716
6722
6731
6752
6753
6754
6768
6781
6783
6797
6817
6828
6830
6838
6840
6844
6855
6864
6875
6881
6914
6930
6969
6982
6995
7006
7010
7017
7037
7044
7045
7080
7083
7090
7102
7103
7113
7117
7128
7136
7137
7144
7144
7155
7162
7174
7176
7177
7200
7221
7222
7223
7241
7243
7246
7257
7269
7272
7282
7286
7292
7296
7301
7317
7321
7329
7333
7333
7341
7342
7347
7358
7358
7365
7368
7385
7387
7397
7400
7407
7432
7438
7445
7448
7450
7458
7463
7473
7487
7488
7510
7517
7531
7535
7549
7564
7573
7618
7623
7636
7641
7645
7658
7661
7673
7686
7692
7703
7706
7709
7709
7713
7714
7723
7730
7734
7736
7748
7753
7768
7772
7794
7801
7821
7833
7840
7849
7854
7862
7873
7879
7885
7889
7892
7901
7921
7930
7934
7947
7951
7965
7976
7994
8005
8006
8021
8052
8056
8071
8077
8091
8105
8123
8143
8145
8150
8151
8151
8161
8167
8174
8184
8188
8199
8228
8242
8251
8259
8265
8270
8274
8292
8298
8329
8344
8348
8379
8387
8399
8402
8411
8421
8423
8443
8449
8464
8466
8474
8476
8482
8486
8540
8557
8586
8593
8603
8608
8613
8631
8670
8687
8690
8692
8711
8718
8719
8748
8772
8773
8777
8777
8781
8785
8785
8823
8832
8834
8850
8850
8852
8862
8873
8875
8876
8883
8901
8904
8934
8934
8935
8939
8939
8940
8949
8951
8951
8959
9006
9015
9040
9053
9064
9065
9074
9085
9085
9110
9134
9149
9156
9157
9162
9164
9179
9193
9194
9212
9217
9228
9229
9230
9239
9243
9259
9275
9285
9289
9294
9295
9296
9297
9308
9325
9331
9336
9340
9379
9387
9396
9399
9407
9412
9453
9462
9469
9499
9502
9506
9528
9537
9542
9546
9550
9574
9580
9584
9598
9601
9609
9615
9639
9642
9644
9654
9658
9659
9660
9669
9676
9677
9686
9687
9689
9699
9700
9702
9707
9711
9720
9721
9727
9738
9741
9760
9775
9777
9782
9790
9790
9804
9809
9815
9856
9873
9881
9888
9889
9899
9900
9907
9921
9924
9929
9939
9940
9942
9943
9965
10006
10008
10019
10049
10090
10099
10121
10122
10124
10127
10127
10130
10141
10147
10163
10168
10170
10194
10219
10219
10223
10228
10229
10230
10233
10239
10242
10243
10246
10261
10271
10276
10279
10280
10284
10294
10310
10319
10327
10334
10343
10361
10371
10382
10406
10406
10411
10498
10500
10502
10525
10557
10567
10589
10590
10597
10619
10623
10635
10643
10660
10664
10678
10691
10706
10717
10742
10764
10781
10785
10790
10791
10798
10811
10820
10827
10827
10832
10836
10846
10849
10852
10854
10856
10867
10869
10882
10886
10889
10909
10922
10932
10945
10950
10956
10968
10979
10985
10989
10992
10993
11001
11041
11041
11044
11082
11084
11093
11097
11097
11105
11111
11115
11126
11129
11134
11139
11144
11144
11145
11160
11160
11193
11225
11227
11232
11238
11239
11272
11279
11287
11290
11298
11309
11327
11328
11347
11360
11370
11389
11393
11394
11411
11414
11415
11423
11438
11440
11456
11474
11490
11503
11515
11524
11530
11533
11552
11561
11570
11592
11603
11611
11614
11615
11621
11655
11662
11674
11691
11693
11700
11725
11746
11766
11767
11787
11790
11814
11820
11834
11846
11856
11862
11875
11877
11880
11882
11887
11888
11888
11892
11895
11922
11923
11953
11955
11970
11970
11979
12013
12025
12036
12054
12070
12084
12091
12094
12111
12116
12138
12139
12140
12180
12185
12187
12197
12212
12246
12253
12286
12290
12296
12333
12358
12375
12376
12377
12380
12380
12386
12396
12403
12407
12414
12422
12427
12449
12481
12482
12494
12529
12545
12550
12553
12574
12580
12597
12614
12619
12628
12641
12648
12674
12675
12692
12696
12702
12710
12729
12749
12752
12752
12758
12780
12789
12796
12799
12805
12810
12817
12818
12831
12854
12857
12863
12864
12871
12872
12877
12880
12882
12892
12915
12937
12940
12943
12954
12979
12992
13008
13022
13042
13045
13046
13048
13060
13083
13090
13093
13096
13102
13112
13124
13125
13137
13152
13169
13170
13182
13183
13184
13216
13227
13228
13232
13264
13289
13300
13375
13389
13445
13484
13484
13494
13498
13519
13549
13572
13581
13592
13599
13610
13614
13628
13631
13632
13669
13673
13681
13683
13684
13690
13705
13705
13731
13758
13764
13768
13782
13787
13793
13793
13797
13797
13806
13817
13823
13830
13839
13840
13851
13861
13863
13871
13881
13890
13898
13904
13908
13908
13930
13947
13958
13958
13959
13959
13982
13990
14003
14006
14042
14050
14054
14055
14075
14083
14090
14091
14121
14122
14124
14133
14134
14137
14140
14150
14151
14162
14185
14197
14198
14216
14219
14219
14222
14229
14232
14233
14240
14252
14270
14286
14293
14309
14365
14386
14391
14392
14393
14404
14408
14418
14428
14430
14440
14464
14466
14468
14472
14485
14502
14507
14541
14541
14548
14552
14558
14570
14578
14589
14602
14608
14632
14634
14641
14660
14687
14688
14692
14722
14726
14733
14741
14741
14758
14758
14784
14786
14793
14797
14798
14815
14820
14833
14869
14876
14906
14927
14929
14929
14933
14947
14952
14953
14954
14972
14974
14974
14976
14989
15005
15021
15037
15039
15039
15046
15053
15058
15064
15069
15069
15074
15082
15088
15108
15118
15118
15122
15127
15131
15166
15170
15172
15172
15175
15175
15177
15183
15190
15196
15210
15254
15254
15277
15280
15282
15287
15292
15315
15318
15336
15338
15345
15345
15364
15368
15383
15389
15390
15393
15399
15413
15413
15418
15433
15435
15445
15461
15481
15483
15495
15500
15504
15504
15515
15523
15557
15592
15604
15608
15610
15623
15640
15647
15652
15699
15701
15702
15709
15713
15714
15721
15734
15735
15750
15771
15792
15801
15803
15804
15817
15832
15840
15841
15845
15856
15862
15868
15876
15877
15890
15895
15931
15959
15963
15963
15973
15979
15987
16000
16015
16035
16041
16046
16067
16083
16112
16143
16153
16172
16178
16214
16216
16231
16261
16268
16289
16291
16291
16302
16315
16335
16337
16338
16349
16352
16356
16356
16361
16382
16385
16407
16437
16444
16449
16479
16490
16495
16496
16514
16523
16545
16570
16590
16621
16630
16636
16652
16659
16689
16689
16705
16709
16729
16732
16736
16736
16738
16745
16750
16752
16763
16786
16801
16838
16838
16840
16867
16882
16883
16888
16916
16917
16927
16927
16945
16958
16974
16977
16991
17012
17017
17020
17029
17050
17060
17071
17073
17080
17086
17103
17104
17106
17106
17124
17136
17149
17158
17189
17190
17191
17212
17216
17240
17289
17293
17300
17322
17326
17343
17344
17349
17358
17384
17393
17400
17407
17420
17440
17441
17460
17479
17479
17480
17488
17501
17505
17524
17535
17536
17543
17546
17579
17586
17631
17670
17680
17682
17685
17692
17695
17695
17712
17717
17725
17726
17734
17737
17739
17749
17750
17759
17762
17784
17786
17792
17792
17818
17821
17846
17871
17884
17884
17894
17900
17901
17908
17916
17916
17927
17937
17937
17941
17952
17962
17967
17969
17969
17970
17971
18009
18015
18026
18035
18038
18044
18072
18073
18080
18094
18101
18104
18109
18132
18166
18178
18179
18199
18218
18227
18239
18250
18255
18297
18309
18320
18326
18380
18385
18387
18396
18404
18413
18433
18452
18453
18454
18460
18462
18462
18467
18476
18489
18491
18498
18498
18503
18512
18540
18548
18550
18581
18582
18599
18600
18607
18626
18635
18661
18667
18672
18682
18685
18693
18696
18708
18720
18724
18734
18738
18744
18749
18752
18786
18787
18815
18823
18849
18859
18866
18875
18878
18880
18891
18903
18917
18918
18922
18925
18932
18936
18950
18951
18973
18978
18995
18995
18996
19015
19017
19019
19020
19028
19028
19028
19030
19039
19042
19067
19074
19090
19116
19118
19118
19143
19161
19180
19180
19191
19219
19223
19236
19257
19265
19272
19274
19279
19281
19283
19297
19297
19307
19326
19339
19340
19344
19344
19356
19374
19392
19401
19414
19419
19424
19463
19468
19476
19495
19506
19530
19531
19535
19546
19555
19562
19607
19608
19610
19613
19614
19615
19623
19627
19630
19653
19676
19713
19729
19733
19742
19746
19747
19747
19756
19759
19762
19780
19796
19823
19833
19838
19856
19860
19880
19891
19892
19901
19931
19938
19953
19960
19960
19977
19977
19988
19989
19990
19993
20002
20010
20012
20051
20051
20054
20061
20066
20079
20081
20087
20092
20094
20099
20104
20116
20139
20143
20147
20154
20157
20169
20191
20195
20209
20221
20229
20231
20232
20238
20242
20245
20268
20272
20277
20286
20287
20310
20317
20318
20320
20321
20328
20330
20335
20344
20357
20364
20370
20392
20397
20406
20410
20413
20416
20423
20428
20429
20453
20453
20455
20457
20469
20470
20488
20492
20492
20501
20547
20548
20549
20553
20554
20561
20570
20571
20575
20579
20581
20581
20584
20587
20599
20600
20610
20611
20620
20623
20641
20653
20678
20682
20697
20713
20728
20730
20737
20742
20749
20784
20796
20803
20804
20814
20822
20844
20860
20880
20895
20906
20917
20917
20920
20936
20936
20955
20962
20988
20991
20996
20999
20999
21006
21010
21016
21035
21041
21041
21050
21069
21070
21118
21133
21137
21150
21160
21178
21185
21194
21194
21201
21229
21233
21244
21257
21268
21278
21299
21313
21332
21345
21351
21363
21365
21386
21399
21413
21417
21421
21431
21435
21452
21453
21461
21466
21468
21472
21474
21497
21503
21504
21509
21516
21527
21540
21560
21577
21581
21586
21610
21622
21645
21655
21671
21678
21702
21710
21712
21720
21737
21759
21773
21789
21798
21802
21811
21830
21833
21835
21840
21848
21852
21859
21874
21887
21890
21909
21910
21925
21928
21930
21934
21937
21954
21957
21976
21983
21987
21987
21995
21995
22024
22040
22041
22053
22063
22082
22096
22100
22100
22105
22121
22127
22129
22132
22141
22149
22159
22160
22163
22166
22168
22168
22187
22195
22200
22203
22219
22229
22230
22243
22250
22256
22258
22266
22276
22289
22292
22326
22333
22334
22344
22348
22357
22367
22368
22369
22376
22381
22384
22425
22436
22436
22438
22445
22448
22450
22460
22466
22466
22492
22507
22508
22518
22519
22568
22578
22585
22585
22601
22609
22614
22615
22633
22643
22647
22659
22671
22693
22694
22709
22713
22722
22727
22728
22765
22766
22780
22810
22828
22849
22908
22909
22918
22932
22940
22948
22953
22968
22975
22983
22987
22990
22996
22998
23008
23017
23019
23028
23036
23082
23086
23103
23104
23104
23106
23116
23118
23122
23160
23163
23163
23164
23186
23187
23209
23215
23226
23227
23232
23238
23242
23246
23258
23285
23288
23298
23302
23303
23305
23338
23350
23363
23389
23397
23413
23434
23435
23439
23461
23468
23473
23492
23500
23503
23510
23521
23525
23532
23570
23570
23573
23575
23581
23591
23591
23595
23599
23609
23629
23635
23657
23662
23664
23665
23674
23674
23680
23693
23712
23719
23720
23721
23724
23726
23727
23733
23734
23734
23747
23756
23756
23764
23768
23773
23800
23823
23825
23838
23881
23896
23926
23932
23942
23963
23986
23988
23990
24008
24052
24060
24064
24071
24079
24084
24099
24103
24104
24116
24127
24140
24141
24149
24177
24191
24199
24213
24229
24235
24258
24263
24266
24285
24290
24330
24331
24335
24345
24347
24370
24375
24388
24420
24436
24440
24445
24453
24456
24464
24472
24486
24490
24499
24519
24530
24538
24564
24579
24585
24598
24600
24603
24610
24614
24621
24636
24642
24642
24682
24693
24697
24707
24714
24714
24716
24730
24730
24736
24758
24775
24786
24796
24797
24802
24803
24806
24820
24823
24833
24843
24855
24868
24888
24894
24917
24952
24955
24991
24992
25006
25031
25050
25067
25082
25083
25093
25116
25122
25137
25144
25149
25149
25153
25154
25171
25193
25193
25194
25200
25206
25210
25215
25249
25263
25265
25267
25280
25288
25288
25293
25297
25298
25307
25314
25317
25328
25346
25351
25363
25366
25368
25372
25378
25380
25392
25412
25416
25474
25481
25491
25493
25498
25552
25562
25581
25585
25611
25623
25626
25639
25648
25655
25661
25668
25675
25684
25694
25696
25697
25732
25734
25752
25766
25770
25771
25771
25798
25803
25819
25819
25824
25831
25831
25833
25842
25844
25849
25856
25873
25881
25905
25906
25916
25917
25945
25974
25995
26012
26031
26045
26048
26071
26078
26078
26093
26106
26110
26111
26111
26117
26149
26172
26192
26199
26225
26240
26243
26259
26259
26263
26270
26278
26302
26304
26316
26340
26345
26347
26351
26389
26402
26406
26429
26441
26451
26453
26457
26460
26471
26497
26510
26520
26531
26531
26534
26538
26546
26547
26551
26556
26565
26580
26582
26583
26592
26605
26620
26631
26640
26665
26675
26678
26689
26690
26695
26697
26709
26715
26723
26758
26762
26771
26787
26794
26820
26882
26884
26888
26902
26907
26910
26923
26927
26928
26937
26947
26952
26959
26960
26976
26977
26981
26983
26990
26997
27029
27055
27070
27078
27109
27111
27128
27142
27146
27160
27163
27180
27198
27220
27225
27230
27233
27236
27240
27248
27255
27278
27284
27295
27303
27303
27312
27316
27322
27355
27355
27357
27376
27382
27383
27394
27422
27422
27440
27442
27450
27473
27489
27504
27508
27515
27518
27525
27533
27546
27555
27572
27576
27581
27582
27605
27611
27617
27638
27648
27651
27654
27660
27664
27664
27666
27669
27680
27713
27714
27720
27721
27735
27741
27744
27747
27760
27763
27768
27769
27774
27779
27806
27808
27838
27859
27863
27874
27897
27913
27924
27926
27927
27930
27944
27954
27969
27976
27982
27995
28006
28006
28035
28060
28076
28078
28088
28096
28105
28119
28155
28157
28165
28193
28217
28218
28222
28225
28234
28238
28245
28246
28263
28286
28295
28305
28344
28381
28384
28388
28397
28398
28405
28415
28435
28451
28463
28471
28487
28487
28495
28530
28550
28555
28584
28604
28658
28666
28673
28684
28706
28708
28718
28729
28764
28808
28825
28825
28835
28856
28873
28874
28892
28900
28910
28923
28930
28949
28953
28963
28968
29006
29011
29024
29028
29036
29064
29072
29073
29091
29097
29120
29145
29147
29161
29165
29165
29189
29196
29210
29222
29223
29224
29240
29248
29253
29264
29292
29296
29300
29301
29301
29329
29331
29367
29368
29379
29394
29396
29405
29414
29419
29426
29428
29440
29444
29444
29446
29451
29463
29464
29466
29482
29487
29489
29490
29495
29498
29508
29509
29530
29536
29548
29560
29560
29569
29585
29585
29590
29591
29594
29598
29605
29614
29618
29621
29627
29632
29648
29657
29663
29665
29673
29680
29689
29702
29741
29785
29823
29840
29841
29851
29872
29875
29881
29882
29903
29949
29966
29971
29973
29996
30024
30036
30042
30048
30048
30054
30057
30060
30063
30075
30109
30116
30118
30163
30172
30179
30181
30190
30217
30258
30272
30280
30286
30293
30301
30330
30343
30353
30400
30406
30420
30431
30433
30446
30458
30478
30483
30492
30499
30507
30522
30525
30535
30536
30540
30548
30571
30579
30582
30589
30592
30623
30627
30629
30630
30632
30651
30661
30673
30689
30693
30709
30711
30724
30735
30758
30793
30793
30798
30863
30872
30898
30921
30931
30946
30952
30966
30977
30978
30987
30999
31016
31028
31035
31056
31061
31081
31083
31104
31123
31124
31162
31165
31167
31183
31185
31198
31205
31220
31244
31251
31259
31271
31285
31287
31287
31288
31295
31297
31303
31306
31312
31313
31315
31322
31322
31333
31380
31399
31404
31405
31409
31414
31416
31448
31457
31480
31488
31495
31508
31516
31541
31547
31552
31572
31576
31583
31585
31592
31593
31605
31609
31618
31628
31645
31650
31655
31658
31671
31679
31681
31685
31696
31727
31743
31746
31747
31753
31759
31768
31771
31797
31824
31835
31836
31852
31852
31865
31877
31897
31902
31903
31911
31980
31986
32005
32009
32025
32035
32038
32051
32053
32066
32071
32071
32077
32077
32078
32091
32095
32097
32112
32121
32124
32128
32130
32131
32132
32143
32145
32171
32196
32204
32221
32223
32229
32234
32247
32248
32254
32260
32265
32269
32277
32277
32282
32308
32316
32328
32329
32353
32368
32386
32387
32391
32412
32414
32416
32429
32438
32443
32457
32459
32468
32473
32482
32483
32492
32522
32536
32537
32544
32548
32554
32560
32563
32581
32590
32593
32595
32605
32627
32633
32646
32654
32663
32668
32669
32669
32674
32685
32686
32689
32698
32717
32729
32733
32742
32747
32753
32765
32791
32793
32795
32796
32835
32854
32863
32880
32895
32921
32924
32931
32936
32936
32958
32963
32966
32968
32980
32987
32999
33004
33015
33017
33019
33021
33023
33029
33031
33056
33066
33074
33084
33084
33109
33134
33143
33159
33169
33173
33209
33210
33215
33230
33234
33237
33244
33272
33275
33292
33295
33330
33345
33361
33369
33378
33388
33391
33393
33394
33406
33406
33414
33423
33435
33449
33450
33470
33482
33483
33490
33499
33501
33507
33508
33516
33548
33552
33552
33552
33557
33563
33572
33584
33600
33607
33610
33630
33646
33653
33657
33663
33679
33680
33714
33716
33721
33725
33728
33747
33748
33762
33769
33771
33775
33776
33780
33794
33804
33809
33821
33844
33851
33854
33858
33871
33896
33901
33927
33931
33946
33950
33976
33990
33997
34000
34029
34031
34060
34078
34083
34099
34106
34111
34142
34145
34149
34153
34156
34183
34210
34233
34243
34247
34272
34274
34279
34315
34320
34321
34341
34358
34359
34366
34370
34389
34398
34415
34415
34416
34443
34445
34446
34447
34467
34489
34491
34523
34528
34540
34542
34544
34546
34555
34558
34558
34573
34574
34584
34615
34621
34634
34643
34644
34657
34663
34667
34668
34686
34688
34696
34702
34703
34713
34716
34752
34776
34782
34784
34784
34788
34791
34791
34815
34819
34828
34835
34840
34841
34842
34848
34857
34858
34880
34891
34897
34911
34919
34921
34931
34937
34942
34943
34955
34967
34975
34978
34996
35017
35023
35036
35045
35058
35071
35079
35080
35082
35085
35087
35106
35108
35122
35147
35149
35155
35161
35174
35182
35185
35189
35204
35214
35224
35252
35261
35266
35269
35270
35304
35322
35324
35329
35357
35366
35369
35381
35384
35392
35393
35395
35402
35405
35409
35412
35420
35423
35426
35429
35431
35434
35441
35446
35466
35469
35469
35479
35484
35487
35501
35502
35503
35511
35518
35529
35532
35549
35581
35591
35600
35602
35603
35603
35615
35618
35641
35645
35680
35684
35697
35700
35707
35712
35719
35753
35758
35759
35778
35791
35796
35834
35844
35844
35855
35861
35862
35863
35863
35875
35903
35907
35919
35925
35936
35941
35953
35961
35967
35975
35991
35995
36006
36014
36027
36031
36081
36083
36086
36089
36093
36093
36094
36131
36174
36189
36192
36193
36202
36234
36240
36272
36275
36287
36290
36303
36329
36335
36341
36344
36345
36349
36356
36390
36409
36415
36415
36415
36419
36420
36439
36452
36463
36470
36471
36495
36509
36517
36521
36528
36529
36529
36540
36541
36555
36560
36570
36593
36610
36618
36619
36620
36622
36644
36649
36678
36691
36698
36702
36705
36726
36728
36756
36761
36778
36803
36804
36828
36850
36853
36873
36914
36932
36934
36937
36942
36942
36952
36967
36992
37005
37021
37045
37101
37103
37105
37107
37109
37118
37120
37123
37124
37145
37151
37168
37172
37177
37177
37202
37215
37232
37238
37242
37248
37260
37276
37305
37305
37306
37314
37316
37324
37330
37331
37331
37336
37337
37352
37365
37374
37376
37378
37393
37396
37397
37413
37436
37439
37463
37464
37467
37467
37489
37493
37495
37499
37505
37507
37521
37545
37551
37553
37576
37583
37585
37605
37609
37609
37613
37625
37637
37649
37659
37668
37671
37674
37675
37679
37680
37700
37702
37709
37723
37725
37728
37739
37761
37769
37816
37822
37836
37841
37846
37853
37871
37873
37879
37884
37900
37901
37913
37915
37916
37916
37920
37928
37952
37952
37953
37962
37966
37966
37968
37987
37987
37991
37991
37993
37995
38001
38002
38015
38018
38038
38058
38075
38087
38088
38100
38104
38113
38121
38122
38134
38137
38144
38162
38170
38174
38181
38186
38190
38193
38210
38218
38232
38235
38255
38284
38304
38317
38331
38348
38362
38366
38379
38397
38406
38414
38418
38429
38436
38452
38473
38481
38502
38509
38519
38556
38562
38564
38582
38583
38597
38597
38606
38646
38653
38661
38673
38676
38676
38708
38730
38735
38740
38740
38748
38788
38789
38797
38812
38813
38816
38827
38841
38864
38881
38895
38902
38935
38943
38952
38971
38972
39005
39010
39013
39035
39039
39042
39046
39050
39059
39061
39065
39074
39085
39088
39089
39092
39094
39095
39125
39145
39196
39199
39207
39212
39223
39224
39226
39260
39261
39264
39274
39292
39300
39301
39303
39346
39368
39382
39394
39403
39404
39487
39496
39500
39522
39529
39536
39556
39558
39563
39565
39565
39580
39605
39606
39609
39614
39624
39633
39641
39642
39659
39668
39670
39679
39681
39682
39688
39713
39722
39737
39738
39745
39763
39764
39768
39773
39804
39810
39848
39849
39851
39856
39860
39875
39875
39899
39915
39919
39927
39936
39937
39940
39952
39958
39971
39971
39976
39980
39992
40011
40031
40031
40036
40045
40046
40049
40054
40070
40076
40108
40112
40122
40134
40146
40163
40183
40194
40225
40225
40244
40251
40267
40280
40280
40289
40290
40295
40312
40358
40369
40376
40397
40399
40412
40414
40419
40430
40457
40459
40496
40496
40515
40560
40571
40574
40581
40585
40595
40598
40602
40605
40606
40635
40637
40650
40664
40676
40679
40685
40697
40700
40705
40707
40737
40742
40752
40759
40767
40777
40778
40779
40790
40793
40798
40802
40807
40816
40817
40822
40851
40853
40859
40863
40863
40864
40866
40872
40874
40877
40892
40892
40895
40906
40934
40976
40991
40993
40993
41012
41050
41051
41056
41056
41058
41067
41076
41087
41095
41098
41099
41100
41126
41131
41151
41151
41159
41163
41177
41179
41183
41197
41203
41209
41211
41251
41271
41282
41291
41311
41316
41323
41334
41383
41383
41385
41389
41392
41398
41401
41405
41435
41438
41446
41461
41465
41483
41486
41492
41516
41531
41536
41540
41579
41583
41595
41610
41612
41624
41634
41640
41662
41678
41696
41696
41700
41704
41713
41723
41724
41735
41755
41773
41781
41808
41820
41827
41828
41838
41856
41877
41881
41894
41906
41908
41910
41941
41941
41946
41956
41973
41974
41981
42018
42020
42020
42021
42024
42030
42034
42036
42054
42069
42069
42073
42076
42076
42077
42122
42122
42123
42137
42140
42145
42156
42188
42204
42213
42222
42235
42236
42239
42249
42252
42271
42280
42288
42303
42307
42314
42324
42326
42334
42361
42364
42373
42387
42397
42408
42414
42416
42426
42426
42432
42435
42440
42448
42468
42477
42478
42485
42485
42507
42520
42527
42531
42534
42541
42544
42563
42568
42572
42587
42598
42605
42608
42615
42621
42623
42634
42644
42683
42685
42696
42698
42722
42738
42744
42752
42766
42785
42797
42802
42803
42806
42811
42827
42846
42860
42865
42869
42887
42897
42901
42910
42913
42920
42929
42930
42930
42933
42940
42958
42990
43006
43007
43021
43052
43054
43056
43057
43064
43071
43084
43092
43099
43101
43102
43105
43112
43125
43129
43134
43141
43150
43164
43169
43171
43172
43176
43186
43199
43201
43221
43238
43238
43243
43261
43290
43296
43296
43307
43317
43323
43324
43332
43332
43339
43344
43363
43372
43413
43420
43433
43458
43460
43479
43516
43522
43531
43531
43536
43537
43584
43588
43607
43611
43612
43612
43638
43644
43645
43650
43656
43675
43683
43697
43723
43725
43726
43748
43750
43764
43789
43791
43801
43811
43824
43845
43852
43853
43861
43862
43862
43866
43879
43889
43890
43899
43916
43960
43966
43971
43980
43994
44003
44031
44035
44085
44105
44120
44122
44148
44150
44152
44167
44170
44171
44172
44183
44188
44195
44199
44200
44204
44210
44211
44217
44223
44237
44238
44243
44261
44269
44277
44277
44283
44304
44305
44313
44317
44333
44338
44361
44364
44364
44365
44372
44379
44388
44397
44406
44413
44425
44434
44448
44467
44490
44491
44492
44529
44535
44537
44566
44588
44592
44595
44598
44603
44607
44609
44615
44620
44629
44645
44658
44683
44703
44704
44705
44712
44714
44744
44747
44755
44770
44784
44787
44800
44803
44830
44850
44852
44860
44863
44892
44899
44921
44935
44948
44989
44991
44999
45013
45026
45044
45045
45048
45049
45064
45065
45067
45079
45090
45096
45117
45126
45130
45134
45139
45165
45188
45225
45232
45247
45257
45258
45273
45284
45288
45290
45305
45313
45315
45324
45328
45338
45346
45349
45355
45368
45388
45400
45418
45426
45443
45443
45448
45451
45454
45460
45490
45492
45493
45494
45500
45502
45503
45505
45506
45526
45528
45535
45584
45591
45599
45600
45607
45620
45628
45638
45638
45647
45648
45651
45674
45680
45682
45771
45783
45791
45792
45793
45796
45803
45817
45838
45841
45848
45855
45862
45879
45898
45949
45954
45955
45961
45963
45972
45983
45994
45998
46009
46077
46081
46085
46087
46095
46096
46103
46110
46111
46116
46121
46136
46136
46142
46162
46165
46167
46176
46191
46196
46216
46242
46249
46251
46253
46270
46296
46320
46331
46336
46341
46346
46365
46371
46381
46404
46407
46410
46433
46439
46454
46457
46461
46468
46468
46473
46486
46495
46495
46496
46516
46524
46528
46568
46573
46601
46610
46617
46624
46625
46625
46627
46628
46631
46643
46647
46654
46671
46673
46711
46729
46736
46737
46745
46747
46749
46756
46782
46801
46811
46826
46826
46874
46875
46881
46901
46904
46904
46919
46920
46924
46939
46950
46997
46997
46998
46999
46999
47000
47019
47048
47051
47068
47073
47078
47078
47096
47100
47108
47111
47116
47124
47140
47159
47166
47173
47176
47188
47198
47201
47201
47211
47211
47212
47221
47249
47252
47260
47269
47273
47275
47282
47300
47301
47304
47306
47327
47346
47352
47379
47407
47408
47441
47456
47458
47460
47466
47469
47494
47497
47501
47504
47510
47517
47542
47562
47581
47583
47589
47594
47604
47607
47624
47625
47645
47659
47662
47663
47664
47682
47683
47696
47698
47723
47724
47730
47730
47733
47754
47761
47773
47780
47783
47786
47795
47850
47860
47881
47898
47902
47924
47927
47934
47943
47959
47965
48000
48000
48027
48039
48041
48043
48062
48083
48084
48085
48086
48091
48091
48095
48104
48107
48112
48113
48119
48173
48181
48182
48182
48183
48190
48192
48196
48228
48233
48247
48261
48273
48303
48309
48318
48319
48323
48344
48345
48350
48359
48388
48420
48434
48435
48459
48462
48474
48480
48487
48492
48493
48495
48495
48506
48516
48526
48530
48536
48547
48553
48557
48571
48573
48573
48573
48588
48592
48595
48597
48598
48628
48634
48641
48658
48664
48675
48682
48690
48693
48702
48714
48719
48723
48726
48728
48733
48733
48735
48752
48764
48772
48783
48785
48791
48795
48811
48817
48825
48830
48831
48851
48878
48883
48903
48911
48914
48956
48987
48991
48999
49010
49013
49021
49036
49038
49042
49043
49044
49049
49055
49068
49091
49092
49104
49105
49112
49116
49119
49207
49220
49227
49261
49263
49268
49277
49290
49303
49303
49305
49321
49323
49345
49346
49360
49365
49379
49383
49387
49396
49399
49400
49402
49402
49408
49426
49465
49466
49466
49477
49486
49512
49515
49517
49522
49536
49548
49548
49549
49589
49596
49606
49612
49620
49631
49633
49638
49642
49649
49676
49682
49702
49718
49726
49737
49741
49751
49756
49763
49767
49769
49797
49818
49819
49820
49822
49828
49837
49838
49840
49848
49849
49850
49855
49857
49865
49870
49872
49893
49893
49914
49917
49924
49943
49944
49976
49988
49998
49998
50002
50012
50030
50032
50034
50037
50051
50052
50061
50069
50077
50081
50084
50087
50090
50097
50136
50138
50141
50149
50150
50158
50169
50174
50187
50194
50200
50212
50221
50234
50254
50261
50263
50269
50273
50284
50295
50298
50303
50310
50314
50323
50335
50337
50341
50364
50366
50375
50379
50389
50415
50421
50424
50424
50427
50451
50452
50472
50475
50487
50494
50497
50497
50502
50504
50517
50521
50538
50543
50598
50598
50598
50614
50614
50624
50626
50628
50629
50655
50670
50689
50699
50721
50722
50747
50761
50784
50791
50828
50843
50847
50857
50871
50899
50900
50913
50921
50934
50943
50947
50949
50966
50970
50973
51036
51043
51059
51059
51068
51092
51098
51104
51109
51123
51134
51142
51159
51171
51179
51196
51205
51208
51216
51226
51227
51244
51263
51270
51298
51299
51302
51312
51313
51331
51336
51346
51357
51360
51364
51372
51376
51380
51382
51393
51398
51411
51418
51426
51430
51439
51442
51455
51487
51504
51509
51518
51519
51534
51536
51543
51550
51551
51554
51564
51571
51578
51582
51586
51596
51598
51603
51606
51626
51641
51648
51649
51653
51665
51670
51679
51689
51689
51714
51724
51731
51732
51740
51761
51771
51773
51775
51777
51806
51810
51825
51846
51857
51865
51865
51893
51900
51906
51910
51911
51924
51936
51945
51953
51963
51970
51972
51973
51996
51998
52020
52022
52035
52038
52048
52050
52069
52096
52111
52117
52121
52127
52140
52144
52151
52160
52163
52167
52184
52189
52190
52217
52254
52254
52271
52279
52281
52296
52320
52329
52342
52350
52363
52372
52394
52448
52459
52465
52474
52474
52485
52490
52497
52499
52507
52509
52517
52517
52544
52548
52558
52560
52566
52568
52570
52570
52576
52583
52606
52620
52638
52648
52649
52650
52664
52685
52693
52703
52711
52713
52727
52732
52747
52752
52759
52774
52789
52822
52838
52842
52850
52876
52878
52889
52909
52910
52914
52915
52932
52949
52988
52991
53004
53025
53026
53043
53049
53057
53085
53088
53092
53105
53111
53119
53138
53142
53147
53148
53160
53165
53175
53181
53191
53208
53215
53219
53224
53228
53267
53273
53277
53286
53288
53295
53310
53316
53330
53345
53347
53350
53353
53396
53405
53412
53414
53452
53460
53461
53471
53487
53489
53507
53509
53519
53530
53542
53562
53574
53575
53590
53609
53618
53652
53694
53698
53700
53703
53703
53704
53706
53718
53728
53732
53759
53766
53768
53777
53790
53795
53817
53861
53861
53867
53868
53870
53871
53873
53882
53886
53894
53894
53902
53909
53916
53918
53919
53920
53926
53946
53958
53964
53969
53974
53986
53986
53992
54002
54008
54011
54019
54033
54033
54040
54040
54046
54055
54058
54081
54085
54095
54098
54111
54120
54125
54130
54145
54146
54166
54166
54193
54199
54215
54217
54219
54222
54234
54246
54247
54248
54262
54262
54271
54296
54299
54311
54318
54322
54335
54366
54367
54373
54377
54389
54409
54411
54416
54422
54425
54445
54468
54474
54484
54496
54507
54522
54524
54551
54559
54560
54564
54567
54574
54581
54593
54597
54602
54605
54641
54656
54675
54688
54702
54709
54718
54720
54735
54739
54744
54753
54773
54792
54796
54799
54815
54818
54824
54835
54839
54847
54854
54864
54880
54893
54896
54947
54948
54952
54953
54968
54970
54983
55033
55063
55067
55071
55076
55090
55100
55112
55120
55121
55128
55131
55133
55138
55141
55160
55162
55165
55172
55179
55186
55201
55203
55207
55215
55231
55248
55251
55253
55276
55285
55292
55334
55361
55375
55382
55394
55396
55404
55407
55420
55421
55439
55445
55467
55468
55470
55489
55491
55491
55497
55503
55514
55531
55539
55542
55550
55558
55562
55578
55582
55594
55595
55606
55610
55614
55622
55626
55627
55629
55630
55646
55662
55676
55687
55692
55696
55708
55714
55719
55731
55750
55751
55751
55766
55785
55785
55787
55801
55819
55832
55837
55844
55854
55854
55859
55860
55864
55869
55886
55889
55926
55926
55946
55982
56007
56009
56016
56018
56021
56025
56032
56047
56050
56051
56067
56072
56081
56191
56192
56202
56220
56246
56260
56265
56269
56271
56283
56292
56295
56298
56304
56322
56327
56332
56362
56381
56388
56404
56406
56418
56422
56435
56437
56454
56456
56457
56461
56461
56462
56469
56488
56490
56508
56511
56525
56525
56531
56532
56539
56548
56549
56553
56557
56560
56562
56597
56608
56610
56620
56633
56635
56651
56651
56654
56656
56657
56675
56680
56684
56689
56702
56704
56705
56716
56719
56723
56727
56727
56728
56740
56740
56750
56758
56792
56793
56795
56809
56831
56837
56840
56857
56866
56901
56904
56910
56925
56931
56936
56949
56963
57040
57061
57072
57073
57082
57084
57106
57107
57114
57118
57152
57157
57166
57177
57178
57192
57202
57212
57215
57230
57230
57233
57237
57246
57251
57258
57269
57277
57285
57292
57298
57313
57316
57319
57325
57337
57356
57358
57366
57371
57387
57397
57419
57426
57451
57462
57486
57487
57497
57501
57506
57509
57523
57528
57534
57544
57549
57550
57555
57560
57561
57563
57572
57575
57577
57617
57625
57647
57648
57669
57683
57686
57703
57705
57712
57721
57724
57727
57729
57739
57751
57755
57758
57767
57771
57773
57818
57818
57823
57825
57831
57851
57851
57858
57876
57895
57957
57974
57986
57991
57992
57994
58000
58038
58076
58078
58117
58123
58123
58124
58126
58128
58130
58130
58164
58164
58179
58184
58189
58192
58192
58209
58209
58212
58215
58220
58241
58251
58254
58269
58272
58281
58289
58295
58312
58314
58318
58328
58336
58392
58417
58430
58432
58442
58447
58451
58455
58462
58470
58476
58480
58500
58515
58515
58522
58558
58571
58587
58588
58592
58603
58616
58643
58644
58654
58663
58667
58673
58697
58704
58730
58759
58797
58819
58824
58828
58833
58837
58837
58842
58853
58859
58883
58884
58889
58890
58894
58910
58927
58934
58954
58955
58958
58963
58973
58979
58986
59019
59021
59023
59026
59031
59044
59044
59062
59076
59082
59091
59102
59107
59108
59110
59119
59143
59150
59157
59163
59178
59206
59217
59222
59228
59230
59238
59251
59263
59269
59293
59300
59308
59328
59334
59336
59372
59377
59392
59400
59415
59423
59427
59427
59429
59435
59452
59453
59462
59469
59471
59483
59496
59518
59536
59537
59539
59564
59569
59571
59574
59597
59601
59604
59614
59615
59617
59632
59643
59654
59657
59665
59666
59731
59736
59738
59751
59756
59759
59773
59776
59788
59793
59799
59802
59803
59804
59819
59821
59832
59841
59863
59871
59879
59884
59892
59972
59973
59977
59985
60000
60003
60013
60016
60018
60020
60031
60036
60062
60089
60125
60139
60158
60159
60173
60176
60208
60212
60226
60227
60227
60239
60240
60244
60247
60248
60252
60274
60310
60315
60357
60366
60396
60408
60416
60420
60434
60446
60457
60464
60471
60480
60491
60501
60516
60526
60528
60541
60569
60571
60590
60592
60594
60612
60615
60617
60629
60649
60655
60661
60662
60665
60669
60670
60695
60708
60709
60718
60722
60723
60727
60737
60738
60739
60757
60760
60763
60770
60774
60775
60787
60818
60843
60854
60862
60910
60921
60927
60934
60936
60938
60959
60966
60968
60969
60970
60972
60974
60976
61007
61018
61039
61045
61051
61055
61078
61082
61082
61089
61095
61098
61102
61103
61113
61117
61130
61148
61160
61171
61180
61183
61198
61216
61220
61229
61246
61253
61273
61296
61326
61329
61346
61349
61364
61375
61377
61387
61390
61421
61421
61443
61443
61451
61458
61482
61490
61495
61498
61501
61514
61527
61549
61549
61563
61591
61601
61607
61617
61624
61625
61634
61672
61679
61693
61694
61715
61722
61727
61728
61759
61761
61769
61772
61784
61785
61785
61791
61852
61855
61859
61867
61870
61872
61884
61911
61914
61931
61933
61945
61953
61959
61972
61977
61979
61991
61998
62003
62007
62020
62030
62037
62044
62047
62048
62053
62062
62065
62087
62103
62125
62129
62224
62225
62248
62272
62275
62292
62295
62298
62299
62307
62318
62331
62350
62350
62402
62406
62414
62433
62439
62455
62465
62481
62485
62492
62509
62534
62543
62546
62556
62590
62599
62606
62614
62616
62620
62620
62635
62655
62700
62704
62709
62727
62731
62741
62757
62766
62789
62800
62815
62815
62819
62822
62827
62834
62845
62851
62865
62885
62887
62888
62890
62930
62937
62952
62984
62985
63014
63031
63031
63038
63045
63049
63052
63058
63061
63063
63109
63115
63123
63134
63155
63166
63184
63190
63202
63204
63239
63243
63244
63272
63276
63283
63284
63298
63308
63354
63385
63416
63420
63434
63440
63443
63444
63450
63458
63459
63460
63470
63475
63498
63512
63519
63520
63537
63547
63553
63565
63568
63590
63614
63625
63643
63644
63645
63646
63676
63677
63691
63710
63710
63722
63734
63734
63736
63757
63760
63784
63820
63828
63836
63856
63858
63874
63885
63885
63890
63904
63917
63923
63954
63971
63983
64001
64016
64031
64039
64041
64048
64059
64060
64089
64093
64140
64148
64151
64151
64157
64157
64163
64166
64177
64178
64226
64233
64238
64251
64258
64278
64285
64288
64297
64299
64309
64317
64344
64344
64348
64352
64380
64394
64417
64440
64450
64459
64459
64472
64485
64501
64521
64534
64536
64542
64545
64571
64578
64582
64593
64595
64596
64600
64613
64633
64643
64651
64657
64662
64665
64691
64695
64705
64722
64726
64731
64766
64769
64771
64777
64795
64798
64807
64815
64818
64822
64830
64850
64853
64870
64876
64879
64889
64896
64902
64909
64910
64922
64923
64937
64952
64962
64982
64984
64984
64991
64996
65005
65009
65009
65010
65024
65032
65048
65064
65064
65081
65086
65100
65101
65107
65113
65144
65146
65158
65168
65211
65214
65217
65255
65256
65267
65269
65280
65290
65301
65303
65309
65312
65317
65317
65322
65329
65342
65345
65378
65389
65393
65408
65413
65446
65457
65461
65463
65490
65495
65495
65528
65531
65538
65539
65550
65573
65605
65606
65612
65613
65618
65619
65630
65640
65640
65641
65643
65651
65657
65666
65671
65680
65681
65682
65684
65686
65691
65692
65694
65697
65705
65710
65719
65727
65733
65739
65744
65746
65748
65754
65756
65784
65797
65801
65828
65853
65880
65881
65892
65928
65977
66007
66012
66019
66049
66058
66058
66061
66071
66079
66081
66083
66090
66090
66094
66118
66133
66135
66140
66150
66151
66151
66151
66158
66169
66178
66184
66204
66214
66216
66219
66222
66222
66223
66223
66235
66273
66275
66293
66298
66304
66313
66327
66336
66343
66347
66356
66359
66370
66374
66376
66403
66409
66425
66431
66436
66455
66465
66469
66482
66483
66486
66507
66507
66508
66509
66511
66514
66532
66533
66538
66561
66569
66578
66583
66585
66591
66608
66611
66618
66643
66653
66685
66696
66698
66704
66709
66713
66724
66735
66747
66772
66774
66813
66815
66817
66817
66817
66818
66825
66830
66873
66895
66902
66916
66917
66919
66926
66932
66932
66935
66941
66950
66954
66972
66992
67004
67009
67025
67025
67034
67038
67062
67082
67093
67094
67097
67101
67113
67119
67121
67128
67136
67153
67180
67206
67216
67217
67218
67218
67218
67220
67221
67229
67247
67262
67269
67285
67310
67311
67321
67342
67394
67395
67408
67428
67433
67447
67448
67449
67475
67493
67498
67528
67544
67549
67552
67567
67568
67578
67585
67611
67637
67637
67649
67694
67708
67718
67719
67735
67751
67768
67772
67799
67815
67861
67885
67888
67892
67892
67920
67922
67923
67924
67925
67944
67945
67947
67952
67955
67960
67967
67971
67977
67991
67992
67995
68001
68007
68015
68018
68019
68027
68039
68049
68050
68061
68084
68095
68112
68119
68120
68132
68139
68175
68185
68187
68192
68194
68204
68217
68228
68273
68291
68294
68337
68343
68344
68352
68354
68356
68373
68374
68403
68404
68407
68409
68414
68438
68447
68455
68455
68459
68468
68484
68496
68507
68532
68532
68539
68542
68556
68558
68558
68559
68569
68572
68577
68587
68602
68608
68617
68617
68619
68628
68645
68665
68680
68691
68715
68718
68728
68733
68748
68765
68771
68780
68781
68783
68795
68797
68820
68823
68837
68849
68849
68851
68879
68895
68900
68914
68969
68988
69001
69013
69017
69021
69025
69039
69058
69059
69060
69092
69131
69160
69164
69168
69183
69185
69206
69216
69233
69234
69241
69252
69261
69261
69275
69283
69300
69307
69307
69317
69322
69323
69326
69328
69342
69349
69372
69374
69375
69382
69389
69391
69412
69418
69419
69422
69424
69437
69445
69447
69460
69464
69471
69478
69489
69494
69495
69501
69516
69521
69532
69533
69557
69557
69561
69564
69609
69615
69628
69629
69631
69650
69656
69672
69677
69711
69735
69735
69740
69743
69746
69754
69762
69762
69766
69770
69782
69793
69797
69809
69818
69822
69832
69840
69861
69870
69880
69909
69917
69926
69926
69933
69933
69939
69957
69958
69961
69965
69976
69993
69999
70001
70010
70026
70028
70032
70039
70042
70043
70047
70061
70066
70070
70071
70083
70089
70100
70109
70112
70118
70132
70161
70166
70176
70185
70198
70203
70210
70211
70233
70237
70242
70244
70247
70249
70250
70254
70254
70256
70278
70284
70325
70333
70351
70353
70358
70360
70366
70373
70383
70392
70399
70410
70415
70415
70425
70431
70433
70433
70444
70444
70462
70477
70477
70482
70494
70519
70524
70537
70570
70576
70578
70578
70588
70596
70597
70604
70614
70616
70626
70666
70668
70681
70693
70696
70714
70719
70744
70751
70791
70793
70817
70822
70822
70823
70831
70838
70846
70851
70852
70853
70884
70912
70912
70924
70930
70941
70944
70952
70980
71031
71047
71061
71090
71092
71117
71121
71151
71160
71164
71171
71186
71187
71202
71205
71207
71236
71253
71256
71285
71305
71312
71331
71346
71350
71353
71354
71358
71359
71377
71392
71399
71400
71402
71407
71411
71416
71417
71423
71427
71432
71444
71453
71488
71492
71496
71524
71552
71552
71562
71571
71572
71596
71630
71630
71634
71635
71645
71650
71656
71669
71693
71705
71723
71745
71756
71777
71782
71787
71789
71791
71794
71816
71819
71824
71831
71838
71840
71852
71852
71890
71894
71902
71921
71924
71950
71958
71958
71970
71982
71990
72016
72031
72040
72062
72067
72067
72076
72076
72088
72099
72116
72134
72145
72150
72195
72203
72205
72213
72216
72223
72225
72226
72229
72247
72247
72275
72280
72292
72298
72300
72336
72360
72360
72362
72366
72378
72402
72407
72421
72476
72478
72486
72509
72515
72531
72535
72537
72539
72540
72552
72563
72565
72577
72582
72583
72586
72592
72595
72596
72597
72603
72618
72619
72635
72643
72648
72652
72658
72666
72697
72759
72763
72776
72778
72786
72810
72811
72840
72845
72847
72850
72859
72867
72884
72886
72911
72919
72919
72920
72936
72953
72965
72973
73001
73005
73010
73018
73020
73025
73032
73038
73047
73059
73082
73099
73110
73138
73143
73146
73149
73151
73151
73156
73163
73169
73171
73178
73191
73207
73227
73246
73250
73255
73280
73283
73287
73297
73299
73301
73309
73324
73330
73330
73336
73338
73342
73345
73353
73370
73384
73388
73399
73399
73415
73416
73417
73421
73428
73442
73482
73507
73509
73525
73532
73539
73542
73568
73598
73602
73602
73618
73621
73640
73656
73670
73677
73698
73698
73700
73707
73718
73725
73726
73727
73733
73736
73740
73747
73758
73767
73828
73838
73852
73867
73868
73875
73895
73924
73927
73934
73935
73938
73946
73949
73952
73954
73957
73988
74004
74021
74042
74043
74049
74049
74065
74072
74081
74089
74099
74100
74110
74124
74134
74138
74142
74150
74150
74156
74157
74179
74181
74201
74213
74232
74232
74242
74266
74272
74276
74281
74292
74292
74302
74309
74329
74348
74385
74386
74387
74432
74437
74448
74485
74487
74509
74569
74589
74597
74629
74631
74649
74650
74674
74697
74700
74704
74726
74727
74755
74758
74760
74767
74770
74790
74796
74813
74815
74820
74825
74828
74837
74841
74849
74865
74868
74869
74871
74875
74879
74882
74896
74902
74910
74912
74915
74917
74918
74933
74933
74939
74940
74971
74976
74981
74991
75036
75039
75049
75049
75066
75071
75094
75107
75107
75167
75173
75178
75200
75214
75220
75235
75242
75256
75278
75284
75296
75303
75313
75343
75348
75348
75349
75349
75354
75358
75361
75379
75387
75402
75411
75418
75458
75459
75460
75463
75463
75474
75498
75507
75531
75537
75548
75555
75561
75572
75585
75604
75616
75623
75624
75626
75660
75670
75681
75688
75694
75694
75697
75704
75717
75726
75727
75730
75745
75752
75761
75795
75802
75851
75873
75885
75885
75890
75890
75897
75930
75931
75955
75959
75962
75966
75980
75988
76009
76016
76016
76023
76037
76043
76082
76084
76086
76091
76092
76097
76100
76107
76117
76124
76142
76146
76153
76210
76211
76217
76225
76236
76250
76252
76270
76291
76291
76296
76296
76312
76333
76341
76355
76388
76404
76405
76417
76418
76446
76492
76499
76511
76513
76530
76535
76550
76561
76563
76576
76577
76579
76582
76593
76610
76626
76634
76636
76661
76685
76694
76711
76716
76733
76739
76748
76748
76754
76756
76773
76783
76786
76794
76805
76812
76821
76823
76827
76831
76833
76844
76861
76861
76874
76884
76889
76899
76903
76910
76913
76943
76953
76957
76973
76985
76986
76997
77003
77003
77008
77008
77010
77023
77041
77043
77048
77053
77054
77058
77075
77091
77106
77107
77116
77118
77125
77133
77136
77140
77150
77158
77159
77169
77177
77177
77181
77185
77188
77213
77228
77234
77235
77251
77251
77256
77263
77277
77279
77333
77335
77348
77351
77363
77365
77371
77372
77388
77404
77405
77416
77431
77488
77495
77503
77503
77506
77506
77514
77528
77532
77542
77542
77545
77562
77565
77586
77607
77617
77653
77659
77668
77685
77690
77706
77710
77718
77726
77738
77754
77764
77787
77791
77792
77802
77818
77836
77861
77862
77877
77895
77895
77903
77903
77921
77977
77984
77985
77998
78012
78014
78021
78023
78046
78073
78083
78093
78097
78107
78139
78145
78149
78150
78171
78192
78195
78202
78206
78226
78226
78233
78236
78238
78249
78251
78259
78263
78304
78306
78310
78323
78334
78344
78346
78396
78406
78429
78431
78432
78442
78461
78477
78480
78486
78491
78492
78494
78505
78527
78532
78537
78542
78545
78560
78561
78566
78568
78578
78580
78584
78586
78586
78619
78625
78636
78648
78651
78658
78691
78691
78699
78709
78718
78719
78723
78728
78729
78733
78741
78754
78764
78765
78771
78789
78793
78796
78803
78813
78823
78832
78837
78853
78887
78902
78911
78914
78920
78941
78945
78946
78956
78960
78975
78975
79005
79025
79025
79049
79054
79072
79101
79108
79112
79123
79136
79146
79146
79148
79149
79153
79161
79191
79194
79196
79197
79214
79230
79236
79258
79260
79263
79264
79272
79289
79298
79302
79304
79311
79321
79325
79327
79329
79332
79333
79378
79382
79390
79394
79401
79413
79428
79449
79453
79457
79466
79472
79473
79476
79477
79480
79515
79533
79540
79541
79550
79557
79562
79566
79596
79600
79626
79640
79641
79651
79655
79659
79691
79696
79710
79728
79739
79745
79746
79747
79750
79751
79756
79765
79772
79772
79806
79809
79811
79820
79845
79877
79886
79919
79933
79941
79963
79963
79966
79968
80004
80016
80019
80023
80025
80025
80036
80077
80082
80095
80106
80109
80118
80138
80141
80149
80170
80190
80193
80205
80208
80212
80237
80245
80249
80252
80258
80268
80276
80285
80293
80301
80333
80337
80352
80354
80356
80357
80364
80367
80371
80377
80383
80386
80388
80392
80427
80428
80464
80499
80507
80522
80528
80530
80533
80554
80560
80565
80569
80574
80575
80577
80582
80584
80623
80667
80671
80680
80680
80706
80716
80725
80733
80735
80737
80741
80750
80759
80769
80771
80784
80790
80794
80816
80837
80853
80855
80864
80884
80916
80935
80944
80954
80975
80984
80987
81002
81018
81023
81060
81062
81070
81081
81092
81102
81114
81130
81165
81202
81209
81211
81211
81228
81248
81263
81288
81294
81301
81301
81337
81362
81366
81367
81383
81384
81389
81394
81415
81428
81433
81447
81448
81449
81498
81509
81511
81591
81611
81621
81628
81643
81644
81655
81679
81688
81698
81711
81721
81723
81731
81732
81732
81741
81749
81760
81766
81770
81772
81780
81803
81805
81813
81821
81823
81828
81831
81848
81871
81880
81898
81907
81909
81942
81945
81958
81989
82010
82028
82037
82067
82107
82115
82120
82129
82136
82138
82147
82153
82153
82156
82176
82187
82211
82224
82235
82268
82280
82292
82297
82299
82314
82326
82338
82339
82340
82346
82347
82351
82351
82353
82362
82372
82386
82391
82404
82430
82436
82445
82483
82490
82494
82499
82500
82508
82511
82513
82524
82537
82542
82544
82547
82558
82577
82584
82599
82603
82612
82615
82635
82647
82650
82657
82667
82681
82695
82703
82705
82748
82756
82758
82761
82772
82773
82774
82786
82787
82791
82805
82814
82816
82817
82826
82853
82860
82874
82877
82895
82904
82928
82931
82932
82936
82937
82938
82954
82994
83024
83039
83043
83045
83047
83049
83057
83059
83060
83081
83082
83090
83092
83114
83118
83124
83132
83138
83141
83145
83158
83160
83168
83169
83173
83176
83179
83223
83231
83244
83254
83256
83261
83270
83282
83287
83307
83324
83339
83362
83364
83384
83388
83439
83440
83442
83454
83455
83456
83466
83474
83486
83488
83516
83534
83554
83579
83589
83593
83596
83607
83608
83617
83636
83643
83651
83652
83660
83668
83668
83672
83675
83680
83680
83706
83750
83754
83755
83756
83771
83796
83802
83814
83820
83820
83835
83848
83916
83948
83955
83961
83988
84005
84015
84027
84029
84037
84048
84049
84064
84066
84073
84083
84098
84141
84142
84143
84148
84158
84158
84164
84175
84177
84178
84179
84180
84183
84190
84197
84201
84222
84254
84257
84266
84269
84270
84276
84283
84285
84290
84299
84300
84301
84312
84317
84318
84324
84325
84332
84337
84337
84338
84348
84348
84353
84362
84369
84370
84380
84387
84395
84421
84425
84439
84443
84457
84481
84489
84505
84528
84537
84544
84546
84559
84560
84564
84566
84582
84583
84593
84596
84597
84628
84640
84690
84694
84697
84704
84708
84713
84733
84737
84768
84776
84820
84821
84824
84828
84850
84853
84859
84870
84882
84898
84906
84915
84951
84960
84966
84966
84986
85001
85008
85008
85009
85046
85056
85057
85066
85082
85084
85100
85128
85133
85141
85144
85147
85152
85157
85163
85170
85189
85201
85212
85226
85226
85227
85236
85241
85256
85261
85261
85263
85273
85283
85290
85296
85306
85320
85322
85327
85330
85331
85354
85357
85359
85392
85411
85424
85424
85435
85436
85450
85452
85455
85462
85464
85472
85480
85493
85494
85507
85521
85525
85527
85540
85549
85575
85585
85600
85608
85615
85620
85622
85667
85674
85682
85685
85685
85692
85703
85715
85727
85741
85742
85745
85746
85761
85762
85772
85773
85835
85847
85851
85860
85868
85871
85873
85878
85879
85882
85885
85897
85900
85926
85929
85932
85932
85939
85942
85947
85955
85988
85989
86000
86003
86014
86025
86028
86060
86064
86128
86133
86147
86155
86157
86160
86161
86164
86168
86174
86177
86184
86186
86191
86200
86202
86222
86229
86231
86234
86244
86244
86255
86259
86264
86289
86318
86336
86339
86339
86374
86375
86381
86385
86387
86387
86392
86400
86415
86436
86448
86453
86474
86476
86483
86514
86521
86526
86528
86537
86541
86544
86564
86616
86630
86638
86639
86651
86651
86655
86679
86698
86698
86702
86722
86727
86745
86754
86761
86767
86770
86778
86787
86794
86821
86841
86876
86897
86902
86905
86907
86943
86944
86949
86952
86962
86965
86983
86991
86995
87001
87003
87008
87055
87085
87087
87093
87108
87110
87111
87155
87161
87164
87182
87199
87205
87217
87250
87252
87259
87260
87268
87282
87285
87290
87293
87295
87298
87332
87341
87346
87348
87351
87354
87363
87368
87387
87389
87393
87411
87412
87423
87429
87463
87476
87480
87490
87491
87494
87504
87504
87510
87527
87527
87532
87540
87567
87573
87574
87621
87631
87632
87635
87636
87638
87642
87651
87655
87657
87661
87669
87709
87716
87744
87751
87771
87773
87788
87791
87792
87805
87807
87809
87811
87816
87827
87830
87831
87837
87841
87855
87874
87874
87891
87897
87901
87907
87924
87934
87949
87950
87961
87966
87974
87979
87983
87984
87993
87994
88002
88008
88013
88045
88054
88075
88077
88079
88098
88106
88126
88141
88158
88158
88160
88164
88178
88191
88198
88200
88209
88216
88229
88256
88291
88294
88300
88301
88323
88327
88329
88333
88354
88355
88367
88373
88394
88412
88420
88421
88456
88466
88467
88470
88499
88500
88507
88540
88542
88543
88549
88551
88559
88572
88584
88602
88613
88634
88636
88637
88642
88649
88668
88668
88687
88692
88698
88700
88705
88728
88728
88739
88751
88754
88785
88787
88800
88809
88817
88824
88824
88829
88831
88865
88875
88876
88884
88884
88889
88892
88897
88916
88917
88933
88943
88944
88955
88957
88981
88991
88997
88997
89022
89029
89032
89039
89040
89051
89054
89055
89072
89077
89085
89094
89106
89113
89116
89120
89128
89146
89164
89190
89203
89222
89240
89244
89260
89283
89286
89291
89298
89304
89306
89335
89337
89346
89350
89357
89387
89400
89417
89432
89434
89441
89450
89473
89488
89493
89503
89506
89514
89529
89536
89541
89548
89548
89549
89557
89559
89563
89574
89588
89601
89618
89623
89631
89639
89645
89667
89674
89719
89722
89727
89730
89738
89746
89747
89752
89770
89770
89771
89806
89829
89864
89886
89898
89899
89912
89919
89928
89929
89934
89946
89947
89952
89957
89965
89972
89980
89980
89985
90008
90027
90029
90040
90044
90046
90047
90048
90050
90052
90061
90061
90062
90073
90073
90088
90118
90129
90129
90138
90140
90140
90145
90148
90201
90205
90225
90245
90257
90260
90261
90267
90269
90296
90296
90329
90336
90339
90339
90340
90343
90356
90409
90410
90410
90472
90478
90485
90508
90519
90540
90554
90578
90580
90588
90590
90605
90606
90614
90617
90631
90631
90632
90673
90689
90702
90708
90721
90735
90738
90742
90743
90766
90776
90808
90813
90818
90824
90835
90856
90867
90871
90883
90883
90889
90893
90916
90918
90919
90922
90934
90935
90936
90954
90981
91020
91027
91032
91041
91043
91046
91054
91092
91094
91109
91123
91123
91132
91141
91163
91166
91173
91190
91204
91206
91212
91219
91231
91257
91275
91296
91300
91301
91304
91305
91318
91343
91347
91411
91418
91420
91422
91435
91436
91458
91463
91468
91475
91488
91501
91501
91514
91527
91539
91542
91545
91548
91561
91583
91593
91595
91595
91603
91650
91652
91652
91655
91659
91668
91695
91697
91709
91711
91715
91732
91744
91780
91793
91833
91835
91837
91837
91856
91859
91864
91883
91892
91919
91938
91940
91945
91950
91960
91975
92004
92014
92019
92033
92036
92042
92047
92058
92058
92064
92067
92072
92086
92107
92112
92117
92124
92124
92127
92134
92134
92148
92148
92159
92161
92162
92182
92192
92229
92232
92245
92297
92301
92325
92326
92329
92339
92341
92359
92359
92367
92373
92386
92401
92407
92423
92432
92440
92456
92471
92489
92506
92525
92525
92539
92541
92544
92553
92581
92588
92596
92597
92601
92606
92607
92611
92617
92624
92626
92636
92643
92646
92659
92660
92665
92672
92692
92693
92717
92735
92736
92736
92740
92746
92752
92775
92782
92789
92795
92799
92809
92814
92822
92834
92848
92855
92864
92864
92865
92878
92880
92881
92901
92912
92916
92933
92936
92937
92971
92980
92981
92985
93008
93010
93027
93034
93040
93042
93046
93061
93081
93085
93095
93108
93109
93111
93116
93117
93135
93136
93150
93150
93150
93154
93162
93163
93179
93200
93202
93202
93208
93224
93238
93244
93249
93267
93271
93271
93292
93320
93324
93344
93350
93362
93363
93370
93376
93379
93381
93407
93417
93428
93444
93446
93449
93466
93479
93482
93484
93484
93488
93496
93502
93503
93512
93590
93595
93603
93639
93669
93675
93680
93680
93683
93685
93692
93704
93713
93714
93723
93727
93729
93732
93752
93792
93806
93811
93814
93826
93844
93848
93849
93853
93868
93872
93878
93881
93890
93890
93891
93904
93937
93946
93947
93960
93979
93981
93984
93985
93996
93999
94003
94005
94006
94010
94011
94014
94020
94023
94030
94038
94040
94041
94052
94052
94076
94089
94106
94122
94123
94128
94129
94147
94151
94153
94169
94179
94219
94227
94250
94256
94284
94297
94300
94332
94338
94344
94354
94357
94359
94363
94375
94388
94389
94391
94394
94410
94418
94423
94426
94430
94439
94444
94444
94447
94465
94490
94498
94512
94515
94520
94524
94524
94536
94538
94539
94550
94557
94559
94578
94592
94604
94625
94626
94645
94652
94653
94677
94680
94686
94688
94690
94692
94724
94726
94746
94781
94783
94789
94790
94803
94804
94808
94837
94840
94864
94883
94905
94916
94951
94954
94955
94972
94980
94989
94999
95012
95014
95015
95016
95064
95068
95083
95084
95096
95096
95111
95118
95127
95131
95134
95140
95142
95144
95158
95160
95171
95186
95208
95211
95241
95248
95261
95262
95274
95277
95309
95336
95353
95370
95397
95426
95427
95435
95439
95451
95454
95463
95468
95470
95473
95475
95477
95482
95496
95509
95516
95519
95521
95521
95578
95579
95609
95610
95611
95615
95616
95620
95628
95632
95636
95655
95657
95666
95670
95678
95688
95689
95693
95696
95740
95742
95752
95753
95757
95771
95783
95803
95815
95834
95835
95861
95873
95882
95884
95896
95899
95908
95929
95972
95980
95989
95999
96004
96013
96016
96026
96037
96050
96051
96060
96062
96063
96065
96070
96077
96082
96101
96101
96146
96148
96154
96160
96188
96196
96201
96202
96208
96222
96226
96238
96249
96265
96277
96289
96290
96294
96304
96320
96321
96333
96352
96382
96384
96388
96388
96396
96420
96447
96456
96465
96473
96478
96485
96501
96511
96517
96532
96533
96541
96558
96563
96567
96585
96587
96625
96652
96653
96654
96683
96685
96686
96695
96704
96711
96722
96724
96736
96759
96768
96771
96775
96778
96781
96787
96796
96818
96833
96835
96841
96843
96861
96861
96866
96879
96881
96883
96884
96896
96907
96931
96942
96959
96969
96999
97004
97018
97020
97035
97038
97048
97051
97060
97061
97068
97073
97087
97090
97114
97123
97150
97176
97190
97193
97197
97200
97205
97235
97247
97276
97277
97283
97284
97296
97300
97305
97310
97313
97320
97322
97329
97343
97343
97351
97355
97355
97367
97389
97398
97403
97403
97420
97425
97438
97439
97445
97456
97457
97463
97482
97497
97506
97524
97543
97549
97551
97573
97595
97599
97601
97605
97623
97628
97647
97647
97648
97651
97657
97666
97666
97671
97675
97685
97685
97689
97690
97696
97705
97710
97714
97716
97732
97754
97763
97779
97800
97811
97813
97835
97842
97867
97868
97875
97893
97899
97902
97902
97913
97916
97923
97929
97951
97959
97988
98006
98007
98009
98020
98044
98053
98059
98080
98081
98081
98087
98088
98099
98110
98117
98119
98130
98159
98173
98177
98182
98195
98209
98219
98222
98233
98251
98252
98255
98270
98274
98283
98283
98293
98302
98315
98329
98347
98359
98366
98379
98387
98394
98402
98404
98424
98461
98464
98466
98472
98481
98481
98494
98538
98543
98543
98548
98555
98557
98557
98578
98618
98622
98623
98640
98640
98647
98650
98660
98667
98687
98695
98697
98716
98749
98753
98761
98808
98818
98822
98827
98840
98849
98853
98859
98881
98882
98887
98900
98903
98916
98921
98935
98943
98944
98945
98946
98956
98990
98990
98991
98992
98999
99001
99013
99038
99041
99051
99052
99064
99065
99076
99089
99101
99189
99196
99200
99204
99209
99215
99230
99260
99264
99268
99275
99306
99307
99307
99312
99314
99317
99322
99324
99327
99327
99335
99336
99350
99351
99363
99366
99390
99402
99402
99418
99430
99435
99456
99466
99473
99476
99492
99494
99496
99502
99523
99525
99540
99550
99552
99563
99566
99568
99577
99583
99593
99597
99623
99639
99644
99653
99658
99658
99680
99683
99696
99696
99702
99712
99713
99719
99723
99723
99731
99741
99741
99755
99756
99757
99765
99772
99797
99840
99843
99847
99867
99887
99916
99924
99926
99956
99962
99983
99993
99996
99997
