27
47
70
77
84
85
86
89
104
114
117
118
120
121
137
145
146
151
158
169
191
228
241
310
323
327
343
357
369
379
383
402
407
419
425
431
454
476
492
502
523
555
559
578
605
617
640
653
664
675
680
686
690
693
696
700
727
730
759
762
766
781
800
813
814
824
831
836
838
838
839
843
852
854
863
866
881
883
884
946
949
950
950
958
963
965
965
969
982
986
988
1006
1021
1021
1034
1043
1059
1065
1090
1095
1100
1105
1109
1112
1117
1123
1130
1137
1142
1149
1157
1160
1165
1186
1242
1264
1288
1290
1332
1334
1339
1360
1360
1364
1388
1390
1402
1422
1429
1446
1455
1460
1470
1470
1487
1504
1506
1521
1522
1523
1541
1553
1556
1558
1576
1613
1613
1620
1621
1622
1627
1628
1634
1637
1690
1697
1701
1707
1713
1713
1719
1722
1734
1764
1767
1814
1824
1833
1860
1872
1891
1935
1941
1949
1959
1974
1998
2026
2027
2029
2029
2034
2037
2040
2042
2056
2073
2090
2100
2110
2115
2123
2139
2149
2171
2171
2196
2230
2233
2238
2268
2271
2283
2290
2295
2297
2301
2313
2325
2328
2336
2342
2354
2359
2360
2372
2375
2381
2392
2400
2428
2429
2441
2452
2470
2482
2500
2514
2528
2548
2551
2608
2620
2625
2638
2641
2665
2666
2695
2700
2708
2757
2770
2772
2790
2790
2792
2795
2822
2831
2839
2856
2865
2870
2872
2875
2891
2894
2911
2916
2920
2935
2945
2980
3000
3001
3002
3015
3022
3036
3037
3053
3056
3061
3074
3076
3097
3105
3111
3113
3125
3129
3134
3135
3141
3154
3160
3161
3180
3191
3202
3203
3207
3238
3251
3253
3253
3255
3268
3280
3281
3283
3286
3303
3315
3316
3316
3346
3356
3360
3369
3384
3400
3435
3440
3441
3450
3464
3488
3496
3498
3525
3531
3538
3539
3542
3546
3548
3553
3554
3558
3586
3594
3610
3616
3621
3625
3631
3640
3650
3655
3662
3682
3708
3720
3728
3735
3739
3744
3757
3811
3819
3824
3844
3849
3886
3902
3904
3922
3935
3939
3957
3960
3970
3976
3978
3992
4000
4007
4011
4015
4016
4025
4029
4061
4071
4080
4081
4085
4096
4100
4117
4127
4135
4137
4147
4148
4149
4156
4158
4160
4162
4163
4174
4203
4211
4221
4226
4237
4244
4267
4307
4313
4320
4333
4344
4352
4352
4353
4359
4364
4379
4383
4397
4413
4423
4423
4439
4446
4453
4456
4470
4472
4487
4489
4489
4491
4496
4510
4526
4527
4528
4543
4564
4565
4596
4596
4619
4639
4648
4662
4670
4671
4682
4697
4698
4699
4724
4725
4755
4780
4783
4783
4823
4833
4860
4863
4873
4876
4892
4897
4902
4907
4929
4929
4934
4946
4946
4948
4961
4962
4963
4966
4973
4974
4975
4977
4978
4979
4994
5008
5033
5048
5049
5088
5097
5097
5105
5118
5130
5132
5151
5153
5167
5172
5172
5176
5182
5186
5189
5210
5235
5240
5245
5250
5257
5320
5322
5323
5330
5344
5347
5358
5362
5363
5377
5383
5384
5386
5396
5396
5398
5411
5411
5415
5435
5435
5438
5456
5457
5461
5469
5476
5478
5488
5493
5495
5499
5504
5514
5529
5529
5561
5568
5568
5570
5572
5582
5622
5634
5641
5647
5658
5658
5663
5680
5731
5743
5744
5772
5786
5802
5827
5844
5856
5861
5864
5869
5876
5906
5927
5937
5938
5974
5975
6002
6007
6020
6064
6073
6074
6078
6107
6128
6129
6131
6132
6136
6138
6141
6153
6176
6185
6224
6225
6228
6236
6249
6264
6295
6299
6316
6339
6349
6349
6369
6372
6377
6380
6420
6424
6432
6436
6445
6448
6449
6452
6463
6469
6470
6472
6474
6476
6485
6486
6489
6490
6502
6552
6562
6568
6577
6578
6581
6591
6604
6621
6628
6632
6636
6640
6667
6676
6686
6694
6699
6724
6728
6735
6742
6750
6754
6759
6762
6808
6811
6812
6829
6836
6850
6854
6857
6857
6858
6866
6876
6888
6916
6957
6960
6961
6963
6976
6983
6998
6998
7001
7004
7012
7014
7015
7019
7023
7024
7041
7057
7072
7085
7088
7089
7092
7092
7109
7130
7131
7146
7152
7172
7203
7218
7221
7226
7228
7230
7233
7237
7249
7259
7261
7262
7270
7277
7281
7286
7301
7325
7330
7332
7336
7347
7355
7367
7379
7387
7396
7414
7418
7437
7437
7440
7444
7470
7473
7510
7513
7525
7547
7556
7563
7566
7570
7578
7588
7595
7601
7604
7605
7612
7633
7637
7641
7646
7654
7662
7662
7664
7675
7678
7685
7700
7709
7718
7739
7755
7790
7811
7815
7821
7834
7836
7851
7868
7875
7882
7911
7929
7935
7936
7950
7954
7959
7965
7983
7986
8008
8029
8061
8082
8098
8101
8121
8129
8131
8157
8183
8188
8197
8198
8213
8222
8236
8242
8256
8276
8278
8283
8284
8290
8296
8303
8308
8310
8311
8312
8320
8341
8345
8351
8375
8405
8417
8449
8451
8453
8460
8465
8466
8467
8475
8477
8482
8491
8498
8505
8510
8519
8526
8550
8554
8554
8576
8583
8588
8595
8627
8627
8645
8658
8662
8667
8668
8707
8707
8721
8722
8730
8733
8740
8762
8763
8765
8773
8775
8778
8779
8785
8795
8814
8821
8836
8872
8873
8886
8908
8911
8924
8927
8940
8964
8968
8971
8988
8995
8998
9000
9014
9019
9025
9026
9031
9038
9040
9048
9052
9076
9093
9100
9111
9133
9134
9135
9161
9168
9185
9187
9193
9208
9209
9214
9220
9224
9246
9283
9296
9297
9314
9328
9340
9343
9354
9357
9373
9377
9377
9381
9390
9397
9406
9407
9440
9467
9469
9473
9476
9482
9483
9491
9494
9512
9527
9528
9553
9567
9572
9586
9617
9619
9635
9658
9660
9665
9677
9678
9688
9726
9730
9737
9738
9745
9755
9758
9758
9758
9770
9771
9772
9780
9785
9788
9791
9802
9835
9844
9844
9845
9853
9885
9891
9900
9902
9906
9908
9915
9922
9926
9928
9932
9946
9952
9985
10003
10012
10020
10045
10054
10064
10079
10081
10095
10095
10111
10180
10186
10188
10212
10215
10218
10225
10236
10247
10252
10258
10258
10265
10284
10292
10305
10307
10311
10312
10341
10352
10374
10383
10396
10397
10400
10402
10422
10431
10443
10462
10465
10467
10471
10483
10519
10525
10534
10558
10569
10570
10593
10609
10615
10616
10618
10641
10653
10658
10659
10671
10688
10697
10704
10708
10721
10729
10729
10731
10732
10736
10754
10756
10765
10768
10770
10775
10776
10779
10792
10794
10806
10819
10827
10833
10835
10836
10848
10849
10854
10869
10872
10900
10900
10901
10916
10926
10927
10945
10971
10984
10985
10986
10988
10995
10995
11028
11034
11034
11054
11058
11069
11071
11073
11075
11077
11079
11081
11088
11107
11112
11126
11126
11129
11139
11142
11145
11148
11149
11151
11154
11156
11160
11190
11196
11211
11216
11232
11232
11249
11256
11276
11278
11285
11287
11327
11344
11358
11359
11364
11368
11376
11392
11396
11427
11435
11437
11450
11458
11462
11469
11470
11471
11503
11503
11508
11512
11542
11544
11551
11558
11565
11566
11583
11614
11623
11631
11636
11642
11648
11651
11657
11657
11665
11667
11668
11686
11702
11707
11715
11755
11760
11762
11817
11824
11832
11847
11847
11874
11876
11878
11882
11892
11926
11929
11951
11951
11956
11957
11969
11970
11971
11996
12001
12014
12024
12038
12094
12124
12139
12148
12159
12161
12194
12213
12222
12249
12265
12266
12273
12275
12278
12310
12322
12323
12326
12343
12344
12351
12358
12361
12362
12369
12382
12385
12388
12402
12419
12431
12439
12448
12456
12456
12465
12471
12490
12495
12495
12497
12529
12549
12551
12556
12578
12596
12610
12612
12618
12625
12642
12661
12672
12715
12723
12735
12750
12751
12757
12758
12772
12793
12794
12796
12813
12819
12823
12828
12832
12855
12867
12872
12897
12902
12908
12928
12935
12940
12974
13004
13006
13011
13047
13049
13056
13057
13062
13066
13066
13075
13090
13103
13107
13112
13121
13133
13135
13144
13149
13156
13167
13177
13190
13194
13195
13203
13223
13244
13257
13259
13260
13263
13263
13266
13273
13277
13278
13282
13286
13287
13294
13302
13311
13320
13367
13376
13413
13416
13416
13425
13431
13431
13433
13443
13461
13462
13473
13477
13479
13482
13497
13522
13523
13527
13539
13541
13544
13557
13558
13567
13571
13581
13594
13605
13643
13653
13654
13662
13664
13673
13684
13688
13697
13706
13714
13742
13752
13769
13820
13829
13831
13866
13874
13881
13883
13885
13885
13888
13889
13904
13904
13907
13924
13928
13932
13945
13964
13993
13995
14013
14032
14032
14034
14054
14067
14081
14098
14107
14114
14115
14132
14142
14171
14177
14186
14188
14188
14192
14195
14200
14207
14212
14216
14245
14255
14265
14272
14273
14288
14300
14301
14317
14317
14322
14324
14342
14347
14353
14355
14387
14388
14421
14424
14434
14436
14437
14441
14466
14469
14470
14478
14507
14522
14524
14544
14552
14562
14570
14575
14587
14589
14595
14596
14596
14630
14632
14637
14653
14657
14658
14662
14669
14684
14703
14707
14707
14723
14727
14742
14752
14757
14768
14769
14777
14778
14797
14802
14825
14829
14871
14873
14884
14888
14897
14909
14942
14965
14974
14988
14991
14993
15005
15036
15044
15046
15048
15058
15059
15062
15071
15088
15108
15132
15148
15156
15175
15187
15193
15203
15207
15209
15210
15220
15226
15231
15241
15255
15255
15272
15308
15311
15319
15335
15335
15336
15337
15348
15361
15401
15402
15436
15458
15469
15505
15521
15527
15532
15555
15556
15562
15565
15569
15571
15576
15581
15604
15606
15628
15669
15690
15703
15706
15718
15719
15724
15726
15734
15760
15766
15770
15776
15810
15820
15834
15837
15848
15851
15865
15885
15888
15897
15897
15911
15915
15939
15939
15954
15969
15979
15981
15997
16017
16018
16020
16026
16033
16039
16044
16047
16049
16054
16066
16073
16078
16080
16082
16084
16103
16107
16125
16128
16161
16168
16172
16173
16174
16188
16192
16211
16223
16237
16238
16251
16278
16283
16302
16309
16313
16319
16335
16354
16368
16370
16386
16403
16427
16441
16445
16447
16448
16455
16457
16468
16476
16490
16493
16512
16549
16556
16566
16567
16568
16572
16587
16600
16601
16609
16611
16615
16616
16640
16655
16667
16672
16684
16690
16699
16700
16700
16702
16702
16707
16710
16713
16726
16738
16741
16742
16780
16791
16797
16798
16803
16810
16839
16843
16871
16877
16880
16885
16913
16917
16928
16951
16952
16956
16972
16976
16985
16988
16996
17022
17023
17034
17055
17066
17070
17071
17073
17078
17108
17117
17119
17121
17128
17144
17149
17160
17177
17178
17202
17220
17224
17226
17234
17249
17269
17293
17310
17319
17336
17356
17359
17380
17380
17389
17398
17406
17421
17422
17436
17460
17464
17473
17485
17487
17501
17510
17519
17531
17531
17536
17542
17547
17548
17581
17589
17596
17622
17641
17642
17653
17664
17673
17679
17683
17686
17697
17726
17740
17742
17768
17769
17773
17777
17779
17795
17796
17801
17801
17806
17809
17815
17827
17853
17855
17875
17887
17892
17916
17921
17942
17948
17963
17976
17976
18004
18028
18032
18032
18045
18059
18061
18081
18101
18102
18104
18112
18118
18119
18120
18157
18165
18168
18193
18204
18219
18222
18227
18228
18247
18256
18297
18302
18308
18333
18341
18358
18364
18375
18387
18400
18411
18423
18436
18443
18444
18449
18456
18458
18459
18465
18501
18514
18518
18532
18541
18548
18563
18583
18583
18594
18595
18597
18634
18635
18636
18654
18659
18673
18688
18710
18720
18737
18740
18743
18750
18780
18785
18797
18799
18801
18802
18803
18818
18841
18846
18850
18867
18910
18913
18919
18921
18927
18934
18935
18937
18938
18944
18944
18959
18962
18969
18980
19037
19049
19059
19062
19069
19087
19090
19092
19092
19110
19114
19138
19147
19155
19165
19166
19171
19180
19185
19248
19250
19271
19281
19286
19288
19295
19299
19330
19339
19342
19366
19393
19447
19461
19478
19500
19507
19513
19529
19533
19533
19534
19537
19537
19547
19594
19601
19607
19608
19622
19661
19702
19717
19719
19724
19725
19734
19751
19756
19768
19781
19784
19815
19821
19824
19861
19862
19895
19899
19910
19913
19925
19929
19936
19937
19937
19952
19975
19998
19999
20001
20010
20026
20028
20035
20044
20069
20100
20107
20110
20114
20141
20141
20144
20149
20153
20164
20201
20202
20202
20209
20221
20229
20236
20247
20251
20267
20303
20318
20322
20335
20356
20358
20361
20366
20370
20384
20386
20398
20413
20419
20433
20457
20467
20498
20498
20501
20502
20507
20519
20521
20533
20550
20561
20577
20582
20592
20610
20628
20642
20666
20679
20681
20709
20712
20713
20732
20749
20760
20761
20763
20776
20778
20792
20815
20832
20832
20838
20854
20872
20893
20905
20918
20928
20932
20940
20941
20946
20957
20963
20963
20974
21001
21003
21008
21025
21026
21038
21052
21066
21086
21114
21118
21138
21147
21148
21150
21153
21158
21167
21172
21184
21185
21213
21227
21240
21244
21254
21275
21326
21337
21338
21344
21362
21363
21380
21391
21401
21404
21411
21423
21424
21426
21429
21465
21476
21489
21496
21507
21511
21518
21519
21536
21544
21555
21560
21564
21568
21578
21586
21592
21602
21606
21609
21639
21640
21653
21655
21671
21674
21675
21683
21692
21716
21723
21724
21730
21732
21757
21765
21782
21789
21820
21828
21841
21844
21844
21850
21891
21905
21906
21920
21929
21929
21936
21943
21950
21960
21980
21985
21986
21988
21990
22001
22007
22016
22028
22047
22053
22059
22061
22063
22064
22077
22090
22095
22095
22115
22122
22130
22140
22142
22148
22150
22151
22158
22164
22166
22166
22171
22176
22186
22190
22194
22206
22234
22240
22243
22248
22272
22273
22273
22274
22275
22293
22298
22299
22301
22314
22318
22320
22361
22378
22393
22423
22444
22455
22472
22474
22478
22487
22488
22512
22516
22519
22522
22524
22527
22529
22534
22538
22543
22545
22557
22574
22583
22594
22625
22640
22662
22685
22693
22693
22699
22704
22724
22741
22745
22752
22772
22781
22792
22810
22812
22817
22819
22826
22831
22838
22840
22840
22842
22844
22849
22852
22865
22878
22879
22881
22886
22918
22926
22957
22958
22962
22981
22987
22997
23016
23027
23047
23048
23053
23067
23074
23079
23087
23090
23106
23112
23115
23122
23139
23139
23144
23147
23162
23175
23183
23206
23210
23219
23233
23264
23264
23281
23292
23317
23350
23354
23384
23384
23397
23398
23413
23416
23460
23463
23465
23486
23490
23500
23506
23529
23538
23577
23628
23674
23678
23682
23687
23688
23696
23715
23722
23722
23732
23741
23742
23748
23750
23768
23804
23806
23816
23820
23856
23860
23869
23876
23879
23881
23886
23886
23886
23887
23899
23903
23906
23908
23921
23921
23924
23926
23927
23931
23936
23944
23944
23946
23947
23971
23975
23985
24000
24032
24034
24035
24036
24039
24052
24070
24085
24093
24108
24124
24132
24141
24189
24195
24210
24242
24252
24252
24253
24304
24304
24308
24346
24353
24375
24380
24383
24386
24424
24434
24448
24453
24460
24461
24486
24518
24528
24544
24550
24603
24604
24610
24614
24620
24621
24635
24640
24653
24688
24723
24729
24808
24813
24817
24833
24857
24874
24876
24881
24900
24906
24951
24962
24964
24968
24977
25011
25014
25019
25021
25024
25028
25033
25033
25035
25041
25043
25074
25088
25117
25120
25137
25144
25158
25159
25162
25172
25180
25183
25184
25230
25241
25256
25261
25262
25263
25269
25302
25315
25317
25390
25392
25408
25408
25424
25444
25451
25454
25457
25460
25467
25472
25477
25480
25501
25503
25513
25515
25517
25525
25526
25546
25548
25549
25549
25550
25554
25557
25575
25575
25580
25587
25601
25605
25624
25628
25630
25697
25698
25703
25711
25716
25716
25718
25720
25722
25725
25726
25740
25749
25756
25767
25787
25797
25812
25822
25839
25847
25850
25852
25859
25879
25882
25884
25892
25895
25952
25957
25958
25961
25965
25996
26000
26004
26025
26039
26053
26067
26082
26093
26105
26112
26119
26123
26138
26139
26148
26155
26170
26186
26186
26195
26209
26232
26234
26237
26237
26268
26275
26288
26302
26323
26326
26329
26333
26334
26353
26367
26368
26368
26374
26379
26380
26401
26407
26427
26428
26433
26440
26445
26452
26462
26496
26514
26517
26526
26541
26597
26599
26606
26634
26653
26653
26672
26675
26702
26704
26709
26718
26730
26733
26746
26757
26766
26773
26786
26789
26825
26836
26840
26848
26877
26880
26889
26889
26912
26920
26925
26940
26952
26962
26998
27010
27013
27014
27019
27020
27031
27040
27042
27045
27052
27064
27064
27080
27084
27092
27093
27110
27128
27129
27207
27211
27233
27238
27240
27242
27264
27264
27268
27275
27292
27325
27325
27326
27343
27351
27377
27391
27414
27417
27417
27418
27432
27436
27446
27464
27467
27475
27489
27495
27501
27512
27525
27534
27540
27556
27561
27575
27581
27588
27599
27608
27613
27659
27673
27680
27704
27749
27758
27761
27766
27770
27779
27789
27794
27796
27800
27808
27811
27869
27891
27910
27933
27937
27947
27949
27962
27963
27972
27977
27995
28000
28013
28047
28076
28089
28090
28128
28136
28136
28146
28164
28170
28206
28211
28227
28233
28240
28245
28246
28262
28293
28297
28302
28312
28321
28324
28325
28339
28348
28352
28398
28475
28485
28495
28507
28510
28510
28513
28513
28525
28553
28563
28569
28572
28574
28581
28585
28597
28597
28599
28602
28611
28611
28624
28679
28683
28690
28704
28722
28726
28732
28742
28748
28761
28774
28779
28782
28787
28791
28815
28835
28848
28853
28858
28859
28869
28879
28882
28883
28895
28909
28910
28923
28954
28962
28965
28968
28981
28998
29004
29022
29022
29031
29042
29043
29050
29067
29070
29071
29071
29077
29084
29089
29102
29130
29134
29135
29141
29148
29162
29171
29179
29192
29192
29231
29232
29233
29246
29258
29263
29288
29297
29298
29298
29303
29305
29307
29308
29311
29317
29317
29318
29327
29333
29358
29366
29367
29368
29382
29394
29408
29414
29414
29425
29439
29452
29460
29473
29474
29480
29485
29492
29518
29527
29549
29563
29580
29588
29592
29618
29624
29638
29638
29641
29641
29652
29656
29664
29672
29692
29706
29711
29719
29725
29726
29740
29743
29749
29770
29773
29783
29792
29807
29819
29830
29837
29856
29869
29878
29878
29879
29915
29927
29948
29956
29966
30002
30002
30004
30004
30005
30011
30020
30023
30036
30038
30041
30047
30050
30051
30054
30077
30083
30086
30104
30116
30121
30128
30148
30154
30171
30177
30180
30186
30193
30200
30214
30229
30231
30234
30245
30252
30301
30306
30308
30311
30316
30320
30335
30346
30357
30366
30378
30384
30404
30406
30407
30410
30424
30432
30441
30451
30453
30464
30464
30479
30498
30508
30514
30539
30545
30558
30576
30577
30599
30599
30614
30619
30622
30624
30628
30631
30646
30649
30657
30659
30666
30673
30696
30711
30711
30711
30714
30732
30733
30735
30751
30753
30776
30788
30821
30828
30845
30848
30852
30853
30867
30890
30895
30896
30935
30939
30939
30939
30940
30946
30952
30956
30965
30973
30981
31007
31009
31013
31016
31024
31052
31065
31082
31084
31098
31108
31113
31118
31123
31133
31137
31138
31141
31143
31149
31157
31169
31170
31172
31176
31183
31191
31196
31197
31200
31206
31225
31235
31240
31243
31255
31255
31262
31263
31268
31268
31269
31270
31273
31276
31283
31287
31289
31312
31313
31314
31318
31327
31328
31330
31335
31359
31372
31387
31407
31415
31419
31427
31427
31437
31458
31471
31488
31492
31496
31500
31511
31540
31540
31546
31562
31565
31567
31570
31584
31593
31594
31608
31618
31619
31635
31640
31651
31652
31662
31663
31664
31669
31674
31693
31701
31706
31726
31732
31732
31733
31737
31759
31760
31769
31790
31797
31799
31812
31821
31837
31839
31874
31884
31884
31901
31902
31902
31936
31938
31938
31950
31952
31954
31964
31970
31972
31984
31992
32001
32003
32007
32010
32029
32030
32037
32041
32047
32048
32086
32105
32115
32122
32127
32139
32149
32159
32162
32164
32168
32190
32193
32201
32209
32211
32213
32214
32221
32221
32227
32228
32230
32236
32237
32248
32265
32269
32273
32295
32296
32302
32305
32313
32315
32315
32324
32331
32340
32384
32395
32410
32428
32447
32447
32452
32467
32476
32493
32506
32528
32535
32536
32550
32551
32553
32566
32571
32576
32603
32613
32620
32628
32631
32640
32641
32658
32659
32666
32675
32678
32685
32699
32709
32710
32730
32735
32741
32779
32798
32809
32813
32838
32851
32868
32875
32887
32899
32904
32906
32910
32920
32923
32929
32935
32940
32943
32948
32956
32967
32978
32997
33005
33014
33030
33033
33057
33059
33075
33080
33084
33099
33124
33130
33132
33146
33155
33157
33161
33197
33203
33214
33240
33247
33254
33263
33270
33296
33299
33303
33331
33342
33343
33359
33369
33410
33421
33439
33445
33471
33476
33477
33531
33533
33533
33601
33611
33629
33635
33656
33666
33673
33690
33700
33700
33706
33712
33717
33718
33718
33730
33741
33752
33762
33762
33763
33777
33778
33782
33793
33797
33806
33806
33809
33818
33823
33830
33837
33844
33845
33847
33864
33871
33899
33902
33936
33946
33952
33956
33959
33969
33970
33978
33980
33988
33998
34001
34018
34047
34058
34061
34063
34105
34112
34121
34138
34163
34166
34177
34180
34195
34227
34247
34254
34270
34279
34285
34286
34293
34300
34317
34320
34325
34333
34337
34347
34362
34379
34387
34389
34391
34394
34415
34417
34433
34443
34457
34465
34470
34474
34524
34528
34544
34551
34556
34574
34588
34596
34602
34617
34627
34632
34645
34649
34672
34674
34692
34697
34722
34733
34743
34758
34761
34766
34772
34774
34797
34801
34830
34832
34852
34860
34869
34873
34909
34911
34911
34947
34974
34994
35009
35013
35019
35019
35040
35052
35053
35055
35066
35105
35135
35136
35145
35150
35152
35152
35153
35163
35163
35164
35164
35168
35169
35175
35205
35206
35208
35226
35227
35235
35249
35260
35275
35275
35276
35287
35288
35304
35306
35314
35320
35327
35328
35329
35336
35379
35381
35382
35385
35386
35411
35417
35423
35423
35441
35458
35463
35475
35499
35504
35508
35510
35526
35527
35528
35531
35532
35537
35541
35541
35547
35569
35570
35584
35595
35615
35665
35685
35685
35708
35714
35715
35719
35722
35724
35735
35739
35741
35742
35756
35777
35785
35800
35817
35830
35863
35869
35870
35881
35911
35921
35928
35933
35948
35960
35964
35973
35984
35985
36001
36016
36037
36049
36068
36077
36083
36110
36115
36117
36124
36138
36143
36155
36156
36161
36179
36185
36189
36194
36199
36227
36238
36253
36263
36289
36297
36308
36311
36313
36317
36349
36349
36349
36375
36376
36377
36378
36379
36381
36394
36407
36422
36423
36431
36435
36448
36450
36454
36471
36490
36492
36500
36504
36507
36518
36534
36542
36569
36585
36590
36628
36650
36665
36666
36694
36702
36722
36727
36730
36740
36744
36744
36760
36763
36777
36805
36808
36816
36830
36848
36870
36870
36875
36876
36884
36889
36895
36899
36902
36919
36927
36934
36934
36951
36971
36977
37009
37018
37068
37116
37143
37146
37168
37171
37172
37173
37204
37227
37229
37235
37241
37270
37278
37286
37288
37289
37294
37301
37306
37315
37341
37349
37360
37369
37376
37383
37392
37406
37415
37432
37436
37457
37457
37464
37465
37471
37473
37474
37475
37477
37497
37511
37529
37545
37552
37554
37556
37591
37601
37603
37603
37605
37624
37631
37633
37635
37664
37677
37682
37685
37696
37715
37749
37751
37769
37789
37792
37795
37797
37799
37806
37824
37832
37838
37864
37888
37897
37904
37911
37917
37918
37931
37944
37949
37961
37963
37994
37997
38002
38004
38008
38013
38026
38027
38032
38050
38058
38080
38098
38099
38103
38134
38143
38147
38153
38170
38177
38184
38191
38195
38226
38242
38242
38252
38265
38298
38304
38305
38326
38329
38331
38336
38339
38363
38378
38380
38402
38418
38420
38426
38435
38465
38477
38485
38487
38490
38502
38503
38508
38513
38518
38526
38531
38537
38539
38544
38551
38551
38558
38561
38561
38566
38569
38574
38616
38616
38619
38649
38654
38685
38688
38722
38735
38759
38768
38774
38784
38785
38787
38789
38801
38805
38824
38837
38847
38849
38850
38869
38873
38879
38881
38882
38903
38905
38907
38913
38917
38924
38925
38928
38949
38968
38981
38994
39006
39021
39023
39049
39051
39063
39063
39074
39120
39155
39156
39164
39185
39196
39199
39213
39219
39238
39256
39272
39287
39297
39300
39317
39356
39357
39368
39388
39413
39421
39439
39454
39477
39485
39488
39488
39497
39497
39511
39514
39514
39520
39522
39524
39532
39536
39556
39558
39572
39579
39583
39584
39597
39610
39619
39620
39656
39665
39666
39668
39697
39700
39715
39741
39743
39762
39767
39776
39782
39793
39796
39812
39816
39818
39829
39831
39836
39845
39906
39918
39919
39923
39924
39927
39938
39940
39958
39958
39976
39987
39995
40012
40016
40057
40058
40067
40080
40090
40092
40107
40117
40121
40122
40124
40129
40135
40145
40169
40178
40180
40185
40201
40219
40226
40229
40252
40253
40256
40270
40279
40292
40299
40309
40313
40318
40320
40335
40338
40367
40367
40371
40375
40405
40412
40418
40419
40419
40442
40447
40459
40462
40499
40520
40521
40525
40583
40621
40624
40633
40651
40653
40670
40674
40676
40679
40689
40694
40707
40721
40725
40732
40744
40750
40761
40767
40774
40776
40780
40786
40795
40799
40817
40819
40825
40836
40836
40845
40857
40866
40892
40908
40911
40919
40920
40921
40952
40968
40972
40974
40994
40998
41023
41028
41052
41055
41071
41086
41112
41112
41112
41113
41137
41144
41147
41152
41162
41199
41209
41217
41236
41240
41249
41252
41254
41255
41264
41271
41278
41284
41305
41309
41309
41309
41335
41354
41390
41401
41411
41447
41507
41519
41529
41544
41552
41557
41563
41567
41575
41575
41580
41586
41592
41593
41601
41606
41607
41611
41619
41621
41636
41651
41655
41656
41659
41671
41673
41674
41695
41702
41703
41711
41717
41730
41731
41732
41738
41750
41751
41760
41761
41774
41776
41787
41793
41795
41807
41807
41808
41809
41816
41832
41842
41850
41862
41864
41864
41870
41879
41881
41898
41905
41916
41919
41929
41943
41949
41956
41957
41973
41987
41990
42007
42010
42016
42017
42023
42027
42057
42068
42069
42078
42087
42092
42099
42105
42113
42119
42140
42153
42157
42172
42176
42183
42193
42208
42217
42218
42220
42226
42226
42228
42234
42265
42267
42271
42284
42302
42313
42324
42338
42347
42354
42370
42424
42438
42446
42448
42451
42451
42452
42464
42467
42468
42472
42477
42480
42488
42489
42491
42506
42528
42535
42595
42601
42601
42601
42612
42613
42624
42625
42628
42631
42636
42642
42644
42669
42672
42672
42681
42682
42692
42695
42702
42708
42708
42717
42740
42746
42747
42756
42767
42779
42794
42805
42807
42809
42811
42814
42815
42834
42856
42878
42880
42889
42894
42895
42900
42913
42918
42939
42954
42955
42982
42982
43005
43009
43009
43010
43015
43015
43019
43031
43043
43057
43059
43072
43075
43076
43078
43107
43119
43123
43125
43147
43162
43178
43192
43206
43219
43223
43223
43228
43241
43249
43269
43271
43277
43286
43293
43296
43311
43322
43354
43356
43358
43391
43395
43397
43401
43402
43413
43419
43437
43458
43475
43492
43514
43522
43533
43552
43576
43577
43581
43581
43592
43620
43624
43648
43665
43667
43681
43702
43718
43719
43727
43736
43757
43768
43771
43780
43791
43792
43793
43797
43799
43823
43823
43825
43827
43844
43859
43861
43870
43874
43887
43894
43919
43930
43931
43947
43967
43975
43980
43982
43982
43993
44003
44049
44050
44077
44079
44095
44112
44121
44126
44145
44157
44201
44207
44225
44232
44234
44242
44243
44252
44258
44259
44274
44295
44299
44299
44301
44305
44306
44309
44314
44325
44325
44352
44370
44374
44378
44378
44380
44380
44381
44386
44393
44427
44446
44459
44463
44490
44498
44498
44506
44530
44544
44550
44562
44564
44578
44588
44610
44632
44636
44642
44657
44682
44691
44710
44717
44731
44738
44741
44758
44776
44786
44803
44806
44867
44882
44889
44898
44908
44913
44931
44931
44941
44942
44950
44972
45004
45004
45015
45032
45037
45049
45055
45058
45076
45080
45080
45084
45097
45100
45107
45118
45121
45122
45124
45125
45150
45152
45155
45156
45160
45162
45178
45179
45201
45211
45214
45227
45231
45238
45244
45251
45254
45263
45266
45273
45284
45292
45294
45316
45355
45363
45376
45382
45384
45394
45424
45430
45431
45448
45453
45456
45477
45481
45497
45501
45503
45520
45542
45547
45550
45558
45567
45572
45590
45622
45631
45638
45641
45655
45656
45696
45710
45730
45751
45761
45765
45787
45791
45795
45795
45818
45827
45837
45851
45870
45880
45884
45896
45897
45907
45908
45924
45941
45941
45954
45956
45956
45976
45986
45993
46000
46021
46028
46032
46039
46077
46088
46090
46107
46126
46139
46141
46142
46158
46162
46188
46195
46215
46227
46230
46260
46278
46286
46355
46356
46364
46368
46373
46383
46390
46401
46430
46432
46440
46452
46458
46471
46477
46478
46488
46505
46510
46510
46520
46522
46522
46534
46544
46549
46582
46585
46592
46595
46596
46604
46612
46621
46627
46637
46648
46657
46665
46679
46682
46689
46693
46697
46710
46714
46752
46760
46767
46768
46769
46796
46798
46807
46813
46814
46829
46837
46864
46904
46909
46913
46926
46933
46942
46948
46959
46965
46974
46978
47010
47017
47038
47043
47048
47049
47051
47055
47066
47066
47100
47114
47115
47119
47139
47144
47154
47190
47222
47235
47246
47246
47247
47254
47260
47262
47267
47276
47278
47287
47291
47292
47297
47299
47302
47324
47324
47331
47352
47354
47372
47374
47390
47401
47406
47435
47438
47440
47447
47450
47477
47482
47493
47548
47588
47589
47602
47611
47611
47616
47619
47621
47647
47670
47685
47687
47704
47712
47729
47747
47748
47755
47755
47768
47784
47800
47810
47817
47823
47857
47865
47867
47878
47890
47892
47892
47893
47893
47917
47943
47953
47958
47961
47973
47979
47991
47991
47992
47994
48010
48017
48022
48027
48031
48075
48076
48091
48112
48130
48150
48157
48161
48163
48166
48177
48180
48190
48197
48206
48222
48225
48236
48238
48254
48255
48270
48283
48296
48308
48311
48326
48387
48388
48392
48397
48413
48419
48426
48438
48445
48453
48478
48479
48479
48494
48500
48513
48530
48538
48591
48596
48599
48612
48614
48627
48628
48650
48666
48681
48683
48749
48760
48767
48776
48795
48797
48817
48832
48849
48881
48884
48889
48895
48909
48909
48912
48931
48936
48936
48944
48957
48965
48975
48983
48983
48987
48992
49005
49014
49017
49019
49056
49121
49126
49137
49152
49154
49165
49175
49189
49196
49203
49205
49216
49229
49234
49245
49261
49284
49302
49305
49311
49314
49347
49353
49358
49370
49373
49399
49399
49410
49421
49447
49456
49472
49474
49490
49499
49506
49528
49532
49535
49538
49545
49559
49563
49565
49568
49571
49571
49586
49602
49610
49625
49657
49659
49673
49675
49705
49732
49733
49742
49748
49759
49765
49784
49799
49860
49861
49879
49880
49893
49917
49935
49946
49948
49963
49993
49998
49998
50016
50029
50051
50068
50079
50080
50084
50098
50101
50106
50108
50116
50120
50120
50139
50152
50152
50156
50164
50172
50175
50210
50216
50242
50243
50247
50247
50249
50273
50292
50311
50314
50325
50336
50355
50355
50362
50368
50373
50381
50393
50396
50405
50418
50456
50456
50472
50477
50477
50495
50517
50532
50549
50570
50579
50584
50601
50605
50608
50619
50632
50649
50657
50659
50677
50678
50679
50685
50688
50710
50711
50716
50721
50736
50741
50762
50765
50767
50774
50776
50785
50793
50812
50824
50856
50858
50866
50869
50891
50940
50947
50947
50957
50969
50977
50996
50996
51002
51023
51031
51043
51044
51046
51055
51061
51062
51077
51094
51096
51113
51129
51130
51138
51145
51147
51154
51167
51172
51178
51202
51220
51220
51233
51251
51254
51265
51270
51273
51278
51282
51314
51326
51327
51328
51371
51380
51383
51384
51400
51411
51418
51425
51429
51470
51472
51485
51491
51524
51551
51555
51557
51561
51561
51566
51569
51569
51573
51611
51615
51649
51670
51685
51685
51700
51703
51706
51744
51797
51798
51824
51825
51843
51851
51851
51852
51852
51863
51903
51916
51925
51926
51932
51936
51959
51970
51980
51987
52003
52006
52011
52021
52025
52030
52033
52052
52054
52055
52062
52071
52084
52092
52097
52119
52124
52124
52136
52157
52157
52159
52169
52175
52178
52206
52234
52237
52247
52255
52260
52265
52284
52285
52286
52303
52312
52327
52328
52338
52344
52346
52372
52384
52401
52415
52417
52425
52429
52443
52477
52479
52483
52504
52539
52545
52551
52556
52564
52572
52596
52600
52618
52620
52630
52637
52644
52660
52661
52663
52666
52671
52684
52694
52726
52740
52745
52754
52764
52765
52771
52777
52784
52791
52904
52911
52921
52925
52927
52938
52957
52969
52981
52982
52984
52985
52998
53006
53007
53011
53018
53025
53026
53029
53043
53056
53068
53110
53112
53118
53118
53126
53136
53157
53162
53162
53170
53185
53204
53219
53219
53223
53249
53255
53260
53274
53275
53285
53308
53308
53313
53316
53317
53321
53334
53353
53368
53372
53375
53376
53383
53386
53419
53435
53438
53439
53443
53445
53473
53475
53482
53491
53504
53512
53516
53527
53532
53533
53547
53565
53584
53586
53603
53604
53609
53615
53617
53636
53672
53675
53679
53729
53731
53734
53742
53743
53752
53770
53779
53783
53795
53803
53804
53806
53816
53818
53833
53848
53868
53875
53877
53879
53895
53903
53904
53909
53909
53911
53912
53912
53919
53920
53953
53986
53987
54014
54024
54030
54055
54062
54075
54079
54081
54086
54090
54108
54117
54125
54130
54143
54144
54156
54158
54159
54161
54164
54207
54211
54217
54248
54286
54298
54315
54324
54342
54352
54374
54377
54383
54402
54433
54439
54462
54468
54489
54491
54499
54501
54517
54519
54525
54525
54532
54566
54573
54575
54576
54580
54613
54627
54629
54650
54662
54674
54699
54701
54703
54710
54710
54718
54719
54723
54734
54746
54751
54764
54784
54801
54808
54808
54814
54832
54837
54840
54847
54872
54878
54886
54922
54945
54962
54967
54980
54987
54999
55021
55031
55037
55045
55051
55053
55068
55083
55088
55090
55097
55122
55166
55167
55173
55177
55193
55208
55209
55222
55223
55227
55233
55283
55285
55290
55305
55308
55318
55329
55336
55355
55357
55374
55380
55400
55403
55410
55416
55419
55422
55442
55442
55446
55458
55468
55481
55483
55484
55485
55488
55503
55514
55537
55539
55540
55547
55552
55572
55574
55588
55593
55601
55603
55616
55620
55633
55639
55642
55658
55669
55669
55671
55694
55696
55698
55708
55721
55722
55726
55743
55743
55743
55748
55775
55785
55796
55827
55835
55841
55882
55884
55884
55891
55892
55893
55894
55897
55905
55909
55919
55921
55929
55930
55940
55942
55951
55955
55966
55984
55989
56008
56016
56031
56033
56036
56043
56049
56056
56059
56064
56128
56157
56159
56193
56197
56202
56204
56207
56208
56223
56230
56231
56245
56247
56268
56273
56274
56287
56292
56304
56313
56315
56322
56334
56341
56341
56344
56346
56363
56365
56367
56369
56387
56387
56405
56412
56419
56432
56434
56452
56453
56467
56469
56483
56497
56507
56513
56519
56519
56520
56558
56560
56572
56588
56588
56603
56604
56613
56642
56649
56658
56670
56676
56697
56722
56738
56739
56739
56744
56777
56779
56782
56785
56819
56825
56868
56889
56893
56894
56901
56917
56926
56942
56953
56966
56994
56995
57001
57008
57014
57027
57040
57048
57060
57070
57078
57082
57085
57093
57114
57123
57123
57144
57148
57190
57191
57192
57196
57202
57208
57218
57218
57234
57266
57279
57284
57286
57318
57320
57351
57356
57359
57360
57374
57382
57404
57411
57419
57428
57430
57437
57442
57445
57464
57497
57502
57505
57516
57523
57535
57539
57539
57540
57555
57562
57584
57600
57619
57619
57653
57683
57698
57701
57711
57718
57728
57736
57744
57757
57778
57789
57800
57800
57809
57827
57851
57858
57860
57874
57882
57886
57929
57950
57960
57962
57962
57969
57988
57999
58002
58003
58013
58019
58027
58036
58049
58051
58065
58066
58078
58113
58114
58121
58154
58158
58166
58166
58181
58194
58196
58198
58201
58209
58209
58210
58219
58223
58240
58249
58250
58258
58270
58272
58285
58296
58304
58328
58346
58359
58366
58386
58386
58408
58408
58418
58424
58430
58439
58439
58450
58453
58455
58463
58464
58465
58469
58469
58476
58491
58493
58504
58546
58555
58560
58594
58606
58607
58616
58622
58623
58628
58631
58642
58645
58647
58654
58664
58673
58673
58711
58739
58740
58748
58756
58763
58766
58780
58782
58790
58793
58799
58839
58853
58854
58860
58869
58880
58896
58903
58911
58911
58917
58926
58926
58942
58943
58968
58986
58991
59000
59021
59030
59046
59047
59049
59055
59111
59117
59119
59130
59147
59149
59157
59166
59167
59171
59181
59198
59211
59211
59213
59222
59225
59236
59238
59244
59245
59247
59247
59254
59306
59325
59349
59352
59370
59383
59401
59415
59416
59432
59460
59464
59473
59474
59482
59482
59498
59520
59533
59538
59559
59566
59580
59604
59606
59614
59642
59645
59653
59669
59677
59680
59688
59692
59701
59703
59748
59759
59763
59764
59766
59797
59805
59813
59821
59822
59834
59847
59859
59862
59862
59864
59866
59892
59898
59910
59914
59926
59932
59939
59939
59943
59953
59984
59984
59985
59985
59989
60004
60011
60016
60019
60024
60027
60048
60056
60064
60068
60074
60080
60084
60099
60125
60128
60135
60145
60160
60167
60176
60184
60192
60198
60202
60223
60228
60233
60237
60263
60287
60299
60304
60306
60309
60309
60313
60316
60332
60332
60344
60359
60359
60362
60395
60397
60400
60407
60415
60441
60459
60492
60503
60513
60514
60517
60531
60541
60543
60545
60580
60590
60627
60634
60635
60635
60638
60658
60663
60666
60677
60678
60702
60709
60720
60725
60735
60745
60746
60748
60768
60782
60792
60796
60796
60803
60804
60822
60823
60838
60846
60851
60854
60875
60891
60898
60906
60926
60941
60951
60955
60959
60984
60992
60999
61008
61010
61022
61024
61036
61052
61065
61069
61071
61092
61094
61099
61099
61099
61108
61109
61112
61112
61118
61120
61129
61149
61163
61210
61213
61229
61235
61238
61272
61272
61274
61283
61292
61294
61295
61318
61322
61325
61367
61379
61381
61382
61385
61390
61401
61402
61406
61414
61435
61448
61448
61461
61490
61496
61503
61507
61508
61539
61539
61555
61557
61565
61569
61602
61607
61613
61617
61641
61658
61659
61664
61688
61691
61727
61742
61747
61748
61765
61785
61789
61815
61816
61823
61851
61870
61886
61904
61922
61942
61945
61955
61982
61985
61994
61998
62011
62028
62061
62081
62091
62096
62097
62098
62099
62100
62104
62117
62141
62175
62187
62190
62197
62202
62206
62215
62216
62218
62231
62234
62236
62241
62244
62255
62286
62290
62298
62314
62319
62323
62335
62339
62343
62347
62357
62364
62373
62391
62409
62413
62422
62441
62443
62447
62468
62469
62470
62472
62473
62478
62482
62484
62499
62516
62517
62519
62531
62540
62541
62556
62557
62569
62588
62592
62592
62614
62621
62639
62643
62661
62663
62666
62674
62679
62698
62700
62716
62720
62721
62723
62731
62738
62744
62746
62747
62759
62760
62761
62769
62773
62779
62791
62794
62809
62813
62815
62817
62832
62849
62858
62859
62868
62895
62915
62916
62928
62934
62959
62961
62967
62971
62989
63010
63022
63026
63034
63076
63095
63102
63105
63113
63123
63129
63130
63134
63139
63157
63166
63175
63178
63208
63219
63221
63221
63231
63241
63249
63253
63268
63280
63298
63308
63314
63323
63344
63371
63375
63378
63382
63388
63399
63402
63418
63423
63424
63438
63442
63462
63499
63516
63537
63551
63551
63557
63561
63568
63600
63609
63613
63613
63629
63639
63654
63660
63680
63687
63691
63697
63709
63718
63723
63725
63740
63749
63752
63764
63787
63794
63800
63809
63814
63834
63838
63845
63845
63845
63858
63864
63867
63873
63874
63891
63891
63901
63915
63922
63925
63928
63937
63942
63969
63971
63977
63982
63989
63994
63997
63999
64027
64030
64030
64046
64052
64072
64074
64080
64100
64103
64103
64117
64118
64141
64152
64159
64166
64175
64188
64192
64206
64221
64222
64245
64247
64254
64269
64293
64310
64329
64334
64335
64338
64356
64360
64372
64392
64413
64415
64429
64439
64458
64471
64472
64479
64493
64499
64501
64506
64511
64514
64532
64544
64549
64550
64564
64565
64579
64579
64587
64588
64594
64601
64619
64633
64634
64643
64658
64664
64669
64670
64672
64676
64679
64688
64690
64692
64704
64723
64741
64755
64755
64767
64768
64796
64802
64806
64837
64841
64855
64856
64862
64871
64877
64883
64891
64892
64899
64914
64936
64976
64979
64980
64981
64983
64988
64997
65008
65022
65030
65041
65046
65121
65125
65134
65144
65169
65175
65176
65197
65201
65204
65217
65218
65220
65241
65254
65262
65265
65269
65297
65304
65307
65308
65308
65308
65317
65331
65336
65340
65345
65345
65363
65378
65386
65390
65397
65411
65416
65417
65431
65452
65456
65456
65464
65476
65488
65499
65502
65502
65540
65583
65591
65594
65598
65599
65624
65632
65637
65647
65654
65656
65668
65720
65722
65725
65740
65749
65749
65769
65785
65788
65811
65820
65826
65836
65863
65872
65885
65888
65896
65918
65924
65946
65952
65959
65961
65964
65984
65997
65997
66004
66010
66024
66034
66042
66055
66057
66087
66094
66100
66114
66122
66123
66129
66129
66135
66140
66143
66151
66158
66164
66164
66171
66172
66185
66196
66213
66214
66226
66229
66235
66237
66239
66244
66249
66257
66272
66291
66296
66312
66313
66317
66330
66332
66332
66339
66352
66375
66379
66407
66410
66419
66442
66452
66460
66475
66481
66495
66511
66523
66539
66558
66566
66588
66590
66599
66605
66606
66610
66613
66625
66626
66632
66671
66672
66672
66674
66675
66686
66693
66709
66742
66748
66750
66755
66765
66774
66793
66794
66802
66804
66804
66819
66824
66828
66832
66836
66844
66846
66848
66859
66873
66883
66884
66903
66911
66935
66944
66953
66960
66981
66987
66995
67007
67015
67015
67020
67032
67034
67045
67057
67058
67063
67075
67076
67088
67103
67109
67110
67119
67144
67169
67176
67195
67198
67198
67199
67200
67221
67221
67224
67235
67237
67250
67256
67263
67264
67288
67302
67327
67328
67331
67346
67356
67363
67366
67370
67374
67408
67422
67429
67430
67466
67473
67475
67529
67546
67552
67553
67557
67559
67563
67565
67574
67603
67610
67615
67616
67616
67616
67624
67629
67634
67634
67642
67647
67655
67667
67692
67699
67704
67711
67718
67720
67729
67739
67753
67762
67762
67764
67771
67776
67778
67785
67788
67788
67794
67799
67820
67836
67843
67849
67871
67874
67881
67882
67889
67902
67907
67911
67913
67917
67922
67927
67943
67979
67999
68005
68019
68024
68031
68039
68046
68052
68056
68059
68063
68066
68066
68066
68085
68087
68093
68094
68123
68139
68146
68169
68188
68190
68206
68209
68215
68236
68294
68358
68359
68360
68362
68396
68396
68399
68409
68422
68427
68433
68477
68485
68489
68489
68491
68496
68500
68506
68507
68547
68549
68555
68568
68574
68578
68580
68596
68604
68618
68619
68619
68624
68631
68633
68639
68683
68701
68708
68709
68787
68807
68810
68812
68818
68836
68842
68843
68843
68860
68884
68896
68902
68935
68939
68942
68949
68965
68970
68974
69003
69011
69034
69046
69048
69052
69055
69056
69060
69061
69082
69092
69093
69112
69116
69118
69124
69135
69136
69137
69149
69171
69171
69189
69209
69223
69226
69234
69234
69254
69277
69278
69314
69341
69342
69342
69344
69345
69349
69363
69385
69408
69421
69421
69424
69426
69445
69450
69470
69491
69492
69514
69521
69522
69524
69533
69534
69535
69542
69547
69549
69552
69567
69570
69590
69600
69617
69628
69639
69643
69656
69657
69661
69684
69709
69717
69723
69726
69753
69773
69773
69791
69806
69812
69813
69859
69888
69901
69928
69933
69944
69946
69948
69954
69956
69958
69999
70039
70065
70082
70086
70096
70099
70100
70123
70132
70140
70148
70185
70198
70211
70235
70292
70315
70320
70333
70335
70345
70365
70367
70370
70373
70375
70378
70382
70382
70382
70389
70397
70403
70420
70434
70435
70462
70464
70465
70479
70506
70514
70518
70529
70542
70562
70597
70602
70634
70635
70636
70636
70640
70649
70659
70667
70670
70680
70685
70697
70701
70707
70707
70714
70716
70725
70752
70752
70777
70788
70792
70810
70836
70837
70856
70858
70859
70860
70877
70888
70914
70915
70918
70925
70947
70993
71001
71021
71024
71026
71035
71040
71064
71067
71074
71112
71115
71132
71147
71150
71152
71168
71178
71191
71192
71206
71238
71242
71248
71248
71251
71252
71280
71289
71293
71303
71305
71325
71327
71342
71345
71345
71346
71347
71349
71360
71369
71371
71379
71382
71385
71401
71412
71412
71417
71420
71422
71424
71426
71427
71433
71443
71450
71462
71483
71489
71497
71510
71511
71515
71532
71545
71560
71567
71582
71605
71616
71619
71621
71635
71650
71672
71678
71688
71689
71707
71727
71741
71742
71743
71744
71750
71751
71760
71769
71815
71826
71833
71837
71858
71883
71884
71884
71885
71893
71900
71912
71914
71932
71933
71938
71945
71955
71955
71956
71962
71987
71995
71997
72004
72032
72032
72036
72040
72047
72064
72069
72083
72087
72087
72099
72103
72113
72115
72122
72127
72134
72149
72150
72163
72170
72176
72212
72217
72219
72221
72222
72225
72231
72237
72241
72244
72255
72256
72257
72270
72271
72316
72333
72340
72347
72362
72369
72376
72425
72430
72434
72443
72457
72464
72471
72477
72497
72503
72524
72529
72529
72538
72539
72561
72562
72579
72580
72587
72595
72597
72598
72641
72665
72691
72694
72705
72715
72725
72732
72735
72736
72742
72752
72763
72766
72772
72801
72841
72843
72859
72871
72884
72886
72892
72892
72903
72931
72953
72958
72958
72962
72980
72993
72998
73013
73021
73045
73050
73052
73053
73055
73062
73064
73072
73097
73098
73106
73113
73126
73154
73161
73171
73171
73175
73177
73184
73188
73195
73204
73209
73213
73215
73233
73248
73252
73256
73258
73265
73289
73315
73316
73316
73342
73350
73352
73357
73359
73363
73373
73375
73387
73414
73416
73433
73467
73484
73500
73502
73521
73522
73523
73525
73530
73557
73565
73578
73580
73584
73593
73593
73598
73607
73628
73652
73655
73680
73698
73699
73719
73724
73742
73754
73762
73763
73773
73779
73784
73826
73826
73849
73859
73860
73861
73881
73886
73889
73902
73905
73915
73918
73926
73942
73950
73959
73975
73987
73989
74015
74031
74036
74071
74084
74102
74112
74115
74119
74152
74158
74162
74185
74218
74218
74232
74242
74245
74248
74250
74263
74271
74276
74283
74290
74300
74317
74333
74343
74373
74382
74390
74390
74392
74415
74417
74422
74426
74429
74441
74446
74451
74456
74456
74458
74473
74484
74488
74495
74504
74504
74508
74522
74523
74528
74538
74547
74553
74564
74580
74587
74590
74592
74593
74601
74611
74615
74619
74620
74626
74631
74650
74668
74678
74683
74688
74698
74699
74717
74762
74773
74787
74794
74805
74814
74817
74827
74849
74862
74865
74865
74880
74893
74896
74896
74898
74903
74907
74921
74922
74944
74949
74952
74974
74980
75008
75010
75013
75014
75015
75019
75020
75028
75038
75047
75053
75064
75067
75087
75087
75091
75104
75123
75127
75130
75131
75139
75146
75156
75162
75163
75184
75195
75200
75209
75224
75228
75253
75274
75274
75278
75282
75283
75297
75300
75342
75358
75378
75398
75422
75435
75447
75451
75452
75475
75481
75486
75486
75492
75505
75519
75520
75521
75529
75562
75563
75575
75579
75580
75585
75604
75604
75624
75625
75626
75654
75655
75657
75665
75698
75702
75708
75754
75754
75757
75761
75765
75773
75777
75807
75808
75808
75815
75819
75823
75833
75838
75842
75856
75869
75877
75883
75885
75920
75927
75951
75952
75966
75986
75987
75990
75995
75995
76009
76017
76035
76038
76060
76062
76063
76071
76076
76096
76108
76135
76136
76163
76181
76186
76207
76230
76231
76233
76242
76244
76246
76255
76261
76283
76303
76308
76316
76317
76333
76336
76342
76349
76350
76361
76372
76374
76374
76375
76393
76395
76404
76425
76430
76436
76454
76467
76469
76477
76487
76523
76534
76538
76538
76543
76561
76571
76592
76594
76637
76643
76643
76646
76655
76670
76679
76695
76707
76713
76718
76722
76740
76757
76760
76776
76801
76823
76836
76853
76856
76859
76865
76896
76899
76909
76936
76948
76963
76973
76984
76993
76996
76997
76997
77002
77009
77044
77050
77061
77068
77085
77096
77103
77107
77108
77146
77153
77171
77191
77201
77210
77225
77244
77267
77298
77304
77306
77307
77319
77322
77341
77345
77363
77368
77369
77374
77390
77435
77442
77444
77447
77456
77458
77463
77473
77475
77480
77498
77504
77523
77527
77546
77556
77568
77576
77584
77590
77592
77610
77617
77632
77668
77674
77674
77674
77677
77691
77693
77725
77727
77736
77737
77747
77753
77760
77779
77797
77803
77813
77821
77833
77875
77878
77887
77888
77897
77897
77899
77901
77905
77911
77913
77916
77918
77931
77960
77961
77987
77991
78000
78013
78014
78020
78023
78024
78024
78041
78053
78060
78061
78069
78079
78081
78086
78093
78096
78134
78167
78171
78174
78186
78187
78223
78231
78233
78239
78261
78264
78267
78274
78286
78292
78298
78305
78308
78315
78327
78334
78334
78338
78342
78345
78349
78358
78370
78386
78400
78426
78446
78447
78458
78483
78485
78510
78515
78536
78537
78551
78560
78577
78577
78586
78603
78606
78630
78635
78658
78673
78696
78697
78700
78702
78704
78715
78723
78744
78745
78760
78767
78771
78779
78783
78808
78811
78815
78828
78828
78833
78842
78850
78854
78863
78875
78893
78893
78905
78938
78939
78955
78959
78961
78961
78983
78984
78994
79016
79030
79042
79046
79068
79082
79086
79097
79103
79105
79122
79124
79142
79153
79161
79166
79170
79181
79202
79206
79206
79233
79238
79254
79256
79257
79267
79267
79272
79285
79286
79291
79293
79293
79296
79296
79299
79307
79312
79319
79336
79338
79352
79377
79380
79386
79396
79401
79420
79453
79461
79467
79472
79475
79477
79505
79510
79523
79533
79533
79538
79539
79570
79574
79589
79592
79600
79615
79628
79632
79635
79652
79665
79676
79687
79688
79696
79702
79703
79704
79709
79733
79733
79739
79776
79787
79789
79793
79799
79805
79829
79832
79837
79846
79856
79866
79870
79871
79878
79882
79883
79884
79885
79891
79893
79893
79895
79901
79952
79965
80006
80010
80038
80047
80055
80088
80097
80109
80128
80129
80131
80140
80145
80152
80162
80183
80206
80230
80237
80248
80265
80309
80333
80344
80352
80355
80371
80375
80394
80396
80406
80427
80429
80450
80451
80457
80462
80479
80485
80493
80498
80503
80525
80528
80539
80552
80553
80554
80557
80568
80570
80573
80574
80590
80592
80597
80607
80616
80639
80656
80663
80663
80672
80673
80683
80694
80698
80707
80714
80735
80736
80742
80753
80757
80778
80787
80793
80800
80808
80817
80824
80826
80829
80836
80848
80855
80861
80865
80877
80878
80889
80949
80963
80974
81003
81004
81008
81010
81014
81018
81021
81045
81087
81089
81103
81109
81109
81130
81137
81137
81139
81141
81146
81147
81173
81207
81212
81212
81216
81230
81235
81238
81260
81262
81263
81263
81284
81292
81310
81347
81355
81361
81362
81392
81394
81399
81401
81418
81429
81447
81448
81451
81461
81470
81471
81472
81484
81490
81497
81512
81516
81530
81533
81543
81552
81566
81567
81579
81588
81590
81621
81623
81624
81629
81640
81644
81651
81660
81689
81698
81710
81722
81723
81743
81747
81752
81791
81794
81849
81868
81877
81880
81883
81895
81898
81903
81938
81940
81973
81986
81994
82009
82013
82018
82033
82048
82080
82124
82125
82184
82188
82195
82201
82215
82219
82226
82233
82247
82249
82257
82292
82302
82317
82321
82334
82335
82358
82373
82405
82406
82414
82437
82458
82460
82462
82463
82466
82474
82482
82482
82494
82502
82524
82529
82543
82549
82554
82570
82572
82578
82579
82586
82586
82588
82624
82625
82632
82635
82641
82642
82654
82656
82659
82666
82670
82689
82697
82702
82702
82709
82710
82730
82730
82734
82751
82776
82777
82781
82786
82798
82804
82828
82832
82833
82836
82842
82849
82852
82861
82862
82863
82865
82882
82889
82897
82918
82919
82924
82935
82962
82968
82969
82970
82976
82985
83011
83011
83011
83079
83082
83096
83110
83112
83152
83155
83156
83167
83176
83215
83219
83220
83228
83235
83265
83283
83291
83296
83304
83308
83323
83349
83372
83372
83377
83431
83444
83458
83500
83508
83512
83523
83529
83532
83535
83563
83565
83566
83575
83584
83593
83603
83604
83615
83617
83618
83620
83633
83634
83646
83690
83700
83701
83719
83729
83740
83746
83753
83779
83809
83812
83817
83818
83823
83824
83830
83831
83838
83862
83862
83894
83919
83926
83932
83987
83988
84004
84006
84015
84016
84030
84041
84064
84073
84078
84082
84087
84088
84093
84097
84103
84104
84106
84112
84144
84147
84154
84166
84172
84175
84180
84188
84188
84197
84198
84202
84210
84210
84233
84234
84236
84239
84241
84242
84251
84256
84260
84266
84281
84283
84286
84310
84322
84332
84332
84343
84346
84363
84369
84371
84375
84383
84391
84397
84410
84413
84417
84457
84458
84466
84476
84492
84496
84512
84519
84548
84550
84578
84579
84588
84590
84594
84600
84611
84613
84620
84620
84620
84632
84639
84650
84657
84663
84681
84691
84695
84727
84740
84742
84763
84766
84767
84772
84773
84778
84778
84788
84801
84803
84810
84822
84853
84855
84856
84857
84863
84867
84891
84896
84901
84905
84909
84910
84918
84919
84925
84942
84945
84952
84980
84993
84995
85039
85074
85086
85100
85102
85106
85113
85116
85117
85121
85124
85125
85137
85145
85180
85206
85224
85228
85256
85260
85277
85282
85284
85292
85299
85300
85305
85309
85329
85341
85351
85362
85362
85387
85390
85399
85402
85403
85409
85414
85416
85416
85422
85440
85452
85458
85473
85475
85490
85491
85500
85504
85507
85508
85516
85523
85529
85551
85553
85564
85584
85597
85613
85634
85676
85678
85690
85696
85707
85718
85718
85728
85738
85743
85750
85772
85775
85780
85790
85792
85794
85801
85804
85814
85818
85818
85826
85835
85849
85894
85918
85919
85926
85939
85943
85957
85979
86025
86029
86040
86041
86047
86050
86053
86083
86089
86113
86114
86117
86147
86150
86153
86182
86189
86199
86204
86211
86213
86223
86232
86234
86241
86242
86262
86269
86274
86276
86283
86287
86292
86308
86309
86316
86320
86330
86337
86346
86352
86362
86362
86365
86369
86371
86379
86379
86383
86395
86396
86397
86401
86402
86419
86424
86428
86432
86438
86472
86498
86500
86504
86506
86530
86543
86562
86570
86582
86590
86596
86607
86608
86613
86621
86635
86636
86641
86651
86658
86661
86664
86686
86687
86689
86690
86694
86702
86707
86721
86726
86730
86743
86755
86764
86772
86777
86794
86803
86812
86822
86836
86837
86839
86848
86857
86857
86874
86879
86889
86904
86907
86922
86943
86967
86968
86974
86976
86981
86986
86989
87005
87025
87039
87042
87054
87056
87062
87066
87068
87070
87075
87075
87083
87106
87110
87123
87155
87180
87182
87197
87198
87207
87221
87222
87229
87243
87253
87254
87264
87271
87282
87306
87312
87349
87352
87371
87391
87397
87409
87418
87419
87448
87449
87460
87462
87469
87471
87493
87501
87501
87514
87524
87555
87564
87572
87573
87577
87582
87586
87620
87621
87627
87631
87637
87663
87669
87677
87678
87681
87702
87721
87727
87734
87738
87748
87761
87773
87780
87789
87802
87844
87867
87867
87915
87915
87918
87929
87957
87965
87977
87990
87991
88001
88007
88015
88015
88017
88026
88026
88031
88033
88038
88052
88064
88071
88075
88079
88120
88131
88132
88133
88137
88159
88161
88181
88196
88197
88214
88215
88224
88228
88229
88230
88232
88241
88260
88266
88270
88276
88282
88287
88288
88296
88310
88317
88317
88382
88388
88411
88452
88459
88462
88473
88482
88485
88494
88496
88500
88506
88510
88513
88519
88529
88532
88546
88548
88572
88583
88596
88598
88605
88608
88620
88636
88640
88672
88678
88703
88716
88721
88725
88737
88766
88769
88772
88775
88805
88810
88834
88839
88842
88855
88866
88875
88885
88890
88891
88903
88908
88914
88916
88918
88920
88929
88988
88992
89022
89028
89030
89030
89051
89122
89158
89160
89169
89172
89182
89183
89189
89192
89194
89197
89223
89225
89228
89234
89262
89277
89283
89288
89311
89324
89368
89373
89387
89395
89401
89411
89415
89418
89423
89430
89442
89445
89453
89477
89495
89497
89523
89525
89541
89568
89569
89571
89578
89600
89603
89617
89622
89624
89627
89630
89633
89634
89635
89646
89651
89658
89662
89664
89673
89674
89683
89702
89703
89706
89713
89718
89745
89760
89777
89779
89792
89807
89822
89833
89856
89879
89882
89887
89888
89892
89903
89910
89914
89927
89928
89948
89954
89954
89955
89969
89972
89975
89991
90001
90007
90011
90014
90021
90034
90042
90050
90071
90082
90109
90110
90123
90154
90168
90180
90181
90190
90210
90217
90217
90246
90247
90262
90267
90284
90293
90307
90313
90320
90322
90350
90371
90376
90399
90406
90409
90419
90422
90432
90458
90463
90466
90468
90470
90479
90484
90498
90499
90507
90524
90547
90551
90569
90595
90597
90603
90604
90620
90643
90649
90652
90665
90665
90687
90688
90693
90703
90718
90735
90741
90744
90746
90761
90774
90775
90782
90785
90790
90797
90812
90813
90815
90823
90857
90866
90888
90935
90944
90959
90970
90971
90976
90978
90987
90991
91015
91022
91033
91045
91060
91067
91071
91072
91073
91075
91083
91105
91107
91111
91123
91125
91136
91144
91147
91152
91165
91212
91250
91254
91268
91273
91288
91301
91305
91310
91310
91310
91313
91321
91336
91339
91351
91357
91364
91377
91395
91397
91397
91398
91415
91418
91421
91448
91458
91466
91468
91472
91473
91479
91491
91494
91517
91522
91524
91539
91546
91548
91549
91556
91564
91603
91608
91609
91617
91638
91641
91642
91644
91646
91646
91706
91707
91708
91716
91727
91756
91766
91769
91783
91797
91798
91825
91839
91859
91860
91866
91870
91881
91887
91894
91897
91898
91909
91924
91936
91946
91948
91952
91953
91958
91968
91980
91989
92007
92014
92014
92025
92029
92029
92047
92060
92068
92085
92089
92105
92122
92123
92126
92131
92135
92142
92145
92160
92173
92186
92194
92195
92207
92233
92251
92254
92261
92290
92300
92305
92326
92329
92347
92351
92352
92356
92364
92368
92381
92383
92397
92410
92433
92434
92440
92443
92449
92449
92450
92462
92463
92470
92471
92490
92515
92531
92536
92549
92565
92569
92571
92584
92594
92605
92605
92607
92615
92630
92664
92671
92672
92673
92674
92682
92718
92719
92727
92731
92744
92748
92752
92769
92772
92774
92783
92785
92786
92812
92816
92827
92831
92855
92864
92878
92889
92896
92901
92931
92933
92937
92940
92948
92963
92969
92974
92982
92996
93014
93035
93042
93051
93058
93058
93072
93093
93097
93115
93130
93145
93156
93168
93212
93214
93223
93241
93250
93256
93283
93289
93306
93310
93317
93320
93324
93334
93348
93357
93371
93378
93406
93424
93432
93437
93443
93455
93459
93463
93466
93486
93491
93507
93532
93533
93535
93615
93617
93630
93642
93668
93671
93675
93695
93696
93697
93698
93709
93710
93711
93720
93728
93730
93731
93745
93775
93779
93802
93820
93836
93860
93891
93901
93903
93931
93948
93953
93956
93961
93964
93971
93998
93999
94006
94011
94015
94021
94024
94027
94040
94043
94059
94059
94077
94086
94089
94089
94093
94096
94096
94100
94102
94125
94132
94135
94144
94170
94171
94174
94184
94186
94218
94242
94254
94258
94265
94273
94322
94339
94349
94372
94385
94394
94400
94401
94414
94417
94420
94426
94435
94441
94441
94456
94456
94465
94482
94507
94513
94515
94522
94530
94552
94566
94569
94570
94582
94614
94626
94637
94642
94667
94670
94673
94673
94674
94675
94679
94687
94690
94691
94704
94708
94720
94731
94753
94758
94766
94780
94781
94783
94805
94806
94829
94836
94837
94838
94854
94863
94866
94869
94872
94873
94879
94880
94884
94887
94893
94898
94924
94938
94939
94980
94991
94992
94993
95008
95020
95036
95038
95052
95121
95127
95132
95143
95146
95155
95158
95164
95168
95174
95175
95202
95207
95213
95223
95240
95241
95263
95270
95295
95301
95310
95317
95318
95336
95338
95351
95352
95356
95364
95367
95376
95376
95383
95385
95393
95397
95399
95399
95419
95420
95427
95437
95444
95452
95462
95464
95477
95482
95492
95493
95525
95527
95530
95539
95542
95556
95562
95565
95571
95577
95581
95581
95593
95595
95598
95638
95644
95644
95653
95678
95679
95680
95683
95697
95732
95735
95745
95745
95750
95759
95766
95770
95775
95790
95793
95798
95806
95835
95858
95864
95866
95869
95872
95900
95901
95906
95915
95915
95921
95950
95966
95970
95984
95989
95995
96000
96000
96002
96010
96012
96014
96018
96022
96036
96052
96067
96075
96081
96086
96095
96100
96103
96107
96135
96137
96156
96172
96183
96190
96191
96199
96218
96250
96253
96266
96277
96285
96289
96303
96324
96325
96328
96351
96355
96359
96359
96363
96369
96373
96374
96386
96392
96398
96401
96402
96412
96420
96421
96421
96440
96448
96449
96454
96458
96480
96483
96496
96496
96518
96523
96523
96526
96540
96556
96562
96574
96579
96593
96601
96602
96620
96624
96626
96627
96633
96634
96648
96654
96654
96675
96678
96685
96698
96710
96716
96732
96757
96759
96763
96765
96769
96783
96785
96789
96793
96801
96813
96817
96822
96828
96837
96845
96889
96907
96910
96942
96947
96955
96973
96979
96990
96992
97020
97030
97059
97063
97094
97106
97131
97151
97186
97191
97195
97220
97237
97246
97268
97268
97281
97286
97293
97297
97299
97303
97319
97334
97336
97339
97341
97381
97403
97427
97445
97458
97465
97467
97469
97470
97490
97493
97507
97514
97524
97536
97543
97543
97550
97564
97569
97582
97587
97621
97645
97645
97649
97683
97695
97702
97735
97738
97752
97791
97793
97813
97823
97841
97850
97868
97889
97896
97896
97900
97904
97906
97915
97927
97945
97952
97965
97970
97974
97992
97996
97996
97997
98031
98031
98044
98050
98052
98063
98070
98072
98074
98085
98094
98098
98104
98109
98125
98140
98147
98156
98166
98170
98179
98193
98201
98208
98242
98247
98255
98262
98265
98267
98268
98270
98277
98283
98284
98309
98328
98348
98355
98376
98379
98382
98403
98422
98423
98427
98429
98444
98448
98449
98453
98488
98500
98504
98510
98554
98564
98567
98576
98581
98584
98592
98607
98611
98612
98621
98627
98657
98662
98665
98674
98679
98686
98688
98689
98691
98701
98714
98715
98747
98757
98757
98758
98763
98790
98827
98866
98868
98877
98896
98998
99001
99007
99014
99034
99035
99051
99098
99104
99112
99113
99121
99125
99182
99187
99192
99200
99210
99219
99222
99227
99240
99245
99245
99247
99259
99262
99267
99289
99293
99301
99309
99320
99322
99323
99336
99345
99352
99356
99360
99383
99388
99403
99420
99436
99455
99460
99517
99547
99565
99566
99624
99625
99636
99637
99655
99661
99665
99669
99675
99690
99708
99715
99726
99741
99770
99773
99776
99786
99792
99793
99798
99821
99822
99823
99847
99860
99869
99890
99898
99914
99938
99944
99949
99965
99967
99991
99992
99995
99995
99997
100000
