20
20
46
56
58
78
91
103
118
123
137
146
148
179
179
182
182
197
205
211
214
214
231
244
264
268
292
301
303
305
326
329
336
338
350
351
356
363
385
389
402
418
423
425
439
462
469
474
500
518
527
529
541
553
573
585
628
653
654
655
657
665
670
671
694
695
696
697
708
710
715
716
719
733
792
813
828
854
854
856
872
886
895
902
917
923
934
935
951
954
1003
1006
1022
1034
1057
1058
1086
1105
1117
1132
1137
1160
1161
1162
1188
1220
1229
1246
1272
1273
1275
1292
1295
1299
1300
1308
1325
1342
1366
1366
1372
1382
1382
1383
1390
1404
1434
1467
1468
1480
1493
1514
1531
1531
1545
1552
1554
1561
1570
1584
1585
1586
1590
1598
1614
1622
1643
1646
1651
1658
1664
1665
1668
1719
1741
1751
1767
1775
1780
1783
1801
1802
1813
1837
1854
1859
1861
1865
1883
1884
1885
1900
1905
1919
1920
1935
1935
1959
1970
1972
1976
1979
1986
1992
2009
2026
2029
2030
2036
2037
2054
2056
2094
2101
2106
2111
2117
2135
2150
2155
2160
2172
2207
2212
2227
2242
2245
2251
2255
2259
2262
2263
2273
2279
2284
2291
2352
2355
2363
2364
2397
2408
2410
2411
2414
2417
2419
2424
2427
2429
2444
2453
2456
2460
2466
2475
2484
2486
2490
2498
2506
2524
2536
2542
2548
2562
2572
2587
2589
2601
2601
2603
2611
2616
2619
2643
2645
2687
2687
2689
2693
2698
2703
2707
2711
2742
2748
2752
2770
2770
2770
2775
2821
2838
2871
2874
2879
2893
2896
2901
2905
2907
2911
2912
2925
2941
2946
2954
2964
2966
2992
3001
3002
3013
3049
3060
3093
3105
3109
3117
3131
3131
3135
3142
3159
3185
3199
3209
3213
3229
3236
3238
3239
3265
3301
3302
3311
3312
3315
3315
3326
3337
3338
3342
3345
3347
3374
3377
3386
3388
3388
3392
3403
3403
3415
3425
3442
3458
3459
3459
3463
3469
3470
3492
3522
3530
3546
3559
3559
3567
3592
3612
3629
3630
3630
3636
3640
3655
3666
3671
3673
3675
3678
3684
3699
3722
3732
3755
3769
3771
3813
3815
3837
3864
3867
3869
3885
3886
3900
3902
3904
3927
3948
3950
3960
3974
3979
3983
3991
4000
4007
4008
4042
4050
4050
4056
4060
4061
4091
4100
4115
4116
4134
4151
4159
4160
4167
4175
4179
4186
4206
4210
4210
4220
4226
4232
4239
4245
4258
4266
4285
4290
4302
4320
4327
4345
4366
4367
4370
4408
4416
4421
4423
4454
4459
4483
4485
4489
4512
4518
4521
4521
4529
4531
4531
4535
4545
4584
4586
4629
4633
4634
4641
4649
4656
4667
4667
4675
4677
4679
4680
4687
4692
4704
4706
4708
4709
4716
4723
4729
4735
4740
4759
4760
4760
4765
4773
4786
4793
4798
4805
4827
4836
4879
4893
4898
4898
4899
4901
4910
4910
4933
4933
4965
4975
4980
4982
4986
4989
4990
5000
5008
5012
5019
5042
5052
5060
5071
5075
5088
5097
5098
5106
5126
5153
5164
5170
5171
5171
5180
5192
5200
5206
5208
5213
5238
5239
5260
5276
5282
5287
5305
5308
5331
5334
5336
5342
5353
5366
5374
5386
5408
5422
5441
5442
5446
5454
5455
5459
5470
5471
5486
5507
5526
5534
5558
5571
5604
5604
5606
5620
5637
5639
5644
5645
5647
5653
5654
5655
5665
5685
5691
5710
5710
5714
5715
5731
5732
5747
5752
5753
5762
5765
5787
5803
5804
5808
5811
5818
5818
5821
5822
5842
5845
5849
5861
5881
5894
5900
5900
5915
5916
5955
5961
5965
5967
6002
6004
6005
6006
6012
6014
6018
6030
6047
6053
6085
6104
6116
6117
6128
6135
6136
6175
6181
6195
6196
6203
6206
6208
6226
6232
6242
6246
6253
6266
6268
6277
6287
6339
6355
6366
6375
6394
6413
6417
6425
6443
6447
6454
6464
6468
6489
6493
6496
6519
6521
6529
6535
6539
6541
6542
6543
6549
6566
6567
6571
6583
6593
6619
6624
6645
6646
6647
6649
6649
6678
6684
6687
6702
6710
6742
6757
6799
6839
6855
6856
6870
6888
6903
6913
6923
6932
6969
6972
6972
6972
6989
6992
6997
7007
7008
7027
7049
7086
7092
7108
7115
7119
7140
7143
7183
7215
7220
7231
7238
7253
7263
7287
7297
7300
7301
7312
7314
7317
7369
7378
7378
7388
7400
7404
7408
7428
7448
7456
7497
7519
7520
7528
7538
7552
7565
7582
7583
7622
7633
7640
7643
7654
7658
7688
7689
7694
7702
7717
7717
7731
7734
7749
7765
7773
7778
7778
7801
7803
7803
7842
7872
7879
7880
7883
7924
7928
7931
7948
7949
7961
7976
7982
7984
7988
8006
8037
8046
8048
8051
8053
8075
8079
8097
8098
8112
8118
8120
8123
8128
8157
8184
8191
8205
8230
8232
8234
8241
8252
8261
8262
8267
8272
8282
8289
8293
8317
8318
8333
8336
8337
8341
8355
8357
8397
8439
8439
8455
8456
8465
8466
8507
8507
8514
8527
8531
8540
8541
8565
8574
8590
8593
8598
8606
8610
8616
8626
8628
8637
8648
8672
8672
8672
8685
8693
8696
8698
8716
8723
8745
8748
8753
8768
8782
8808
8815
8826
8829
8835
8845
8850
8854
8873
8889
8891
8892
8897
8897
8910
8928
8937
8950
8954
8980
8987
9034
9053
9082
9104
9124
9142
9144
9166
9209
9219
9236
9236
9237
9271
9280
9286
9290
9310
9321
9324
9327
9345
9348
9350
9368
9379
9381
9381
9390
9399
9419
9424
9425
9430
9440
9454
9473
9491
9513
9515
9544
9546
9555
9556
9563
9591
9601
9613
9662
9680
9688
9690
9691
9706
9706
9710
9714
9717
9751
9756
9757
9759
9763
9767
9796
9809
9817
9820
9831
9839
9845
9868
9888
9894
9896
9950
9956
9957
9970
9970
9983
9998
10008
10013
10025
10025
10039
10042
10044
10046
10051
10051
10060
10082
10095
10103
10103
10108
10110
10122
10123
10133
10134
10179
10180
10225
10240
10241
10248
10300
10302
10312
10321
10332
10343
10351
10357
10372
10380
10382
10396
10418
10421
10432
10444
10449
10451
10457
10461
10462
10466
10481
10491
10498
10504
10509
10523
10525
10526
10530
10533
10552
10553
10566
10569
10582
10583
10588
10599
10602
10611
10615
10637
10638
10640
10647
10657
10660
10676
10688
10714
10715
10728
10746
10760
10774
10777
10785
10786
10787
10788
10826
10862
10864
10882
10885
10885
10890
10894
10909
10915
10926
10934
10941
10943
10955
10955
10964
10982
10983
10992
11034
11061
11066
11070
11085
11087
11088
11103
11111
11122
11139
11158
11162
11185
11186
11187
11196
11207
11218
11220
11228
11234
11239
11253
11282
11284
11289
11289
11290
11298
11322
11322
11331
11331
11332
11333
11350
11351
11376
11379
11383
11391
11392
11396
11399
11415
11433
11439
11442
11448
11457
11464
11475
11478
11482
11485
11508
11509
11534
11577
11581
11601
11608
11616
11622
11632
11673
11675
11677
11680
11684
11697
11703
11726
11733
11748
11765
11780
11785
11786
11795
11802
11818
11833
11835
11837
11855
11856
11876
11887
11888
11901
11902
11910
11918
11921
11929
11935
11968
11987
11990
11998
12002
12012
12022
12031
12035
12041
12051
12057
12079
12087
12088
12098
12108
12111
12113
12141
12155
12156
12172
12183
12186
12187
12187
12196
12209
12211
12216
12245
12245
12252
12261
12262
12269
12269
12273
12287
12294
12297
12302
12332
12356
12370
12400
12405
12421
12442
12443
12474
12497
12501
12502
12510
12513
12556
12560
12561
12573
12580
12594
12595
12600
12603
12608
12630
12675
12682
12692
12696
12704
12705
12748
12749
12754
12767
12780
12793
12793
12800
12808
12816
12825
12829
12844
12851
12851
12853
12860
12870
12871
12871
12874
12881
12887
12891
12894
12898
12902
12908
12912
12918
12922
12934
12936
12937
12947
12959
12964
12967
12969
12972
12974
12983
13014
13015
13017
13019
13019
13045
13046
13062
13069
13074
13090
13091
13092
13097
13106
13121
13124
13142
13159
13162
13169
13173
13177
13177
13180
13191
13205
13207
13225
13227
13234
13235
13286
13292
13295
13296
13318
13326
13331
13359
13364
13370
13374
13375
13384
13385
13391
13396
13401
13406
13408
13412
13423
13435
13436
13439
13439
13459
13459
13476
13513
13540
13553
13558
13570
13594
13596
13617
13627
13651
13653
13679
13683
13688
13689
13714
13714
13714
13750
13762
13763
13773
13774
13776
13779
13783
13787
13803
13825
13827
13850
13889
13898
13906
13907
13914
13916
13920
13927
13928
13936
13937
13950
13953
13968
13988
13997
14010
14020
14021
14028
14039
14044
14069
14080
14087
14108
14114
14120
14149
14158
14175
14175
14182
14195
14199
14207
14261
14262
14273
14277
14283
14294
14295
14296
14302
14307
14316
14317
14323
14324
14325
14358
14385
14403
14405
14412
14413
14431
14451
14456
14458
14460
14468
14480
14490
14497
14503
14505
14525
14527
14534
14543
14546
14555
14560
14567
14572
14573
14582
14586
14587
14590
14604
14608
14614
14618
14622
14626
14626
14633
14639
14650
14653
14653
14675
14692
14692
14696
14702
14715
14745
14758
14763
14772
14785
14805
14817
14849
14856
14868
14870
14875
14887
14915
14916
14937
14978
14983
14986
14994
15037
15040
15050
15052
15066
15068
15073
15076
15081
15086
15097
15109
15119
15131
15135
15146
15190
15198
15210
15234
15235
15244
15248
15251
15252
15266
15268
15276
15278
15284
15292
15295
15315
15327
15340
15342
15363
15364
15372
15373
15374
15376
15396
15396
15403
15410
15412
15418
15419
15424
15424
15433
15437
15445
15452
15474
15475
15480
15506
15508
15519
15547
15578
15582
15582
15596
15599
15605
15614
15635
15641
15654
15671
15673
15681
15682
15690
15693
15712
15714
15722
15723
15741
15768
15792
15805
15809
15878
15893
15910
15928
15947
15949
15951
15954
15954
15965
15983
15986
15989
16007
16014
16021
16024
16032
16033
16033
16039
16043
16052
16068
16070
16076
16080
16115
16120
16122
16124
16133
16136
16177
16181
16188
16192
16199
16202
16205
16206
16208
16210
16259
16269
16270
16273
16292
16298
16299
16312
16323
16324
16329
16333
16334
16348
16353
16361
16363
16363
16374
16399
16405
16422
16435
16445
16480
16487
16510
16510
16520
16524
16526
16534
16555
16560
16563
16588
16598
16601
16613
16636
16637
16647
16648
16654
16661
16668
16677
16677
16679
16679
16680
16682
16705
16755
16769
16792
16796
16800
16840
16869
16874
16877
16881
16890
16916
16925
16938
16956
16960
16977
16991
16994
16995
16997
17005
17021
17044
17054
17070
17071
17081
17089
17120
17127
17131
17133
17136
17137
17139
17141
17150
17152
17156
17185
17193
17201
17201
17228
17255
17256
17260
17262
17287
17308
17316
17320
17321
17323
17332
17332
17340
17350
17365
17372
17380
17391
17399
17399
17401
17412
17441
17447
17455
17465
17475
17479
17481
17499
17511
17528
17554
17561
17562
17576
17579
17586
17592
17622
17626
17641
17647
17651
17654
17655
17664
17683
17705
17711
17720
17735
17755
17784
17794
17796
17812
17817
17829
17866
17867
17874
17888
17890
17895
17896
17896
17922
17942
17944
17953
17955
17968
17969
17972
17978
17994
18001
18029
18031
18061
18064
18072
18123
18124
18130
18182
18187
18193
18197
18205
18206
18215
18218
18243
18269
18273
18303
18312
18315
18324
18333
18338
18341
18344
18345
18354
18363
18386
18389
18404
18444
18461
18463
18484
18489
18503
18516
18528
18531
18546
18561
18562
18565
18565
18574
18578
18584
18585
18619
18640
18649
18672
18683
18712
18725
18728
18750
18752
18764
18780
18793
18798
18818
18840
18856
18861
18867
18877
18881
18885
18887
18888
18888
18904
18919
18925
18937
18948
18964
18970
18972
18973
18982
18985
18991
19004
19005
19011
19029
19034
19045
19071
19071
19073
19079
19084
19109
19110
19111
19123
19145
19147
19147
19162
19166
19171
19172
19182
19197
19199
19201
19205
19213
19213
19220
19222
19234
19237
19243
19254
19267
19273
19277
19284
19289
19312
19312
19316
19335
19337
19341
19351
19352
19362
19369
19382
19395
19408
19439
19440
19442
19503
19522
19538
19552
19553
19572
19574
19580
19590
19595
19600
19612
19619
19623
19626
19635
19645
19651
19665
19672
19673
19676
19700
19728
19737
19741
19747
19756
19758
19765
19767
19779
19782
19782
19808
19811
19837
19841
19843
19844
19847
19857
19861
19867
19879
19905
19917
19922
19938
19972
19982
19993
20001
20007
20013
20015
20025
20039
20045
20063
20068
20076
20080
20087
20110
20125
20138
20142
20144
20148
20155
20162
20164
20167
20169
20171
20181
20190
20194
20209
20234
20235
20245
20250
20252
20254
20268
20274
20287
20300
20328
20350
20370
20380
20390
20403
20412
20413
20414
20416
20419
20422
20455
20462
20465
20482
20492
20506
20518
20518
20519
20527
20545
20556
20597
20597
20601
20614
20627
20635
20637
20662
20664
20667
20693
20706
20710
20711
20718
20725
20730
20735
20747
20750
20757
20760
20766
20794
20803
20819
20821
20825
20829
20841
20858
20881
20883
20889
20921
20926
20950
20953
20953
20959
20990
21006
21007
21034
21046
21051
21053
21063
21064
21068
21077
21080
21097
21098
21107
21117
21123
21125
21137
21139
21146
21171
21184
21193
21207
21216
21223
21225
21242
21251
21261
21276
21289
21295
21306
21309
21309
21312
21326
21327
21339
21339
21365
21366
21367
21370
21379
21409
21453
21464
21471
21473
21488
21517
21519
21530
21531
21537
21538
21541
21542
21616
21627
21632
21673
21680
21691
21720
21730
21735
21749
21766
21767
21793
21796
21813
21814
21815
21820
21831
21832
21848
21856
21864
21865
21865
21870
21881
21890
21908
21920
21935
21946
21969
21971
21973
21976
21978
21991
22046
22104
22111
22126
22134
22164
22181
22206
22214
22215
22223
22225
22236
22238
22240
22242
22250
22252
22252
22255
22270
22275
22277
22280
22285
22298
22308
22311
22323
22327
22344
22346
22351
22375
22412
22438
22440
22470
22480
22500
22500
22505
22521
22546
22550
22562
22563
22567
22575
22580
22608
22627
22635
22686
22694
22694
22704
22705
22710
22710
22724
22727
22732
22768
22808
22827
22827
22830
22839
22844
22854
22858
22884
22887
22894
22894
22896
22897
22922
22942
22947
22949
22960
22972
22990
22995
22995
23007
23011
23020
23036
23036
23049
23073
23073
23110
23110
23153
23164
23166
23188
23193
23195
23206
23244
23278
23278
23295
23306
23313
23334
23342
23347
23348
23358
23365
23366
23424
23434
23438
23443
23478
23487
23493
23497
23545
23554
23559
23562
23574
23591
23593
23600
23635
23637
23668
23687
23697
23706
23732
23733
23736
23739
23744
23753
23766
23787
23803
23817
23823
23838
23839
23842
23857
23861
23873
23879
23882
23893
23896
23897
23910
23910
23913
23945
23947
23951
23978
23984
23986
23996
24014
24019
24021
24023
24051
24055
24069
24078
24094
24094
24096
24098
24098
24098
24104
24106
24123
24130
24134
24142
24146
24149
24153
24197
24211
24224
24230
24232
24240
24243
24255
24258
24266
24326
24333
24334
24346
24364
24368
24417
24438
24452
24455
24474
24479
24511
24517
24523
24534
24535
24537
24560
24577
24581
24585
24598
24605
24606
24611
24614
24627
24631
24646
24669
24680
24707
24710
24710
24710
24741
24758
24769
24773
24779
24783
24784
24787
24795
24844
24850
24865
24883
24888
24916
24930
24969
24976
24977
24982
24986
24992
24994
24995
25004
25007
25008
25011
25015
25029
25031
25034
25040
25067
25070
25077
25082
25084
25089
25091
25096
25106
25110
25120
25121
25128
25151
25158
25160
25178
25184
25187
25227
25233
25234
25236
25245
25246
25246
25247
25248
25250
25260
25262
25264
25278
25282
25313
25344
25355
25360
25376
25387
25402
25407
25410
25425
25434
25442
25458
25465
25484
25488
25490
25492
25493
25498
25505
25512
25525
25550
25574
25576
25579
25588
25598
25598
25601
25641
25644
25659
25662
25679
25682
25687
25708
25709
25716
25716
25725
25732
25744
25745
25745
25747
25758
25765
25771
25789
25793
25799
25824
25825
25831
25832
25832
25850
25853
25872
25888
25903
25912
25913
25914
25924
25966
25967
25972
25978
25985
25992
25998
26009
26035
26070
26084
26087
26095
26102
26108
26118
26120
26120
26132
26140
26142
26144
26158
26170
26173
26180
26185
26190
26196
26196
26204
26208
26236
26239
26267
26267
26295
26296
26302
26310
26323
26333
26340
26357
26366
26366
26375
26386
26407
26415
26427
26428
26441
26447
26456
26468
26472
26500
26513
26536
26540
26549
26567
26571
26581
26581
26598
26615
26616
26621
26623
26629
26629
26641
26655
26668
26678
26683
26692
26710
26712
26726
26749
26758
26775
26791
26807
26815
26816
26825
26827
26837
26841
26841
26843
26848
26850
26856
26860
26868
26873
26888
26892
26894
26910
26930
26943
26943
26946
26964
26985
26990
26996
27017
27027
27055
27058
27071
27072
27080
27088
27089
27094
27100
27100
27118
27124
27126
27132
27157
27163
27163
27166
27166
27195
27197
27206
27208
27209
27216
27224
27240
27246
27252
27255
27287
27289
27297
27298
27306
27334
27335
27339
27348
27350
27363
27366
27367
27372
27389
27394
27420
27430
27430
27431
27440
27441
27478
27483
27496
27501
27501
27504
27505
27520
27525
27529
27535
27553
27561
27580
27598
27608
27632
27646
27650
27684
27684
27685
27691
27692
27693
27693
27694
27694
27695
27698
27698
27713
27722
27728
27735
27747
27748
27748
27749
27756
27756
27761
27765
27770
27773
27777
27777
27778
27781
27794
27795
27813
27813
27814
27825
27827
27831
27835
27866
27883
27884
27884
27899
27903
27915
27933
27941
27947
27966
28007
28015
28030
28037
28043
28067
28091
28104
28112
28121
28124
28134
28150
28160
28177
28187
28204
28207
28211
28214
28216
28217
28217
28222
28234
28241
28246
28249
28251
28255
28256
28301
28310
28314
28320
28325
28331
28332
28349
28359
28361
28366
28370
28377
28390
28390
28413
28422
28423
28436
28446
28456
28468
28476
28478
28491
28506
28507
28514
28527
28561
28567
28578
28585
28591
28593
28612
28614
28616
28629
28661
28665
28677
28683
28703
28721
28745
28746
28756
28764
28767
28803
28818
28819
28820
28822
28830
28833
28837
28850
28850
28853
28863
28866
28869
28874
28881
28882
28886
28924
28931
28937
28939
28962
28970
28973
28981
29000
29001
29003
29008
29012
29026
29030
29037
29041
29044
29050
29066
29071
29098
29117
29127
29144
29157
29165
29172
29179
29188
29210
29229
29237
29238
29247
29250
29267
29272
29273
29283
29284
29291
29315
29318
29344
29345
29364
29365
29400
29404
29404
29415
29417
29424
29429
29432
29447
29458
29459
29464
29470
29479
29489
29493
29506
29510
29510
29510
29513
29540
29553
29562
29576
29576
29602
29613
29622
29630
29645
29649
29667
29668
29680
29692
29714
29717
29720
29725
29725
29732
29736
29742
29742
29742
29779
29803
29825
29826
29839
29849
29859
29866
29867
29870
29878
29885
29885
29894
29898
29928
29956
29957
29978
29978
29979
29990
29995
29996
30003
30005
30029
30035
30069
30099
30102
30113
30134
30152
30154
30159
30180
30186
30196
30235
30250
30262
30274
30297
30301
30318
30322
30324
30328
30328
30333
30340
30401
30436
30450
30453
30497
30499
30502
30519
30530
30537
30539
30563
30578
30591
30607
30633
30633
30640
30643
30663
30664
30676
30679
30679
30697
30699
30732
30739
30750
30762
30763
30785
30811
30816
30820
30851
30856
30870
30892
30917
30918
30939
30939
30943
30948
30954
30955
30956
30962
30972
31009
31013
31017
31017
31019
31025
31036
31041
31045
31047
31048
31053
31057
31070
31074
31123
31151
31156
31157
31157
31171
31181
31185
31214
31227
31258
31285
31301
31301
31306
31313
31327
31333
31333
31337
31343
31359
31366
31403
31418
31429
31432
31446
31446
31451
31472
31480
31496
31509
31522
31550
31553
31554
31558
31560
31581
31583
31586
31595
31595
31598
31600
31606
31607
31614
31623
31630
31632
31659
31659
31680
31698
31721
31737
31741
31747
31760
31778
31787
31790
31793
31795
31797
31801
31802
31810
31830
31851
31862
31884
31886
31900
31902
31931
31933
31946
31949
31976
31980
32009
32018
32033
32035
32057
32062
32094
32099
32122
32130
32153
32162
32184
32201
32201
32206
32222
32224
32227
32230
32232
32273
32281
32289
32304
32304
32320
32328
32335
32341
32348
32360
32362
32372
32377
32394
32407
32409
32427
32433
32443
32445
32446
32450
32463
32464
32475
32516
32532
32535
32537
32541
32545
32546
32562
32566
32584
32638
32663
32670
32673
32686
32692
32711
32717
32725
32730
32736
32740
32767
32818
32837
32849
32849
32867
32889
32890
32905
32921
32924
32934
32938
32942
32947
32949
32959
32971
32975
32979
32995
32995
33015
33028
33031
33033
33036
33036
33047
33048
33052
33056
33088
33121
33127
33137
33152
33164
33168
33187
33193
33220
33228
33243
33280
33327
33331
33337
33340
33341
33350
33356
33357
33365
33376
33383
33392
33395
33401
33406
33420
33420
33435
33437
33438
33443
33443
33460
33469
33485
33507
33507
33519
33529
33536
33544
33595
33602
33605
33607
33620
33623
33627
33643
33657
33660
33668
33672
33681
33691
33706
33730
33732
33733
33734
33738
33750
33750
33754
33762
33788
33810
33812
33833
33853
33888
33906
33918
33920
33922
33927
33931
33932
33935
33938
33959
33966
33971
33975
33980
33990
33991
33996
33998
34013
34014
34034
34052
34056
34080
34091
34103
34106
34108
34117
34136
34140
34198
34216
34220
34227
34230
34246
34269
34277
34280
34284
34286
34300
34347
34358
34359
34364
34372
34374
34376
34395
34407
34420
34420
34426
34467
34473
34479
34523
34524
34560
34565
34566
34582
34597
34609
34613
34616
34622
34631
34641
34648
34664
34684
34699
34702
34703
34710
34715
34716
34717
34721
34726
34728
34757
34758
34766
34769
34786
34793
34828
34831
34837
34861
34879
34900
34901
34901
34902
34904
34907
34925
34929
34959
34966
34967
34968
34973
34976
34994
35003
35014
35015
35015
35018
35019
35022
35041
35068
35096
35096
35097
35108
35114
35119
35134
35150
35170
35181
35187
35189
35215
35221
35230
35240
35248
35252
35252
35264
35271
35273
35276
35280
35282
35305
35305
35309
35323
35334
35336
35348
35352
35362
35364
35364
35374
35386
35405
35421
35425
35426
35432
35469
35497
35501
35527
35540
35541
35546
35546
35547
35551
35556
35559
35578
35593
35615
35620
35622
35629
35633
35648
35669
35677
35678
35682
35712
35749
35750
35756
35760
35767
35769
35781
35813
35813
35823
35829
35842
35848
35850
35887
35896
35901
35913
35926
35943
35947
35947
35954
35959
35979
36012
36017
36020
36030
36032
36036
36045
36067
36074
36077
36078
36078
36092
36092
36129
36131
36132
36147
36172
36199
36224
36254
36258
36271
36311
36338
36341
36352
36355
36355
36356
36357
36378
36386
36388
36407
36410
36442
36445
36456
36462
36464
36465
36494
36513
36519
36527
36531
36535
36549
36552
36573
36599
36618
36620
36634
36641
36644
36646
36654
36673
36674
36677
36680
36688
36689
36695
36701
36718
36720
36732
36759
36784
36788
36816
36822
36826
36851
36853
36858
36872
36886
36887
36888
36907
36917
36922
36940
36948
36956
36958
36960
36968
36981
36982
36993
36996
36997
37001
37005
37032
37037
37041
37043
37059
37072
37075
37077
37093
37106
37119
37120
37127
37135
37139
37143
37146
37152
37153
37155
37163
37189
37192
37209
37212
37214
37219
37221
37227
37244
37263
37269
37308
37309
37310
37314
37319
37321
37324
37331
37367
37386
37407
37410
37416
37418
37428
37443
37456
37482
37506
37507
37508
37522
37524
37533
37534
37538
37540
37552
37554
37563
37601
37607
37614
37633
37634
37642
37645
37649
37668
37674
37696
37696
37704
37715
37716
37716
37734
37742
37754
37780
37792
37792
37798
37798
37814
37822
37839
37840
37841
37846
37857
37869
37870
37885
37899
37903
37913
37915
37926
37960
37965
37969
37982
37996
38000
38003
38033
38060
38091
38098
38107
38114
38120
38124
38128
38134
38148
38154
38157
38160
38167
38167
38182
38183
38186
38188
38204
38207
38211
38217
38251
38270
38278
38283
38293
38329
38332
38358
38368
38371
38390
38392
38402
38405
38414
38415
38444
38445
38449
38451
38451
38455
38457
38480
38488
38489
38491
38493
38510
38521
38540
38559
38585
38593
38617
38627
38647
38652
38668
38671
38688
38691
38712
38757
38772
38780
38781
38795
38809
38810
38822
38825
38830
38833
38836
38840
38841
38846
38853
38858
38862
38887
38900
38941
38955
39013
39034
39045
39049
39055
39059
39070
39076
39081
39082
39082
39090
39091
39118
39136
39145
39161
39165
39168
39189
39194
39214
39222
39226
39232
39235
39236
39236
39241
39247
39258
39259
39275
39297
39311
39325
39336
39350
39357
39366
39370
39373
39385
39392
39396
39396
39430
39437
39442
39468
39481
39507
39517
39550
39562
39567
39585
39592
39606
39609
39659
39685
39700
39704
39722
39742
39748
39756
39767
39770
39783
39801
39806
39811
39819
39820
39836
39840
39842
39855
39858
39866
39866
39868
39882
39890
39903
39906
39918
39926
39958
39964
39967
39981
39990
39992
39993
39993
40009
40023
40043
40054
40073
40074
40086
40123
40125
40140
40141
40157
40163
40165
40166
40219
40247
40251
40252
40260
40263
40267
40339
40341
40360
40364
40370
40388
40395
40401
40401
40415
40429
40437
40467
40508
40511
40528
40529
40546
40550
40603
40621
40622
40623
40625
40627
40629
40661
40672
40687
40700
40701
40738
40739
40741
40750
40750
40758
40762
40765
40784
40801
40808
40830
40833
40842
40844
40848
40857
40863
40886
40916
40928
40943
40962
40970
40987
40988
40991
41012
41013
41032
41039
41046
41067
41068
41105
41119
41121
41153
41153
41175
41191
41196
41214
41220
41222
41224
41228
41246
41249
41257
41271
41288
41338
41347
41347
41349
41355
41367
41367
41368
41376
41388
41408
41413
41415
41427
41427
41433
41434
41444
41460
41490
41490
41490
41503
41503
41509
41529
41538
41544
41544
41545
41551
41551
41560
41567
41587
41618
41638
41660
41669
41678
41700
41706
41719
41727
41732
41733
41745
41749
41752
41758
41764
41765
41786
41786
41794
41834
41859
41869
41870
41873
41875
41878
41892
41894
41913
41934
41938
41943
41948
41961
41965
41975
41976
41978
41986
41986
41986
41997
42001
42004
42018
42036
42037
42067
42067
42072
42078
42095
42117
42134
42147
42163
42172
42191
42197
42211
42225
42229
42238
42263
42270
42290
42330
42355
42358
42362
42366
42369
42378
42389
42417
42426
42445
42446
42470
42472
42479
42484
42494
42511
42515
42539
42543
42557
42593
42595
42607
42614
42627
42647
42660
42669
42677
42688
42698
42708
42718
42720
42722
42725
42737
42738
42739
42751
42780
42788
42788
42794
42800
42813
42818
42819
42821
42831
42836
42857
42861
42862
42882
42883
42887
42894
42912
42928
42929
42943
42943
42952
42956
42956
42956
42966
43001
43013
43018
43032
43042
43045
43064
43079
43080
43083
43110
43119
43142
43145
43146
43148
43160
43161
43163
43165
43181
43183
43196
43202
43213
43229
43239
43246
43257
43260
43263
43283
43290
43294
43336
43349
43368
43375
43375
43380
43391
43426
43440
43457
43462
43472
43474
43488
43495
43498
43501
43524
43538
43563
43574
43581
43583
43583
43593
43595
43598
43612
43631
43642
43642
43646
43648
43649
43652
43656
43657
43660
43668
43687
43694
43702
43704
43709
43732
43736
43746
43752
43766
43775
43782
43785
43799
43803
43826
43828
43845
43852
43852
43866
43886
43886
43888
43897
43898
43899
43911
43916
43918
43941
43943
43945
43992
43995
44009
44011
44024
44031
44034
44054
44061
44062
44070
44080
44080
44080
44081
44082
44084
44091
44102
44113
44113
44119
44132
44133
44141
44147
44168
44171
44176
44183
44206
44224
44261
44287
44298
44330
44331
44334
44336
44339
44371
44390
44392
44411
44414
44423
44425
44434
44437
44444
44445
44448
44461
44465
44479
44481
44495
44499
44503
44509
44546
44552
44655
44682
44728
44735
44746
44758
44768
44790
44802
44803
44808
44818
44825
44831
44854
44856
44856
44872
44880
44901
44929
44935
44939
44946
44949
44964
44967
44969
44970
44973
44995
45001
45006
45015
45032
45048
45050
45069
45070
45089
45091
45096
45107
45149
45162
45166
45174
45204
45221
45224
45225
45235
45238
45244
45249
45286
45293
45295
45302
45317
45318
45323
45347
45347
45350
45365
45370
45396
45399
45403
45415
45422
45426
45431
45432
45440
45460
45478
45495
45496
45503
45509
45512
45515
45516
45521
45548
45558
45584
45585
45605
45606
45621
45628
45639
45639
45661
45668
45671
45674
45692
45696
45708
45712
45733
45735
45751
45785
45795
45806
45808
45816
45837
45838
45856
45886
45893
45894
45928
45950
45952
45955
45977
45978
45980
45989
45989
45991
46000
46024
46031
46037
46047
46055
46056
46061
46062
46062
46085
46097
46102
46102
46116
46135
46145
46147
46205
46208
46217
46244
46250
46268
46271
46275
46279
46279
46284
46286
46291
46291
46293
46305
46307
46325
46345
46359
46367
46368
46377
46378
46381
46385
46403
46422
46426
46432
46439
46470
46479
46489
46492
46513
46517
46522
46535
46537
46538
46539
46547
46554
46568
46579
46579
46584
46591
46597
46603
46605
46613
46621
46622
46637
46693
46702
46706
46718
46745
46757
46764
46771
46793
46798
46810
46816
46838
46852
46867
46872
46879
46912
46917
46939
46941
46945
46948
46949
46960
46962
46962
46965
46979
46995
46996
46997
47004
47059
47059
47074
47077
47086
47095
47109
47113
47123
47125
47126
47129
47133
47133
47139
47140
47146
47149
47159
47179
47190
47194
47204
47208
47216
47219
47225
47263
47275
47285
47297
47298
47303
47307
47313
47334
47376
47395
47412
47415
47424
47450
47458
47462
47466
47467
47479
47483
47489
47489
47503
47505
47511
47526
47556
47568
47577
47584
47599
47612
47617
47639
47664
47666
47670
47741
47745
47762
47765
47767
47780
47781
47791
47791
47793
47796
47799
47802
47821
47837
47843
47847
47852
47859
47861
47879
47893
47893
47894
47898
47918
47922
47935
47942
47948
47960
47972
47976
47979
47998
48007
48020
48026
48052
48079
48081
48085
48085
48101
48134
48139
48140
48150
48167
48173
48174
48193
48201
48209
48213
48228
48235
48245
48258
48265
48266
48266
48285
48302
48310
48315
48315
48321
48331
48340
48348
48349
48353
48360
48375
48378
48387
48392
48405
48406
48415
48424
48442
48478
48515
48525
48535
48542
48550
48556
48570
48575
48579
48587
48593
48595
48597
48603
48610
48623
48644
48644
48645
48656
48677
48683
48699
48731
48737
48745
48759
48782
48785
48815
48818
48826
48835
48847
48849
48855
48873
48876
48885
48896
48923
48925
48942
48954
48961
48964
48968
48970
48993
49015
49036
49048
49054
49075
49120
49126
49156
49158
49169
49175
49177
49194
49204
49214
49234
49238
49241
49246
49259
49261
49311
49311
49321
49339
49349
49360
49364
49365
49372
49382
49392
49393
49394
49397
49414
49436
49437
49448
49452
49452
49452
49453
49484
49487
49495
49519
49521
49523
49556
49558
49559
49561
49562
49574
49578
49579
49613
49617
49631
49642
49653
49653
49658
49684
49708
49721
49722
49747
49748
49759
49764
49765
49774
49777
49788
49796
49798
49824
49844
49847
49850
49851
49861
49862
49864
49864
49867
49867
49878
49891
49892
49903
49920
49925
49933
49954
49956
49957
49965
49972
49975
49981
49983
49999
50006
50029
50035
50038
50057
50059
50060
50067
50076
50081
50082
50095
50112
50124
50137
50140
50143
50147
50159
50160
50173
50175
50197
50204
50217
50221
50241
50247
50262
50263
50264
50265
50270
50273
50282
50282
50287
50301
50311
50316
50322
50333
50346
50348
50353
50371
50374
50395
50413
50419
50432
50454
50462
50464
50496
50497
50506
50511
50514
50524
50545
50552
50556
50557
50562
50567
50569
50569
50570
50585
50605
50611
50615
50633
50634
50645
50649
50651
50652
50659
50664
50668
50722
50732
50738
50743
50747
50753
50758
50772
50782
50787
50788
50799
50821
50831
50848
50849
50854
50869
50870
50888
50902
50917
50922
50924
50938
50954
50962
51007
51014
51014
51022
51043
51050
51056
51074
51076
51084
51089
51095
51101
51104
51107
51114
51117
51123
51127
51138
51141
51143
51146
51148
51169
51179
51195
51214
51249
51250
51257
51268
51292
51304
51320
51325
51352
51357
51368
51368
51375
51383
51392
51413
51413
51416
51417
51422
51436
51442
51477
51477
51480
51514
51520
51543
51551
51561
51563
51567
51568
51576
51595
51603
51619
51621
51625
51633
51635
51645
51647
51648
51658
51662
51667
51668
51670
51675
51680
51701
51710
51711
51714
51718
51723
51730
51737
51740
51746
51749
51761
51774
51775
51780
51782
51784
51814
51833
51846
51847
51863
51871
51899
51899
51908
51910
51913
51922
51940
51945
51970
51989
51995
52002
52021
52024
52032
52035
52050
52056
52057
52074
52089
52095
52098
52110
52128
52130
52131
52175
52180
52188
52192
52198
52214
52227
52227
52248
52249
52254
52261
52297
52302
52326
52335
52348
52362
52363
52363
52393
52394
52428
52463
52473
52505
52518
52538
52538
52553
52553
52555
52559
52566
52587
52589
52599
52600
52603
52607
52618
52628
52636
52639
52640
52644
52647
52663
52668
52671
52695
52698
52700
52709
52712
52713
52715
52716
52717
52720
52722
52723
52803
52812
52821
52844
52851
52875
52875
52884
52886
52886
52893
52899
52908
52917
52945
52962
52981
52983
52986
52990
52995
53001
53009
53023
53030
53047
53054
53054
53092
53119
53122
53150
53166
53168
53169
53173
53196
53211
53222
53224
53267
53268
53273
53293
53312
53355
53356
53378
53387
53400
53401
53425
53428
53435
53474
53480
53481
53482
53483
53494
53509
53523
53534
53569
53595
53598
53603
53621
53623
53633
53635
53671
53674
53705
53720
53737
53758
53775
53776
53819
53839
53840
53844
53847
53851
53855
53858
53869
53875
53877
53880
53898
53905
53924
53924
53930
53935
53937
53942
53953
53958
53968
53969
53970
53980
53995
54005
54014
54020
54023
54029
54043
54044
54073
54083
54095
54104
54106
54119
54130
54134
54151
54152
54179
54179
54181
54187
54188
54189
54219
54228
54235
54244
54246
54246
54248
54269
54274
54274
54289
54301
54315
54326
54328
54328
54329
54350
54351
54371
54380
54399
54415
54420
54434
54437
54445
54446
54463
54463
54464
54482
54506
54526
54537
54547
54567
54572
54578
54581
54590
54597
54621
54623
54627
54628
54633
54667
54672
54680
54681
54687
54688
54700
54715
54724
54724
54732
54738
54741
54768
54792
54795
54807
54807
54811
54813
54820
54830
54832
54833
54836
54837
54863
54864
54868
54880
54907
54910
54923
54924
54934
54934
54935
54939
54972
54975
55013
55022
55025
55036
55038
55039
55042
55052
55071
55080
55084
55092
55125
55127
55147
55153
55164
55198
55232
55232
55235
55258
55267
55276
55292
55295
55298
55310
55313
55317
55323
55350
55352
55367
55368
55370
55385
55398
55416
55418
55446
55451
55455
55488
55497
55523
55523
55532
55536
55541
55556
55558
55566
55586
55593
55594
55610
55620
55624
55625
55642
55690
55701
55705
55712
55714
55726
55735
55746
55763
55768
55769
55774
55797
55810
55813
55823
55824
55829
55831
55841
55863
55865
55869
55878
55907
55912
55915
55917
55960
55970
55989
55994
56000
56001
56017
56032
56041
56045
56049
56074
56089
56094
56104
56105
56108
56109
56112
56117
56125
56133
56137
56137
56141
56151
56188
56188
56194
56198
56222
56222
56223
56259
56270
56280
56290
56291
56319
56320
56324
56332
56338
56345
56358
56361
56386
56391
56398
56422
56427
56429
56431
56433
56436
56443
56452
56456
56457
56461
56477
56488
56488
56493
56503
56513
56539
56540
56567
56575
56585
56618
56620
56624
56637
56653
56683
56696
56700
56739
56750
56767
56773
56779
56781
56782
56794
56796
56801
56812
56824
56852
56870
56896
56904
56931
56932
56944
56944
56956
56958
56977
56978
56984
56987
56990
57003
57012
57018
57030
57033
57061
57078
57078
57091
57094
57114
57115
57120
57130
57136
57141
57143
57154
57158
57169
57175
57176
57186
57188
57209
57213
57218
57251
57255
57280
57342
57348
57353
57354
57355
57366
57387
57396
57400
57407
57420
57431
57438
57456
57462
57467
57467
57471
57474
57481
57483
57492
57499
57502
57509
57513
57539
57562
57569
57572
57577
57599
57602
57616
57623
57642
57647
57655
57656
57675
57677
57683
57687
57707
57710
57711
57712
57715
57725
57731
57735
57747
57751
57754
57780
57793
57797
57820
57821
57854
57859
57863
57867
57876
57880
57890
57899
57913
57925
57931
57934
57946
57973
57979
57987
57991
57996
58058
58060
58074
58077
58085
58085
58086
58091
58093
58100
58104
58109
58109
58111
58113
58116
58124
58125
58135
58145
58146
58157
58173
58176
58176
58178
58180
58182
58190
58216
58220
58238
58270
58273
58278
58281
58281
58284
58301
58318
58323
58329
58331
58332
58338
58341
58366
58370
58382
58387
58398
58415
58443
58472
58484
58497
58517
58527
58527
58543
58547
58554
58570
58574
58599
58614
58620
58630
58640
58641
58661
58684
58694
58714
58716
58726
58752
58768
58769
58795
58818
58843
58856
58867
58869
58893
58894
58908
58919
58920
58925
58936
58946
58947
58949
58957
58962
58968
58973
58977
58980
58986
58996
59065
59081
59120
59129
59147
59149
59156
59181
59185
59206
59214
59218
59223
59238
59240
59251
59254
59254
59258
59259
59261
59262
59276
59281
59292
59293
59296
59297
59342
59350
59358
59372
59373
59377
59386
59395
59398
59401
59405
59414
59437
59451
59453
59457
59470
59500
59507
59538
59546
59547
59561
59570
59575
59585
59586
59600
59603
59604
59613
59619
59621
59655
59668
59689
59689
59700
59706
59724
59733
59733
59734
59736
59741
59745
59752
59761
59779
59787
59794
59818
59821
59845
59847
59850
59877
59880
59881
59901
59911
59914
59925
59930
59942
59946
59959
59961
59964
59981
60004
60014
60015
60016
60028
60044
60050
60065
60066
60096
60097
60109
60109
60110
60118
60124
60145
60151
60157
60166
60166
60182
60196
60206
60223
60264
60267
60268
60272
60277
60288
60289
60303
60304
60312
60314
60322
60332
60335
60349
60350
60356
60377
60385
60390
60396
60418
60423
60426
60429
60435
60439
60442
60450
60465
60474
60474
60486
60495
60500
60510
60520
60524
60524
60556
60558
60587
60598
60612
60629
60630
60633
60634
60636
60652
60660
60676
60677
60694
60695
60697
60711
60723
60731
60732
60736
60741
60756
60759
60760
60760
60762
60783
60792
60813
60816
60818
60828
60828
60839
60845
60852
60853
60864
60873
60882
60894
60906
60917
60919
60944
60944
60946
60956
60969
60975
60976
60998
61000
61028
61051
61053
61086
61091
61097
61101
61111
61118
61144
61145
61146
61150
61152
61169
61170
61180
61207
61211
61220
61240
61256
61272
61274
61277
61293
61299
61301
61310
61316
61330
61343
61353
61356
61359
61375
61386
61389
61406
61410
61414
61429
61429
61433
61436
61465
61490
61492
61525
61532
61536
61542
61548
61548
61560
61561
61563
61564
61567
61570
61579
61607
61609
61618
61624
61627
61643
61655
61684
61693
61698
61703
61711
61715
61720
61732
61734
61742
61764
61778
61787
61792
61797
61801
61810
61811
61813
61815
61819
61820
61847
61859
61871
61873
61875
61881
61900
61911
61928
61929
61929
61944
61950
61951
61955
61957
61959
61972
61978
61989
62006
62013
62020
62027
62029
62057
62060
62061
62067
62067
62091
62098
62117
62118
62128
62131
62140
62151
62155
62157
62187
62192
62202
62206
62207
62212
62254
62254
62267
62272
62277
62289
62297
62298
62307
62310
62329
62331
62340
62360
62367
62370
62384
62391
62408
62429
62433
62449
62453
62468
62511
62538
62555
62571
62576
62577
62587
62597
62607
62614
62631
62643
62648
62660
62663
62674
62679
62700
62708
62708
62739
62753
62774
62778
62780
62785
62786
62791
62793
62801
62805
62815
62815
62833
62836
62848
62863
62864
62867
62871
62891
62904
62937
62955
62955
62963
62973
62978
62982
62996
63000
63013
63014
63020
63032
63071
63073
63092
63097
63148
63169
63178
63195
63196
63199
63204
63218
63219
63226
63270
63302
63307
63314
63317
63322
63323
63330
63334
63366
63366
63373
63374
63387
63406
63419
63431
63435
63477
63478
63501
63505
63506
63510
63514
63520
63523
63524
63551
63580
63581
63595
63596
63599
63605
63621
63626
63628
63641
63643
63646
63650
63650
63651
63676
63679
63690
63696
63699
63733
63734
63739
63761
63769
63774
63788
63791
63821
63822
63842
63842
63848
63876
63889
63895
63902
63905
63906
63907
63923
63928
63938
64020
64039
64041
64053
64088
64106
64120
64120
64129
64136
64142
64159
64179
64180
64221
64225
64267
64311
64318
64338
64353
64378
64379
64381
64385
64402
64404
64426
64428
64449
64453
64462
64485
64489
64508
64511
64511
64519
64538
64545
64547
64549
64559
64560
64578
64585
64593
64612
64613
64618
64620
64624
64631
64651
64654
64661
64672
64678
64695
64732
64735
64749
64751
64756
64781
64797
64802
64804
64810
64813
64824
64825
64827
64827
64831
64846
64860
64890
64903
64929
64937
64946
64960
64963
64970
64981
64990
65009
65018
65040
65041
65043
65043
65048
65059
65062
65072
65089
65099
65108
65112
65120
65122
65134
65139
65147
65172
65182
65184
65197
65209
65218
65236
65239
65248
65251
65255
65255
65255
65293
65301
65302
65305
65310
65335
65337
65343
65347
65347
65360
65376
65384
65390
65401
65425
65430
65431
65434
65446
65457
65460
65499
65509
65511
65516
65519
65525
65550
65556
65557
65572
65591
65593
65608
65619
65639
65647
65674
65681
65705
65709
65709
65735
65749
65768
65776
65781
65785
65789
65793
65795
65812
65838
65847
65854
65856
65856
65870
65883
65903
65905
65912
65925
65978
65987
65995
66007
66007
66010
66012
66022
66036
66041
66049
66051
66079
66079
66089
66094
66094
66107
66110
66129
66130
66132
66137
66158
66167
66178
66188
66195
66203
66220
66246
66249
66264
66265
66302
66316
66348
66358
66362
66362
66365
66367
66372
66393
66410
66419
66430
66473
66498
66555
66573
66575
66599
66620
66626
66636
66670
66674
66675
66675
66688
66696
66696
66700
66714
66728
66750
66763
66772
66794
66797
66804
66811
66811
66815
66819
66829
66833
66862
66872
66874
66882
66883
66888
66891
66902
66943
66943
66949
66979
66987
66995
66998
67044
67047
67074
67074
67075
67084
67084
67086
67106
67110
67114
67118
67127
67130
67145
67145
67153
67172
67235
67273
67280
67307
67324
67347
67356
67358
67367
67383
67387
67400
67418
67446
67465
67503
67526
67533
67545
67549
67550
67556
67564
67577
67602
67603
67604
67617
67622
67636
67643
67668
67678
67680
67685
67692
67697
67703
67706
67708
67711
67718
67734
67740
67743
67745
67759
67767
67772
67774
67776
67780
67783
67799
67800
67806
67812
67820
67834
67839
67844
67847
67868
67873
67899
67900
67904
67911
67918
67925
67927
67942
67950
67973
67977
67989
67992
68002
68014
68029
68031
68041
68054
68059
68060
68080
68083
68092
68093
68104
68111
68121
68127
68127
68128
68142
68144
68148
68150
68158
68158
68159
68163
68170
68176
68179
68185
68209
68211
68221
68231
68238
68249
68260
68265
68280
68282
68283
68296
68298
68302
68325
68328
68332
68337
68363
68368
68390
68390
68391
68401
68404
68418
68419
68425
68454
68457
68483
68487
68493
68506
68512
68518
68520
68540
68545
68547
68549
68592
68594
68599
68602
68602
68621
68643
68643
68644
68653
68659
68662
68676
68692
68700
68729
68730
68751
68765
68771
68775
68778
68781
68788
68791
68810
68836
68836
68852
68865
68866
68881
68893
68900
68903
68905
68917
68954
68975
68979
68987
69028
69051
69057
69107
69107
69113
69114
69124
69135
69150
69181
69181
69188
69191
69223
69240
69250
69255
69256
69266
69268
69272
69275
69278
69280
69290
69295
69332
69354
69358
69359
69372
69375
69378
69392
69407
69412
69426
69454
69458
69465
69476
69486
69503
69508
69509
69514
69523
69550
69581
69588
69590
69595
69598
69598
69599
69607
69612
69639
69643
69651
69659
69666
69692
69693
69711
69714
69719
69724
69738
69740
69741
69774
69777
69778
69778
69785
69804
69811
69823
69829
69833
69841
69842
69846
69848
69849
69861
69889
69890
69903
69919
69950
69953
69959
69980
69993
70000
70037
70038
70047
70051
70072
70082
70087
70097
70099
70125
70144
70152
70191
70209
70210
70218
70228
70240
70244
70245
70261
70278
70281
70290
70295
70297
70312
70315
70320
70326
70347
70357
70372
70394
70403
70407
70446
70450
70451
70488
70499
70503
70525
70535
70551
70553
70567
70570
70594
70640
70645
70646
70662
70682
70686
70687
70688
70718
70729
70729
70750
70753
70764
70764
70764
70771
70799
70814
70818
70826
70846
70872
70891
70892
70915
70915
70917
70930
70933
70934
70935
70941
70954
70957
70957
70980
70998
71003
71013
71022
71031
71031
71032
71035
71049
71054
71073
71076
71077
71081
71093
71105
71125
71138
71148
71153
71175
71179
71191
71203
71205
71216
71222
71227
71229
71231
71248
71256
71260
71263
71290
71292
71303
71307
71316
71321
71350
71351
71392
71396
71397
71401
71404
71414
71441
71444
71452
71453
71474
71482
71483
71484
71486
71534
71545
71549
71567
71579
71584
71585
71589
71595
71597
71620
71630
71632
71637
71640
71652
71664
71673
71681
71681
71684
71686
71702
71724
71727
71768
71779
71796
71805
71815
71817
71831
71833
71836
71842
71852
71853
71854
71878
71881
71882
71884
71898
71904
71907
71910
71914
71925
71932
71952
71997
72012
72014
72020
72026
72027
72036
72060
72076
72077
72078
72090
72113
72153
72159
72168
72184
72186
72196
72213
72219
72229
72239
72253
72253
72258
72272
72272
72322
72337
72341
72343
72349
72353
72353
72361
72382
72390
72394
72402
72413
72429
72448
72463
72465
72465
72478
72482
72486
72490
72526
72533
72544
72561
72564
72564
72575
72577
72582
72583
72585
72587
72587
72595
72618
72620
72631
72671
72674
72681
72690
72734
72744
72793
72812
72831
72833
72840
72844
72853
72870
72875
72895
72903
72911
72912
72919
72920
72936
72943
72952
72959
72961
72966
72982
72986
73000
73004
73006
73014
73029
73075
73077
73104
73107
73108
73109
73110
73129
73136
73137
73156
73164
73194
73203
73207
73209
73217
73221
73227
73228
73234
73240
73248
73250
73255
73258
73275
73282
73291
73304
73309
73316
73319
73331
73332
73342
73345
73347
73348
73354
73368
73369
73372
73392
73407
73420
73420
73420
73425
73438
73441
73469
73508
73534
73535
73539
73544
73546
73547
73580
73611
73625
73632
73632
73644
73659
73665
73667
73677
73684
73697
73711
73764
73777
73783
73796
73796
73807
73807
73831
73857
73874
73877
73882
73883
73883
73884
73906
73911
73929
73941
73941
73959
73964
73978
73991
74024
74030
74037
74040
74049
74049
74080
74089
74105
74139
74145
74145
74163
74165
74168
74169
74178
74202
74210
74218
74223
74236
74242
74262
74268
74281
74284
74285
74293
74294
74302
74306
74333
74334
74348
74349
74374
74389
74403
74412
74441
74443
74444
74447
74457
74462
74472
74474
74482
74483
74503
74506
74509
74520
74544
74554
74561
74565
74572
74576
74588
74591
74601
74605
74607
74624
74625
74633
74640
74655
74666
74669
74686
74740
74755
74763
74767
74768
74785
74794
74799
74803
74809
74813
74819
74825
74853
74871
74884
74895
74904
74917
74922
74932
74940
74987
75015
75032
75044
75045
75054
75055
75058
75059
75066
75076
75081
75085
75125
75132
75134
75135
75143
75148
75157
75165
75169
75171
75187
75195
75200
75203
75222
75232
75232
75234
75244
75251
75257
75266
75267
75280
75298
75299
75299
75304
75322
75339
75353
75362
75366
75368
75369
75395
75395
75401
75410
75415
75419
75441
75447
75459
75460
75466
75467
75490
75498
75500
75505
75527
75541
75554
75555
75583
75583
75586
75589
75599
75606
75614
75665
75666
75694
75696
75703
75708
75711
75721
75743
75757
75789
75794
75804
75828
75843
75853
75871
75873
75889
75903
75907
75911
75912
75923
75927
75952
75957
75965
75986
75989
76002
76003
76004
76005
76011
76019
76026
76047
76049
76065
76108
76125
76127
76128
76130
76130
76153
76157
76165
76195
76219
76220
76240
76242
76251
76256
76258
76261
76273
76296
76305
76312
76312
76334
76336
76336
76337
76341
76344
76348
76355
76374
76382
76382
76402
76411
76421
76422
76441
76471
76481
76507
76512
76528
76552
76553
76558
76578
76583
76622
76630
76631
76635
76640
76649
76656
76659
76666
76671
76690
76693
76697
76715
76720
76723
76744
76755
76785
76803
76811
76833
76841
76843
76848
76886
76892
76898
76899
76906
76925
76943
76944
76956
76970
76977
76983
77005
77013
77016
77033
77056
77056
77059
77060
77075
77077
77081
77082
77083
77087
77124
77125
77126
77126
77164
77168
77173
77178
77185
77196
77214
77218
77224
77232
77248
77258
77259
77276
77292
77306
77310
77316
77350
77366
77367
77374
77380
77393
77418
77420
77440
77445
77448
77449
77473
77488
77493
77507
77517
77528
77551
77575
77576
77577
77577
77594
77615
77622
77625
77629
77637
77638
77642
77649
77657
77669
77673
77676
77685
77703
77705
77720
77723
77743
77748
77760
77770
77772
77784
77784
77789
77806
77821
77837
77853
77857
77858
77865
77868
77873
77874
77880
77915
77923
77939
77951
77966
77990
78004
78005
78015
78022
78052
78061
78070
78086
78095
78112
78118
78133
78139
78146
78150
78155
78156
78160
78173
78194
78198
78205
78205
78208
78212
78242
78244
78257
78262
78269
78270
78291
78314
78315
78316
78318
78328
78338
78339
78342
78349
78362
78385
78386
78389
78400
78415
78439
78442
78464
78471
78477
78492
78492
78494
78500
78516
78532
78532
78548
78552
78587
78593
78612
78624
78632
78650
78652
78660
78661
78666
78677
78677
78693
78694
78703
78703
78705
78728
78740
78740
78746
78764
78766
78771
78773
78776
78807
78808
78816
78822
78827
78831
78836
78836
78858
78859
78862
78863
78883
78886
78893
78899
78909
78919
78942
78942
78948
78959
78963
78968
78972
78973
78978
79005
79005
79009
79038
79044
79048
79052
79055
79086
79090
79109
79115
79117
79122
79125
79139
79153
79154
79173
79186
79196
79202
79207
79207
79216
79233
79263
79263
79266
79272
79297
79299
79302
79331
79333
79340
79341
79347
79353
79365
79370
79379
79384
79398
79415
79419
79438
79445
79455
79457
79464
79489
79505
79511
79531
79531
79541
79543
79559
79575
79584
79624
79626
79629
79636
79637
79654
79662
79665
79666
79676
79694
79704
79710
79710
79713
79729
79739
79746
79751
79773
79784
79788
79792
79795
79830
79839
79841
79855
79859
79866
79894
79895
79896
79931
79933
79941
79949
79955
79957
79962
79967
79971
79992
79997
80020
80024
80032
80042
80042
80046
80047
80057
80068
80090
80095
80099
80120
80122
80136
80137
80141
80149
80152
80167
80170
80178
80179
80181
80211
80232
80251
80254
80316
80335
80352
80356
80359
80369
80385
80389
80392
80407
80449
80466
80476
80477
80487
80488
80514
80536
80550
80564
80583
80588
80591
80622
80624
80635
80637
80645
80654
80656
80657
80659
80663
80675
80684
80700
80708
80716
80727
80753
80761
80762
80778
80790
80823
80858
80871
80883
80892
80922
80929
80941
80952
80962
80967
80977
80989
80993
81009
81023
81026
81032
81042
81048
81071
81083
81088
81096
81100
81144
81148
81149
81165
81185
81188
81189
81198
81204
81206
81232
81240
81280
81297
81319
81324
81335
81343
81344
81371
81380
81389
81393
81434
81472
81483
81494
81503
81524
81524
81532
81538
81548
81552
81554
81562
81580
81596
81597
81607
81613
81614
81617
81654
81663
81709
81727
81743
81755
81759
81764
81768
81780
81786
81790
81794
81797
81809
81811
81817
81820
81827
81849
81856
81879
81895
81908
81935
81936
81960
81960
81969
81974
81980
81981
81986
81995
81997
81998
82005
82022
82056
82064
82070
82096
82132
82136
82137
82138
82140
82145
82145
82158
82167
82197
82201
82222
82228
82229
82231
82238
82239
82239
82243
82267
82297
82297
82299
82302
82304
82311
82318
82335
82338
82348
82350
82356
82360
82372
82383
82384
82386
82396
82406
82418
82420
82423
82423
82430
82433
82434
82437
82445
82496
82496
82510
82510
82512
82515
82532
82543
82545
82555
82559
82563
82579
82586
82602
82609
82617
82631
82646
82648
82648
82649
82650
82651
82676
82694
82714
82720
82733
82735
82757
82757
82759
82763
82770
82774
82780
82786
82797
82801
82802
82803
82804
82810
82819
82822
82832
82835
82842
82845
82846
82855
82877
82898
82901
82911
82919
82925
82925
82928
82942
82944
82953
82968
82977
82981
82998
82998
83013
83020
83025
83030
83071
83113
83124
83130
83135
83152
83155
83159
83171
83182
83186
83190
83203
83214
83225
83232
83239
83240
83255
83259
83263
83266
83270
83273
83283
83285
83303
83308
83313
83316
83336
83343
83349
83399
83401
83401
83401
83402
83409
83415
83417
83419
83426
83439
83448
83451
83462
83463
83497
83516
83526
83527
83529
83532
83536
83545
83547
83548
83558
83571
83586
83588
83599
83617
83619
83638
83640
83651
83673
83684
83687
83696
83698
83701
83725
83726
83731
83732
83743
83751
83760
83761
83762
83764
83766
83778
83800
83802
83805
83806
83811
83814
83816
83837
83868
83878
83883
83896
83898
83902
83913
83915
83936
83941
83956
83958
83995
84008
84030
84032
84047
84061
84068
84085
84094
84094
84095
84098
84099
84111
84111
84114
84116
84125
84128
84132
84135
84139
84139
84145
84163
84170
84180
84182
84187
84188
84193
84199
84213
84220
84223
84230
84230
84241
84257
84258
84268
84275
84282
84284
84324
84353
84357
84365
84367
84377
84386
84387
84393
84402
84414
84421
84429
84453
84453
84457
84475
84476
84492
84508
84521
84527
84538
84561
84565
84572
84577
84578
84579
84589
84591
84618
84622
84631
84656
84666
84693
84694
84711
84717
84731
84736
84741
84748
84754
84770
84782
84799
84836
84849
84853
84855
84859
84861
84867
84873
84879
84891
84910
84932
84932
84933
84936
84939
84954
84956
84961
84984
85006
85029
85050
85068
85074
85096
85097
85115
85116
85126
85152
85157
85158
85164
85169
85184
85194
85206
85207
85235
85242
85257
85259
85260
85270
85320
85323
85339
85346
85353
85375
85387
85390
85390
85393
85393
85393
85400
85403
85411
85420
85436
85442
85449
85472
85490
85508
85512
85527
85530
85533
85538
85545
85547
85560
85573
85575
85601
85608
85614
85615
85626
85642
85645
85666
85681
85688
85705
85734
85734
85781
85789
85803
85810
85827
85828
85839
85843
85854
85903
85909
85921
85922
85932
85936
85938
85955
85961
85996
86000
86012
86021
86022
86022
86032
86048
86052
86064
86076
86081
86090
86101
86106
86110
86117
86118
86127
86129
86136
86137
86169
86191
86193
86200
86206
86207
86208
86215
86273
86286
86294
86297
86311
86316
86360
86373
86390
86406
86408
86420
86430
86439
86458
86462
86483
86485
86494
86501
86503
86514
86529
86544
86545
86546
86554
86555
86581
86589
86592
86601
86621
86632
86650
86662
86667
86673
86686
86693
86711
86713
86715
86723
86727
86729
86734
86738
86742
86766
86767
86772
86776
86793
86802
86839
86841
86856
86875
86882
86889
86890
86891
86926
86937
86952
86958
86962
86967
86968
86981
86994
87004
87013
87018
87025
87072
87089
87094
87109
87109
87111
87128
87132
87138
87147
87165
87165
87179
87187
87199
87203
87225
87226
87226
87231
87251
87258
87260
87277
87283
87283
87295
87301
87315
87328
87342
87344
87371
87376
87387
87390
87406
87424
87442
87446
87449
87483
87510
87528
87542
87542
87559
87560
87563
87572
87580
87600
87603
87604
87606
87614
87636
87647
87648
87658
87664
87691
87699
87734
87735
87743
87748
87758
87767
87788
87800
87803
87809
87811
87819
87821
87855
87859
87862
87865
87872
87907
87921
87925
87934
87946
87959
87963
87967
87972
87993
88000
88014
88017
88041
88072
88078
88085
88105
88116
88119
88136
88139
88139
88163
88185
88202
88204
88211
88229
88235
88237
88240
88243
88244
88271
88284
88284
88285
88300
88303
88334
88335
88346
88354
88368
88368
88371
88386
88388
88451
88454
88458
88471
88476
88488
88510
88515
88518
88527
88539
88546
88547
88562
88569
88596
88600
88610
88618
88620
88620
88625
88648
88658
88664
88672
88681
88694
88726
88739
88744
88750
88787
88791
88808
88813
88815
88843
88843
88854
88856
88862
88871
88875
88901
88902
88904
88904
88909
88912
88921
88921
88923
88937
88938
88952
88955
88976
88976
88980
89008
89012
89019
89032
89058
89061
89073
89075
89075
89086
89106
89111
89120
89142
89151
89162
89168
89178
89195
89201
89203
89208
89219
89224
89238
89239
89241
89251
89263
89264
89266
89271
89271
89279
89281
89299
89299
89299
89311
89314
89327
89336
89350
89365
89385
89392
89400
89423
89431
89447
89462
89467
89468
89472
89484
89491
89504
89511
89512
89535
89546
89547
89550
89555
89567
89568
89572
89581
89584
89592
89604
89608
89620
89630
89636
89643
89656
89659
89667
89672
89681
89713
89714
89714
89741
89743
89744
89745
89759
89788
89793
89793
89809
89819
89833
89840
89841
89843
89855
89859
89863
89869
89873
89902
89903
89916
89924
89934
89937
89940
89945
89951
89953
89974
89978
89980
89992
90000
90000
90006
90006
90009
90012
90021
90032
90038
90044
90048
90049
90141
90163
90178
90180
90201
90202
90207
90228
90233
90235
90245
90249
90261
90289
90290
90309
90310
90316
90317
90339
90349
90363
90389
90400
90452
90488
90498
90505
90580
90590
90611
90612
90614
90625
90626
90638
90653
90663
90688
90691
90699
90721
90730
90746
90748
90757
90765
90773
90789
90804
90820
90825
90826
90826
90838
90850
90851
90863
90863
90878
90916
90922
90924
90925
90926
90935
90935
90937
90953
91000
91013
91017
91026
91029
91039
91043
91062
91068
91071
91073
91080
91084
91088
91102
91114
91132
91141
91155
91156
91158
91168
91172
91176
91187
91191
91196
91203
91205
91219
91223
91252
91256
91275
91302
91311
91314
91327
91345
91350
91350
91359
91360
91371
91372
91422
91450
91477
91480
91485
91512
91540
91541
91550
91551
91561
91571
91571
91597
91603
91620
91622
91631
91636
91657
91667
91670
91673
91673
91679
91684
91689
91693
91722
91723
91744
91745
91746
91749
91765
91769
91776
91777
91783
91791
91800
91808
91808
91822
91826
91829
91831
91837
91837
91840
91841
91859
91883
91884
91885
91897
91904
91905
91919
91920
91924
91933
91933
91935
91936
91944
91952
91958
91990
91999
92002
92011
92024
92033
92036
92040
92046
92062
92067
92068
92112
92118
92118
92121
92134
92137
92154
92180
92181
92184
92185
92192
92192
92208
92214
92217
92220
92222
92234
92257
92275
92280
92308
92311
92321
92334
92355
92363
92375
92380
92391
92395
92414
92419
92438
92438
92442
92450
92455
92462
92470
92479
92494
92501
92503
92514
92526
92543
92546
92580
92601
92602
92602
92611
92612
92616
92619
92631
92638
92655
92686
92694
92706
92709
92710
92718
92720
92724
92727
92747
92749
92749
92756
92763
92773
92783
92789
92793
92796
92805
92811
92811
92814
92815
92825
92825
92839
92842
92848
92852
92855
92857
92857
92859
92859
92864
92904
92927
92931
92940
92955
92960
92967
92967
92981
92997
93002
93018
93020
93021
93031
93055
93083
93112
93132
93134
93139
93166
93177
93180
93214
93227
93231
93245
93277
93289
93291
93292
93294
93296
93296
93297
93314
93320
93321
93356
93375
93395
93420
93420
93424
93451
93498
93500
93506
93508
93524
93543
93551
93560
93563
93574
93578
93588
93591
93604
93610
93623
93633
93637
93643
93676
93682
93686
93688
93715
93719
93729
93735
93766
93783
93793
93798
93802
93812
93823
93856
93865
93868
93871
93882
93886
93889
93889
93905
93911
93914
93919
93939
93944
93974
93981
93984
93988
93993
94009
94032
94047
94067
94072
94102
94123
94132
94135
94140
94146
94147
94153
94153
94155
94157
94166
94166
94171
94183
94193
94203
94226
94258
94259
94261
94261
94270
94273
94290
94293
94295
94299
94309
94318
94327
94332
94335
94335
94341
94342
94343
94391
94404
94409
94413
94428
94437
94453
94454
94456
94462
94474
94490
94495
94499
94509
94538
94546
94550
94553
94556
94556
94557
94587
94602
94607
94621
94623
94634
94637
94638
94656
94671
94680
94705
94715
94715
94740
94771
94777
94781
94788
94806
94807
94825
94828
94844
94846
94849
94893
94944
94947
94980
94980
94995
95000
95000
95010
95011
95018
95019
95028
95035
95040
95041
95067
95081
95082
95085
95101
95102
95107
95134
95184
95185
95186
95203
95203
95205
95206
95220
95271
95271
95276
95304
95338
95346
95350
95386
95387
95387
95413
95429
95430
95433
95441
95470
95482
95485
95498
95499
95502
95518
95521
95534
95561
95574
95584
95589
95593
95604
95604
95613
95616
95621
95636
95641
95650
95660
95666
95672
95673
95679
95689
95698
95703
95708
95712
95729
95737
95739
95752
95752
95757
95772
95777
95794
95794
95827
95865
95865
95866
95891
95907
95916
95943
95958
95975
95979
95995
96007
96008
96017
96020
96026
96031
96044
96048
96060
96081
96088
96120
96124
96127
96152
96157
96173
96185
96191
96201
96206
96215
96221
96226
96231
96249
96257
96259
96278
96288
96298
96305
96322
96340
96355
96404
96406
96409
96423
96428
96443
96453
96467
96493
96514
96520
96524
96555
96571
96584
96618
96621
96631
96672
96679
96681
96683
96688
96690
96711
96745
96754
96755
96779
96793
96797
96804
96829
96837
96841
96842
96847
96847
96850
96851
96858
96865
96868
96911
96921
96933
96938
96941
96946
96948
96950
96974
96979
96979
96996
97001
97012
97014
97016
97018
97040
97044
97049
97092
97109
97123
97124
97125
97158
97161
97165
97167
97182
97188
97190
97200
97204
97208
97235
97236
97243
97248
97259
97260
97300
97312
97319
97319
97353
97380
97383
97383
97406
97409
97430
97432
97477
97487
97487
97491
97495
97498
97518
97519
97523
97525
97528
97550
97557
97559
97582
97596
97619
97628
97640
97646
97653
97665
97666
97669
97682
97694
97704
97706
97711
97764
97766
97795
97795
97833
97865
97871
97885
97893
97893
97897
97899
97902
97942
97950
97951
97977
97985
97988
98014
98019
98023
98032
98038
98058
98059
98074
98083
98090
98096
98110
98111
98116
98116
98127
98140
98168
98190
98193
98203
98209
98212
98213
98216
98221
98224
98228
98234
98241
98248
98264
98297
98303
98320
98322
98334
98342
98345
98359
98360
98366
98367
98370
98371
98377
98377
98388
98411
98426
98429
98433
98434
98437
98449
98452
98467
98479
98490
98514
98533
98537
98556
98559
98564
98565
98585
98591
98594
98601
98603
98611
98626
98639
98655
98660
98673
98679
98680
98681
98684
98691
98711
98726
98728
98733
98737
98740
98753
98761
98764
98769
98771
98774
98789
98791
98797
98810
98816
98820
98828
98845
98901
98906
98924
98947
98954
98972
98980
98982
98992
98994
99023
99025
99026
99031
99033
99051
99052
99066
99070
99082
99092
99104
99104
99114
99117
99132
99133
99146
99147
99154
99172
99178
99179
99183
99187
99194
99202
99217
99226
99227
99232
99244
99247
99251
99253
99257
99260
99271
99272
99299
99304
99321
99321
99361
99411
99437
99441
99442
99443
99448
99451
99451
99453
99473
99474
99498
99505
99516
99518
99540
99553
99555
99573
99574
99574
99601
99603
99616
99620
99628
99647
99659
99662
99666
99667
99669
99683
99685
99718
99725
99746
99770
99784
99806
99813
99846
99861
99883
99890
99896
99899
99916
99922
99924
99926
99947
99954
99955
99964
