23
44
81
100
102
131
136
141
159
165
169
173
173
203
220
224
234
236
254
254
263
263
267
273
278
280
282
355
361
376
385
410
411
417
417
419
423
432
433
442
462
471
478
480
483
483
495
496
497
503
528
531
534
540
567
569
588
600
606
621
629
635
636
644
688
690
697
711
720
722
727
737
749
760
762
763
773
792
793
812
815
824
826
834
841
845
882
891
908
958
972
1000
1001
1007
1008
1028
1032
1053
1071
1098
1114
1125
1125
1135
1142
1144
1147
1151
1162
1174
1177
1181
1198
1200
1211
1224
1233
1235
1275
1299
1319
1336
1347
1363
1364
1372
1374
1375
1401
1424
1431
1453
1455
1457
1458
1466
1468
1471
1475
1493
1503
1521
1523
1529
1529
1530
1551
1557
1562
1575
1576
1588
1601
1618
1630
1645
1655
1660
1661
1666
1672
1672
1691
1695
1709
1711
1730
1738
1740
1745
1753
1754
1762
1777
1792
1799
1801
1832
1837
1845
1845
1859
1860
1874
1877
1880
1895
1911
1916
1934
1941
1946
1947
1964
1979
1979
1984
1985
1991
1997
2008
2019
2023
2023
2041
2077
2086
2090
2102
2103
2111
2117
2133
2136
2139
2139
2144
2148
2150
2163
2179
2181
2188
2199
2213
2218
2227
2234
2234
2235
2243
2264
2268
2288
2297
2300
2301
2304
2306
2315
2315
2322
2332
2347
2356
2369
2376
2390
2402
2404
2406
2415
2429
2435
2456
2458
2475
2488
2494
2506
2506
2506
2522
2523
2533
2537
2555
2563
2591
2592
2593
2617
2619
2620
2623
2628
2630
2630
2632
2662
2667
2671
2686
2689
2718
2719
2730
2742
2779
2782
2794
2794
2796
2801
2811
2811
2817
2838
2846
2860
2875
2910
2911
2935
2940
2941
2942
2945
2945
2945
2964
2967
2981
3004
3007
3012
3018
3020
3025
3032
3036
3042
3047
3067
3099
3114
3127
3132
3139
3156
3158
3160
3171
3172
3180
3187
3195
3216
3218
3241
3265
3271
3282
3298
3300
3312
3313
3329
3329
3360
3361
3362
3369
3378
3416
3430
3435
3444
3450
3456
3461
3479
3481
3490
3494
3516
3522
3530
3545
3546
3556
3561
3565
3588
3595
3600
3603
3612
3612
3643
3653
3659
3670
3689
3703
3744
3758
3781
3786
3807
3811
3816
3880
3883
3915
3917
3920
3923
3932
3963
3968
3971
3976
3983
3985
3987
4000
4000
4007
4015
4016
4031
4058
4075
4106
4109
4117
4121
4136
4152
4163
4174
4188
4189
4198
4257
4258
4264
4278
4287
4297
4315
4347
4348
4352
4352
4391
4397
4462
4477
4480
4486
4494
4501
4503
4559
4563
4571
4575
4577
4584
4596
4598
4599
4600
4612
4614
4638
4682
4714
4717
4724
4734
4772
4774
4775
4777
4787
4790
4793
4806
4810
4815
4834
4834
4838
4857
4860
4862
4885
4896
4905
4906
4909
4920
4925
4940
4943
4947
4947
4975
4981
4984
4990
5009
5027
5032
5038
5038
5040
5065
5067
5082
5084
5093
5109
5116
5118
5124
5131
5137
5167
5177
5180
5184
5213
5224
5242
5243
5248
5271
5273
5275
5284
5293
5297
5301
5301
5310
5321
5321
5326
5328
5332
5334
5334
5336
5336
5345
5348
5356
5358
5359
5369
5379
5388
5392
5401
5401
5410
5422
5441
5454
5455
5456
5460
5461
5502
5518
5551
5553
5555
5565
5592
5596
5602
5605
5607
5652
5653
5653
5661
5669
5678
5684
5690
5691
5703
5723
5758
5767
5771
5778
5786
5791
5794
5802
5805
5820
5832
5840
5860
5865
5865
5866
5872
5898
5905
5907
5909
5912
5912
5917
5940
5953
5961
5991
5994
5994
6016
6027
6039
6052
6064
6067
6069
6075
6079
6080
6092
6125
6145
6167
6173
6178
6185
6187
6189
6201
6204
6220
6268
6272
6303
6305
6307
6309
6319
6324
6348
6376
6379
6413
6417
6417
6431
6440
6441
6469
6474
6487
6498
6505
6511
6514
6515
6533
6538
6543
6547
6551
6557
6564
6571
6578
6590
6603
6607
6617
6627
6627
6632
6638
6643
6671
6677
6694
6698
6722
6727
6730
6759
6761
6774
6777
6780
6786
6788
6806
6806
6811
6837
6841
6845
6847
6852
6870
6885
6902
6923
6927
6930
6931
6945
6945
6950
6951
6955
6957
6969
6974
6988
6994
6995
7035
7044
7049
7054
7057
7069
7076
7083
7091
7112
7114
7125
7138
7154
7156
7161
7163
7173
7177
7178
7190
7193
7207
7219
7224
7237
7247
7248
7249
7253
7255
7260
7272
7285
7295
7316
7321
7342
7366
7375
7387
7398
7425
7436
7450
7466
7477
7484
7486
7490
7508
7514
7516
7517
7530
7534
7564
7578
7599
7603
7607
7608
7616
7617
7630
7650
7651
7655
7658
7665
7666
7672
7686
7689
7724
7725
7748
7758
7760
7761
7766
7789
7800
7819
7828
7841
7858
7872
7891
7901
7902
7923
7952
7966
7968
7983
7993
8003
8007
8080
8090
8092
8110
8113
8114
8116
8117
8119
8125
8135
8146
8149
8154
8158
8165
8178
8206
8234
8266
8271
8273
8277
8295
8301
8307
8309
8316
8334
8349
8369
8390
8399
8406
8415
8446
8458
8489
8493
8500
8510
8524
8545
8562
8580
8590
8598
8599
8610
8612
8619
8620
8625
8625
8626
8632
8647
8667
8676
8687
8698
8703
8706
8714
8721
8722
8724
8733
8743
8747
8755
8766
8767
8770
8771
8783
8807
8812
8826
8839
8857
8865
8876
8878
8880
8886
8896
8908
8913
8913
8926
8931
8937
8943
8958
8975
8986
9006
9026
9029
9029
9036
9038
9039
9043
9047
9053
9066
9082
9083
9085
9088
9089
9089
9090
9096
9103
9106
9112
9148
9150
9159
9173
9177
9182
9186
9190
9197
9198
9201
9203
9215
9216
9223
9231
9238
9254
9256
9262
9269
9284
9316
9326
9336
9337
9347
9356
9361
9362
9366
9385
9424
9440
9440
9444
9464
9469
9470
9474
9479
9480
9502
9510
9534
9535
9535
9544
9562
9594
9594
9595
9613
9620
9630
9630
9631
9640
9668
9681
9683
9685
9717
9726
9729
9744
9750
9755
9763
9769
9792
9808
9808
9814
9822
9828
9847
9850
9882
9889
9890
9930
9932
9945
9959
9971
9999
10007
10011
10013
10047
10051
10055
10063
10063
10085
10091
10100
10110
10117
10123
10125
10141
10169
10169
10185
10214
10215
10219
10223
10230
10231
10234
10235
10241
10248
10249
10276
10277
10291
10307
10308
10316
10371
10385
10404
10409
10410
10440
10475
10495
10496
10515
10563
10605
10615
10618
10648
10650
10653
10656
10657
10684
10692
10725
10744
10756
10759
10763
10765
10776
10786
10801
10820
10823
10837
10842
10845
10847
10850
10850
10878
10890
10893
10898
10901
10934
10947
10964
10983
11018
11031
11063
11087
11094
11106
11114
11125
11127
11130
11136
11138
11140
11170
11174
11176
11188
11197
11202
11202
11216
11230
11264
11267
11287
11298
11298
11304
11322
11322
11327
11339
11341
11369
11379
11389
11401
11402
11411
11429
11431
11449
11452
11461
11467
11475
11476
11483
11507
11511
11514
11515
11517
11522
11527
11527
11529
11532
11532
11542
11545
11548
11550
11558
11586
11593
11619
11646
11648
11674
11687
11696
11698
11727
11730
11741
11760
11773
11785
11799
11806
11811
11821
11828
11831
11864
11867
11870
11899
11909
11935
11943
11970
11971
11979
11980
11985
12001
12007
12019
12022
12024
12031
12034
12036
12053
12057
12062
12071
12072
12079
12079
12091
12098
12100
12114
12129
12150
12152
12175
12180
12183
12190
12190
12195
12201
12216
12217
12236
12249
12271
12286
12290
12297
12301
12306
12306
12309
12320
12324
12331
12332
12332
12334
12357
12367
12369
12375
12384
12389
12389
12392
12411
12411
12436
12442
12447
12456
12466
12477
12481
12482
12486
12488
12497
12500
12504
12504
12513
12520
12524
12529
12530
12546
12551
12554
12556
12558
12574
12594
12604
12610
12629
12640
12651
12657
12667
12676
12687
12696
12733
12764
12767
12767
12784
12784
12787
12795
12795
12795
12796
12798
12813
12814
12821
12832
12838
12845
12857
12871
12907
12909
12926
12927
12937
12937
12955
12961
12961
12982
12983
12989
13001
13020
13020
13035
13041
13045
13045
13057
13059
13061
13073
13083
13090
13099
13100
13104
13113
13116
13119
13126
13127
13131
13155
13172
13190
13198
13199
13209
13220
13233
13244
13245
13254
13265
13275
13283
13283
13293
13295
13304
13305
13318
13321
13337
13340
13349
13358
13384
13389
13390
13402
13413
13423
13440
13440
13456
13477
13540
13575
13576
13577
13579
13588
13592
13610
13615
13627
13631
13633
13658
13671
13677
13693
13707
13718
13732
13737
13739
13742
13746
13759
13765
13775
13813
13822
13826
13834
13844
13859
13864
13865
13873
13896
13897
13900
13900
13905
13905
13913
13923
13923
13924
13940
13941
13957
13961
13967
13981
13982
13992
13998
14004
14008
14031
14057
14067
14072
14076
14076
14089
14102
14103
14120
14129
14133
14145
14159
14168
14170
14176
14189
14207
14227
14248
14260
14263
14266
14280
14289
14291
14300
14308
14310
14314
14324
14337
14345
14368
14369
14373
14374
14383
14392
14424
14430
14436
14446
14458
14465
14470
14477
14480
14489
14499
14501
14512
14527
14531
14532
14545
14552
14573
14614
14625
14641
14643
14655
14670
14678
14691
14696
14709
14712
14743
14745
14747
14753
14764
14767
14778
14780
14798
14816
14817
14838
14850
14855
14910
14915
14925
14930
14990
14991
14996
14999
15000
15021
15038
15053
15055
15061
15071
15087
15108
15111
15113
15135
15142
15153
15154
15170
15177
15180
15194
15195
15198
15203
15223
15250
15250
15253
15261
15262
15270
15281
15290
15315
15315
15369
15382
15384
15397
15409
15409
15415
15416
15424
15427
15435
15437
15438
15467
15481
15482
15498
15499
15500
15504
15528
15533
15542
15563
15564
15565
15576
15577
15580
15601
15608
15612
15619
15621
15621
15623
15645
15658
15673
15674
15679
15679
15681
15691
15696
15711
15749
15761
15771
15777
15781
15794
15830
15843
15862
15866
15867
15880
15883
15893
15896
15897
15913
15919
15920
15930
15932
15934
15937
15944
15946
15988
15994
16007
16021
16024
16028
16042
16042
16053
16054
16062
16064
16066
16066
16086
16091
16103
16105
16111
16113
16134
16134
16135
16136
16145
16146
16151
16155
16173
16212
16215
16222
16222
16247
16258
16260
16297
16316
16317
16329
16331
16335
16338
16374
16384
16390
16395
16396
16405
16420
16423
16432
16433
16451
16452
16456
16472
16477
16478
16482
16492
16511
16521
16529
16530
16535
16560
16563
16565
16567
16570
16577
16577
16603
16613
16622
16623
16635
16640
16651
16654
16672
16682
16694
16695
16697
16706
16714
16741
16758
16769
16789
16807
16824
16844
16846
16849
16857
16857
16893
16911
16923
16924
16958
16999
17016
17032
17033
17034
17089
17092
17094
17100
17101
17103
17106
17120
17122
17139
17140
17152
17162
17165
17166
17176
17176
17191
17193
17215
17219
17223
17224
17232
17259
17269
17269
17284
17294
17298
17300
17304
17321
17337
17339
17340
17344
17345
17354
17360
17373
17383
17387
17393
17393
17400
17401
17412
17486
17488
17493
17513
17513
17516
17518
17524
17528
17546
17550
17568
17574
17584
17587
17603
17609
17617
17634
17665
17675
17680
17681
17688
17690
17712
17713
17779
17782
17785
17791
17813
17858
17884
17885
17891
17895
17896
17901
17901
17911
17925
17936
17937
17943
17950
17961
17965
17973
17987
18002
18012
18015
18045
18051
18073
18077
18095
18102
18127
18140
18141
18143
18168
18204
18227
18230
18238
18258
18272
18285
18313
18357
18373
18387
18390
18402
18419
18423
18430
18433
18444
18452
18461
18481
18490
18492
18501
18504
18508
18514
18520
18520
18536
18542
18551
18617
18617
18625
18636
18641
18657
18668
18669
18670
18684
18687
18702
18704
18707
18733
18741
18758
18762
18763
18772
18776
18779
18785
18789
18803
18829
18847
18862
18863
18870
18898
18898
18920
18923
18924
18932
18942
18946
18948
18962
18977
18983
18992
19002
19003
19006
19007
19009
19017
19021
19022
19053
19059
19064
19070
19071
19075
19083
19123
19130
19152
19156
19160
19161
19162
19191
19197
19203
19230
19233
19239
19262
19263
19299
19314
19336
19337
19338
19349
19350
19360
19382
19388
19396
19398
19400
19464
19480
19499
19499
19520
19521
19551
19562
19573
19585
19616
19619
19626
19653
19659
19667
19673
19701
19705
19710
19714
19739
19751
19762
19762
19762
19783
19789
19799
19858
19859
19860
19863
19878
19884
19894
19895
19908
19931
19933
19939
19939
19956
19958
19958
19961
19964
19971
19978
19983
20000
20011
20037
20044
20062
20064
20071
20076
20080
20093
20119
20132
20132
20140
20144
20153
20177
20185
20187
20193
20195
20208
20211
20219
20242
20247
20258
20259
20260
20281
20285
20296
20299
20308
20316
20319
20332
20334
20335
20351
20352
20368
20380
20385
20406
20413
20420
20424
20430
20431
20437
20439
20440
20467
20473
20479
20506
20521
20534
20538
20549
20564
20567
20589
20594
20596
20597
20597
20600
20609
20618
20628
20635
20636
20641
20655
20667
20670
20673
20688
20695
20715
20718
20722
20729
20741
20751
20754
20764
20764
20766
20772
20779
20793
20811
20819
20821
20851
20857
20865
20870
20908
20914
20915
20944
20947
20955
20964
20979
20986
20996
20998
21020
21027
21030
21034
21042
21048
21059
21064
21065
21111
21117
21131
21149
21149
21152
21154
21160
21166
21167
21170
21175
21177
21180
21180
21185
21234
21241
21243
21251
21252
21260
21297
21299
21301
21317
21328
21362
21376
21377
21388
21407
21412
21426
21427
21431
21448
21465
21468
21470
21471
21472
21484
21487
21499
21501
21504
21505
21508
21535
21537
21538
21547
21583
21595
21600
21614
21629
21651
21661
21662
21666
21672
21672
21678
21680
21689
21690
21693
21697
21710
21727
21729
21743
21752
21753
21760
21762
21766
21767
21784
21787
21788
21816
21846
21849
21849
21873
21876
21876
21883
21919
21935
21935
21939
21940
21941
21942
21984
21987
21992
21997
22009
22018
22025
22028
22048
22085
22085
22094
22097
22115
22120
22124
22128
22137
22147
22157
22159
22169
22170
22197
22198
22214
22230
22235
22238
22246
22255
22257
22271
22278
22279
22282
22312
22318
22320
22333
22333
22337
22342
22369
22380
22389
22395
22395
22397
22409
22429
22429
22440
22446
22461
22486
22488
22507
22507
22527
22540
22549
22572
22579
22579
22608
22616
22618
22629
22670
22677
22679
22689
22700
22702
22702
22707
22709
22713
22714
22722
22730
22730
22734
22738
22743
22749
22750
22761
22769
22774
22791
22798
22805
22808
22813
22831
22831
22834
22836
22851
22862
22866
22867
22869
22871
22873
22881
22892
22903
22928
22936
22943
22958
22961
22964
22965
22974
22976
22980
22984
22984
22992
22999
23016
23019
23042
23050
23053
23058
23060
23070
23073
23084
23091
23093
23094
23098
23105
23110
23126
23128
23151
23167
23171
23173
23173
23175
23179
23186
23228
23230
23238
23250
23262
23280
23306
23315
23368
23375
23382
23382
23385
23409
23410
23420
23442
23447
23447
23478
23478
23481
23484
23494
23510
23522
23523
23536
23565
23594
23626
23640
23650
23652
23658
23670
23674
23684
23688
23706
23709
23714
23721
23736
23758
23770
23777
23781
23786
23801
23807
23811
23820
23828
23837
23841
23865
23874
23899
23904
23910
23916
23940
23946
23968
23971
23976
23980
23986
24000
24019
24042
24046
24053
24064
24076
24102
24108
24118
24137
24142
24154
24157
24161
24161
24169
24190
24192
24196
24196
24200
24204
24246
24248
24249
24260
24260
24267
24279
24289
24291
24297
24308
24315
24328
24329
24337
24342
24348
24378
24380
24387
24397
24402
24421
24431
24441
24455
24481
24501
24506
24540
24548
24582
24590
24607
24613
24616
24629
24635
24662
24663
24664
24691
24719
24724
24735
24738
24740
24740
24740
24751
24782
24782
24792
24794
24797
24798
24811
24851
24851
24874
24902
24902
24915
24917
24920
24921
24933
24937
24947
24959
24971
24980
24980
24983
24985
24996
25001
25024
25042
25042
25059
25070
25071
25081
25097
25098
25102
25124
25125
25126
25140
25155
25162
25164
25188
25192
25198
25209
25217
25223
25226
25244
25262
25263
25265
25281
25282
25290
25320
25321
25334
25344
25347
25372
25384
25391
25397
25401
25402
25406
25412
25416
25430
25441
25453
25464
25476
25479
25498
25512
25524
25526
25537
25571
25592
25623
25632
25642
25674
25681
25683
25701
25702
25707
25716
25717
25722
25723
25737
25759
25774
25778
25793
25810
25828
25828
25830
25837
25842
25854
25901
25920
25931
25945
25950
25952
25977
25978
25980
25995
26001
26007
26015
26027
26062
26066
26066
26068
26080
26097
26098
26103
26109
26112
26115
26123
26129
26132
26149
26153
26154
26167
26187
26198
26209
26216
26217
26219
26220
26227
26238
26268
26271
26272
26278
26286
26287
26288
26290
26315
26319
26323
26335
26347
26347
26358
26369
26372
26388
26391
26410
26425
26427
26433
26447
26452
26458
26472
26477
26489
26490
26495
26497
26501
26503
26504
26512
26523
26524
26525
26528
26529
26550
26582
26583
26603
26641
26656
26686
26688
26694
26696
26697
26699
26706
26722
26727
26740
26747
26750
26757
26759
26764
26768
26769
26773
26774
26775
26775
26795
26796
26796
26799
26805
26826
26830
26840
26840
26854
26857
26857
26862
26864
26883
26883
26902
26907
26908
26919
26924
26930
26930
26934
26936
26957
26966
26982
26988
26997
27000
27000
27003
27022
27024
27031
27034
27037
27058
27059
27096
27099
27108
27118
27124
27130
27134
27136
27139
27149
27150
27157
27168
27180
27191
27206
27220
27232
27242
27247
27250
27255
27263
27280
27291
27297
27308
27321
27340
27356
27366
27399
27399
27402
27412
27412
27422
27428
27429
27430
27433
27434
27435
27437
27442
27452
27476
27500
27501
27504
27522
27524
27536
27540
27558
27572
27610
27614
27617
27628
27636
27644
27646
27648
27664
27671
27686
27687
27693
27698
27698
27705
27719
27724
27726
27734
27736
27739
27745
27749
27758
27759
27765
27775
27812
27817
27822
27836
27836
27855
27877
27882
27894
27906
27932
27945
27959
27960
27964
27970
27974
27978
27987
28025
28028
28033
28053
28061
28070
28103
28105
28133
28135
28159
28165
28174
28215
28227
28227
28231
28235
28244
28250
28252
28273
28273
28294
28297
28302
28311
28331
28336
28347
28358
28358
28368
28374
28395
28406
28432
28436
28441
28459
28467
28476
28501
28503
28515
28523
28527
28533
28534
28562
28594
28597
28607
28633
28633
28634
28657
28673
28684
28726
28734
28743
28767
28785
28813
28821
28833
28846
28854
28865
28868
28872
28910
28926
28963
28970
28986
28987
28989
28990
28991
29002
29012
29026
29027
29040
29042
29050
29051
29059
29067
29086
29091
29096
29117
29139
29144
29148
29172
29181
29194
29201
29203
29206
29209
29217
29230
29246
29252
29268
29274
29276
29279
29286
29314
29333
29335
29336
29344
29375
29395
29398
29419
29451
29453
29476
29481
29493
29498
29503
29504
29510
29527
29528
29555
29562
29568
29590
29593
29596
29606
29607
29609
29629
29645
29648
29652
29653
29662
29676
29708
29716
29722
29727
29749
29749
29752
29753
29784
29796
29802
29803
29816
29824
29845
29850
29851
29853
29865
29876
29876
29876
29898
29900
29912
29925
29928
29934
29946
29972
29978
29987
29989
30009
30021
30045
30052
30072
30073
30073
30074
30077
30087
30092
30095
30097
30102
30111
30113
30121
30129
30162
30164
30183
30190
30190
30210
30212
30217
30220
30222
30228
30232
30247
30251
30253
30283
30291
30303
30305
30314
30319
30343
30364
30401
30403
30404
30413
30417
30418
30420
30424
30438
30441
30444
30449
30459
30465
30471
30488
30489
30489
30490
30499
30505
30512
30515
30517
30521
30527
30529
30534
30539
30542
30555
30568
30569
30574
30574
30577
30585
30586
30616
30647
30650
30653
30653
30659
30663
30694
30707
30707
30721
30730
30730
30747
30747
30752
30756
30768
30776
30780
30780
30785
30787
30794
30803
30826
30826
30829
30831
30854
30873
30886
30890
30895
30895
30909
30920
30921
30934
30940
30944
30945
30963
30971
30982
30994
31034
31036
31045
31055
31058
31062
31071
31082
31100
31112
31131
31156
31156
31182
31185
31206
31212
31216
31235
31244
31249
31250
31258
31268
31284
31294
31302
31324
31329
31352
31373
31419
31432
31435
31456
31458
31463
31472
31482
31491
31499
31528
31570
31572
31575
31579
31602
31607
31617
31619
31626
31648
31650
31671
31676
31707
31723
31724
31728
31732
31743
31747
31752
31783
31807
31810
31822
31824
31825
31838
31839
31839
31846
31846
31850
31869
31875
31895
31898
31913
31914
31918
31927
31928
31938
31955
31961
31963
31974
31999
32002
32006
32007
32007
32034
32042
32058
32060
32074
32078
32086
32089
32100
32107
32111
32132
32135
32151
32158
32166
32197
32213
32224
32280
32281
32293
32301
32328
32348
32362
32365
32377
32377
32383
32403
32403
32436
32453
32457
32468
32478
32489
32508
32523
32547
32569
32588
32595
32624
32637
32645
32651
32655
32660
32662
32673
32675
32691
32719
32719
32722
32747
32770
32775
32779
32780
32788
32788
32789
32791
32799
32800
32800
32801
32813
32823
32826
32830
32849
32868
32878
32884
32889
32896
32906
32934
32941
32961
32964
32969
32972
32976
32980
32980
32986
32989
32995
32998
33006
33018
33048
33050
33053
33058
33070
33084
33103
33105
33108
33119
33132
33151
33157
33173
33174
33198
33203
33212
33214
33225
33234
33238
33247
33254
33260
33263
33264
33282
33285
33287
33300
33301
33304
33313
33313
33341
33372
33390
33412
33415
33425
33425
33433
33435
33457
33476
33485
33503
33509
33525
33535
33540
33559
33560
33567
33579
33584
33595
33611
33615
33618
33622
33625
33631
33648
33649
33655
33661
33692
33699
33699
33708
33710
33724
33752
33768
33769
33787
33796
33800
33811
33811
33817
33837
33867
33900
33936
33959
33962
33963
33975
34011
34015
34038
34038
34047
34050
34065
34120
34142
34161
34209
34235
34240
34247
34253
34261
34268
34269
34284
34287
34314
34326
34343
34363
34368
34369
34374
34377
34403
34408
34415
34416
34416
34417
34419
34431
34436
34436
34444
34450
34450
34454
34464
34486
34493
34520
34556
34571
34582
34590
34590
34598
34617
34620
34637
34659
34682
34685
34694
34695
34704
34708
34709
34711
34718
34753
34755
34766
34775
34778
34785
34797
34854
34856
34869
34870
34872
34879
34922
34930
34940
34944
34944
34948
34951
34954
34959
34963
34967
34972
34982
34983
35007
35009
35010
35024
35038
35057
35075
35079
35088
35089
35095
35096
35107
35138
35150
35168
35172
35194
35197
35231
35248
35253
35259
35271
35275
35278
35278
35280
35281
35288
35291
35291
35301
35301
35310
35314
35322
35323
35336
35366
35370
35376
35400
35411
35430
35431
35453
35457
35470
35473
35473
35480
35487
35489
35491
35492
35496
35508
35539
35544
35550
35584
35585
35599
35603
35624
35629
35645
35659
35680
35684
35688
35697
35701
35720
35722
35722
35728
35730
35737
35745
35751
35756
35760
35761
35772
35791
35792
35806
35807
35847
35857
35865
35867
35878
35888
35898
35899
35899
35901
35925
35925
35943
35945
35953
35960
35971
35975
35984
36033
36046
36057
36061
36068
36076
36079
36088
36089
36101
36106
36126
36130
36137
36148
36152
36159
36164
36169
36176
36246
36246
36251
36287
36290
36293
36303
36311
36332
36337
36340
36360
36395
36430
36439
36466
36480
36488
36494
36508
36521
36523
36528
36563
36626
36634
36637
36653
36658
36667
36670
36675
36690
36701
36702
36714
36723
36730
36733
36736
36755
36758
36758
36766
36766
36782
36794
36803
36809
36828
36845
36846
36848
36851
36852
36856
36868
36879
36884
36896
36902
36907
36907
36915
36927
36939
36946
36952
36981
36981
36999
37015
37016
37035
37050
37064
37079
37079
37084
37107
37109
37138
37140
37149
37163
37170
37213
37217
37220
37225
37229
37231
37232
37232
37233
37237
37244
37250
37273
37275
37281
37283
37293
37307
37319
37331
37336
37337
37354
37358
37380
37398
37398
37403
37410
37425
37432
37442
37450
37458
37467
37473
37491
37498
37499
37501
37507
37525
37529
37529
37535
37550
37550
37556
37567
37574
37583
37610
37611
37612
37634
37643
37643
37664
37666
37675
37683
37686
37714
37716
37737
37747
37747
37757
37763
37773
37778
37779
37785
37809
37816
37830
37831
37839
37845
37870
37874
37876
37877
37881
37881
37887
37906
37907
37919
37920
37925
37929
37930
37936
37953
37954
37996
37997
38021
38040
38045
38049
38069
38077
38077
38090
38099
38114
38117
38117
38121
38125
38133
38143
38167
38206
38223
38224
38238
38241
38246
38263
38280
38300
38312
38321
38340
38347
38370
38387
38419
38426
38437
38441
38448
38450
38455
38459
38464
38471
38482
38482
38492
38500
38501
38512
38513
38543
38544
38556
38564
38581
38588
38599
38600
38610
38617
38619
38646
38646
38657
38672
38676
38676
38699
38707
38718
38731
38756
38773
38774
38784
38796
38808
38823
38831
38839
38840
38850
38855
38859
38863
38881
38884
38895
38904
38919
38952
38955
38960
38977
38983
38990
39013
39046
39056
39060
39084
39086
39096
39110
39113
39114
39120
39129
39145
39147
39166
39178
39180
39182
39225
39226
39230
39241
39245
39277
39277
39284
39303
39310
39310
39311
39330
39336
39338
39350
39357
39361
39375
39377
39377
39380
39396
39405
39407
39410
39413
39424
39432
39435
39454
39459
39464
39499
39515
39522
39524
39528
39540
39557
39561
39567
39583
39587
39587
39588
39624
39626
39634
39637
39655
39663
39664
39691
39712
39718
39745
39748
39768
39771
39772
39774
39776
39797
39813
39840
39846
39862
39875
39895
39899
39930
39931
39931
39940
39940
39944
39945
39946
39958
39969
39976
39978
40003
40003
40004
40008
40025
40026
40027
40031
40036
40039
40064
40066
40079
40095
40111
40121
40144
40155
40156
40162
40175
40191
40197
40207
40216
40220
40226
40230
40241
40246
40260
40261
40265
40271
40273
40301
40304
40306
40322
40326
40331
40351
40377
40378
40387
40390
40392
40394
40438
40444
40460
40476
40491
40525
40528
40565
40581
40592
40603
40656
40658
40666
40701
40713
40714
40720
40727
40744
40771
40772
40777
40803
40805
40806
40811
40819
40825
40833
40838
40851
40854
40860
40894
40916
40925
40937
40945
40980
40994
40996
41001
41002
41004
41012
41046
41060
41065
41066
41074
41089
41095
41095
41097
41113
41122
41124
41140
41154
41154
41156
41158
41161
41174
41187
41194
41201
41220
41236
41246
41259
41262
41306
41328
41335
41336
41342
41358
41426
41447
41470
41473
41474
41475
41487
41489
41519
41523
41524
41526
41552
41559
41599
41627
41645
41648
41650
41687
41689
41693
41702
41723
41737
41759
41763
41773
41774
41777
41783
41786
41799
41839
41842
41850
41876
41894
41902
41905
41912
41933
41940
41954
41960
41963
41980
41981
41981
41997
41999
42008
42009
42016
42024
42037
42050
42058
42064
42067
42079
42083
42119
42131
42132
42140
42155
42164
42177
42179
42190
42234
42237
42251
42253
42254
42255
42256
42265
42288
42291
42307
42310
42324
42349
42350
42353
42370
42388
42391
42416
42416
42419
42426
42438
42453
42465
42508
42512
42530
42530
42532
42557
42565
42585
42615
42619
42626
42645
42653
42655
42658
42659
42669
42671
42695
42708
42714
42727
42730
42747
42747
42750
42779
42796
42798
42806
42822
42825
42831
42831
42845
42851
42854
42861
42863
42874
42898
42908
42910
42932
42953
42962
42966
42966
42981
42985
42989
42990
42991
42994
43005
43016
43028
43030
43072
43095
43104
43105
43111
43121
43131
43139
43147
43155
43156
43161
43174
43198
43202
43208
43217
43241
43243
43259
43271
43279
43300
43313
43314
43347
43349
43361
43365
43380
43384
43404
43417
43418
43421
43431
43443
43448
43449
43456
43465
43465
43475
43480
43490
43493
43496
43497
43505
43508
43512
43514
43524
43526
43535
43541
43550
43576
43597
43603
43603
43624
43633
43634
43636
43641
43648
43650
43655
43661
43666
43668
43682
43694
43734
43770
43799
43804
43808
43818
43825
43832
43838
43851
43858
43870
43884
43902
43918
43921
43943
43945
43981
44011
44011
44013
44018
44020
44022
44053
44078
44086
44095
44103
44111
44113
44114
44143
44146
44148
44152
44166
44182
44196
44196
44207
44226
44238
44242
44245
44283
44292
44299
44300
44304
44319
44323
44331
44333
44336
44344
44346
44355
44363
44371
44372
44381
44381
44399
44412
44428
44430
44431
44453
44463
44470
44471
44483
44489
44496
44497
44504
44505
44529
44534
44545
44556
44572
44577
44583
44593
44595
44605
44605
44614
44620
44621
44628
44635
44650
44650
44656
44663
44684
44706
44717
44723
44730
44734
44740
44744
44746
44750
44753
44756
44757
44759
44762
44766
44771
44787
44790
44807
44834
44836
44845
44850
44857
44857
44884
44892
44898
44906
44908
44925
44930
44931
44942
44966
44976
44984
44991
45002
45005
45023
45034
45037
45055
45065
45072
45090
45101
45104
45108
45119
45120
45122
45123
45143
45149
45186
45187
45188
45218
45218
45221
45226
45230
45262
45270
45299
45310
45312
45323
45328
45329
45332
45337
45347
45380
45384
45384
45387
45393
45404
45405
45418
45420
45430
45435
45446
45450
45453
45458
45465
45479
45484
45501
45502
45503
45508
45511
45534
45541
45544
45555
45559
45561
45566
45581
45589
45622
45653
45664
45698
45718
45726
45728
45729
45730
45732
45736
45737
45748
45749
45749
45752
45752
45758
45766
45771
45774
45784
45784
45787
45793
45801
45826
45836
45836
45837
45842
45845
45849
45850
45852
45856
45862
45864
45868
45876
45909
45920
45927
45983
45993
45995
46000
46004
46009
46021
46023
46033
46045
46055
46067
46077
46093
46094
46094
46103
46105
46119
46122
46126
46142
46162
46177
46213
46236
46267
46270
46271
46287
46290
46291
46303
46303
46308
46319
46319
46321
46321
46324
46343
46356
46359
46363
46368
46379
46395
46403
46405
46407
46411
46437
46449
46470
46472
46483
46497
46512
46516
46516
46519
46527
46527
46531
46545
46553
46559
46560
46573
46579
46581
46601
46613
46637
46648
46652
46674
46700
46702
46719
46722
46779
46787
46796
46798
46803
46825
46830
46848
46851
46852
46875
46885
46892
46895
46910
46927
46931
46944
46957
46964
47019
47027
47051
47055
47057
47076
47089
47099
47101
47101
47108
47108
47109
47121
47121
47123
47128
47130
47137
47142
47145
47209
47219
47225
47246
47248
47251
47257
47262
47280
47300
47313
47318
47328
47329
47334
47346
47348
47357
47361
47374
47387
47389
47398
47405
47406
47413
47422
47467
47468
47477
47480
47505
47514
47537
47538
47543
47545
47567
47615
47643
47651
47676
47680
47691
47694
47709
47709
47725
47745
47758
47759
47782
47797
47803
47820
47829
47835
47856
47856
47877
47901
47908
47909
47910
47919
47933
47933
47950
47981
47984
48004
48013
48014
48034
48080
48102
48112
48123
48129
48130
48157
48171
48172
48188
48195
48203
48205
48207
48242
48249
48289
48295
48295
48303
48306
48309
48315
48328
48346
48361
48405
48413
48419
48421
48436
48452
48457
48460
48465
48474
48477
48500
48522
48525
48529
48548
48557
48567
48568
48571
48575
48579
48580
48586
48588
48590
48605
48614
48616
48617
48624
48634
48651
48653
48656
48661
48678
48693
48699
48720
48739
48749
48762
48764
48766
48768
48771
48780
48781
48799
48817
48840
48844
48863
48898
48906
48919
48927
48932
48941
48944
48963
48974
48974
48995
48995
49006
49033
49034
49041
49046
49053
49096
49101
49109
49132
49138
49140
49141
49149
49160
49164
49173
49186
49188
49193
49222
49244
49267
49290
49299
49313
49328
49349
49353
49355
49384
49440
49446
49450
49454
49466
49476
49478
49480
49485
49527
49529
49536
49568
49576
49579
49579
49610
49622
49635
49654
49666
49672
49691
49692
49705
49708
49711
49729
49741
49749
49761
49770
49780
49783
49785
49816
49818
49820
49823
49833
49837
49849
49850
49853
49862
49877
49881
49885
49890
49901
49905
49919
49922
49929
49941
49945
50004
50026
50034
50056
50057
50068
50069
50093
50095
50104
50105
50122
50131
50158
50159
50166
50178
50187
50201
50212
50245
50246
50261
50263
50268
50310
50317
50324
50328
50341
50361
50362
50362
50373
50384
50385
50392
50408
50420
50422
50425
50443
50448
50452
50469
50475
50477
50484
50492
50494
50500
50534
50546
50546
50556
50560
50565
50567
50589
50608
50614
50626
50639
50661
50667
50694
50698
50702
50702
50746
50768
50771
50774
50779
50790
50796
50808
50810
50822
50848
50868
50874
50880
50935
50939
50942
50949
50957
50957
50962
50971
50984
50987
51000
51013
51019
51022
51042
51042
51044
51058
51059
51073
51091
51109
51115
51116
51132
51141
51144
51148
51194
51194
51196
51206
51207
51220
51229
51232
51236
51254
51262
51267
51267
51267
51285
51329
51337
51340
51342
51356
51360
51364
51371
51386
51397
51405
51434
51449
51477
51482
51483
51483
51519
51543
51544
51549
51553
51568
51582
51584
51587
51605
51614
51616
51626
51637
51639
51648
51672
51672
51674
51675
51685
51690
51698
51704
51710
51724
51745
51775
51798
51850
51851
51852
51864
51878
51878
51898
51905
51906
51921
51924
51935
51951
51962
51968
51983
51987
52003
52017
52024
52035
52052
52058
52064
52069
52070
52096
52099
52103
52137
52140
52147
52176
52184
52220
52237
52244
52256
52258
52265
52268
52289
52299
52307
52371
52379
52384
52385
52402
52406
52412
52413
52418
52423
52423
52430
52438
52443
52451
52458
52468
52497
52510
52517
52533
52542
52545
52546
52553
52573
52578
52579
52582
52598
52607
52609
52641
52641
52658
52669
52671
52672
52690
52694
52714
52738
52753
52758
52768
52770
52775
52784
52789
52800
52812
52826
52838
52843
52853
52853
52854
52861
52873
52882
52886
52887
52889
52896
52921
52934
52937
52947
52964
52970
52972
52974
52975
52991
53007
53010
53015
53024
53024
53032
53064
53066
53075
53080
53096
53104
53106
53137
53145
53167
53172
53195
53204
53212
53216
53218
53222
53225
53236
53243
53244
53251
53259
53261
53267
53270
53271
53273
53301
53309
53313
53319
53342
53342
53343
53359
53382
53383
53395
53408
53423
53449
53451
53456
53458
53471
53488
53492
53494
53497
53501
53506
53509
53521
53526
53528
53530
53531
53534
53543
53553
53555
53561
53565
53568
53569
53573
53593
53604
53609
53611
53627
53643
53649
53657
53700
53707
53718
53732
53734
53747
53750
53772
53784
53787
53795
53798
53813
53813
53851
53858
53866
53883
53888
53895
53908
53913
53923
53968
53975
54004
54010
54013
54019
54022
54023
54030
54069
54071
54072
54076
54091
54098
54122
54131
54135
54143
54144
54145
54146
54175
54198
54199
54204
54207
54218
54222
54223
54233
54235
54235
54245
54261
54295
54299
54300
54329
54339
54354
54360
54368
54381
54384
54399
54406
54412
54413
54431
54450
54456
54456
54473
54504
54512
54517
54521
54526
54530
54534
54566
54566
54575
54603
54605
54618
54660
54662
54666
54668
54674
54678
54683
54697
54698
54705
54709
54731
54738
54747
54759
54760
54764
54773
54783
54790
54793
54822
54828
54848
54850
54856
54857
54864
54868
54871
54873
54876
54884
54892
54906
54913
54918
54931
54938
54939
54959
54973
54979
55009
55021
55046
55056
55060
55073
55101
55101
55102
55113
55121
55137
55141
55150
55150
55156
55173
55181
55198
55201
55205
55255
55257
55262
55263
55295
55302
55325
55351
55352
55406
55482
55545
55552
55554
55560
55581
55588
55595
55597
55599
55604
55604
55616
55625
55625
55627
55680
55681
55689
55693
55711
55712
55743
55766
55766
55787
55796
55802
55807
55810
55815
55826
55837
55856
55879
55899
55914
55915
55926
55958
55980
55987
55994
55998
56002
56022
56030
56045
56061
56071
56077
56089
56099
56103
56105
56118
56128
56128
56142
56151
56151
56154
56158
56166
56177
56177
56180
56187
56190
56192
56199
56206
56219
56229
56234
56245
56246
56251
56257
56274
56291
56293
56306
56316
56317
56321
56322
56324
56328
56352
56355
56365
56376
56381
56396
56398
56402
56432
56436
56441
56450
56459
56461
56476
56482
56508
56519
56526
56559
56559
56584
56596
56606
56609
56639
56643
56644
56650
56651
56657
56668
56671
56675
56683
56692
56707
56710
56721
56723
56728
56737
56771
56773
56781
56798
56802
56803
56826
56836
56837
56851
56863
56869
56897
56897
56902
56931
56935
56944
56954
56960
56964
56965
56987
57000
57008
57011
57013
57032
57034
57043
57057
57060
57079
57086
57090
57113
57119
57149
57191
57192
57217
57222
57226
57243
57246
57261
57266
57283
57288
57336
57346
57352
57397
57404
57408
57422
57430
57431
57435
57438
57447
57447
57451
57458
57467
57471
57480
57481
57496
57497
57497
57505
57509
57518
57551
57563
57583
57588
57592
57605
57623
57623
57626
57629
57631
57635
57641
57659
57663
57665
57666
57667
57670
57687
57690
57708
57711
57743
57745
57768
57771
57782
57794
57794
57816
57819
57826
57874
57878
57883
57895
57895
57909
57929
57949
57950
57960
57977
58015
58021
58036
58051
58058
58060
58072
58077
58129
58131
58159
58173
58181
58206
58214
58215
58222
58225
58234
58242
58289
58292
58299
58306
58321
58326
58339
58367
58392
58413
58440
58445
58465
58475
58477
58490
58511
58552
58553
58560
58574
58577
58582
58605
58618
58619
58622
58626
58638
58642
58648
58648
58648
58657
58684
58698
58710
58713
58714
58715
58731
58787
58791
58799
58801
58815
58824
58829
58840
58882
58899
58915
58924
58931
58941
58959
58973
58983
58990
58998
59005
59006
59012
59017
59037
59062
59067
59078
59098
59111
59125
59127
59159
59160
59176
59200
59203
59217
59219
59219
59234
59278
59282
59288
59292
59298
59301
59325
59329
59331
59344
59358
59363
59383
59409
59435
59487
59500
59512
59512
59515
59518
59532
59544
59550
59563
59564
59565
59572
59573
59581
59583
59585
59592
59613
59626
59658
59665
59669
59676
59678
59682
59694
59695
59712
59761
59785
59793
59814
59820
59821
59822
59846
59849
59854
59857
59862
59866
59874
59897
59907
59908
59917
59924
59925
59938
59964
59968
59969
59972
59972
59975
59975
60005
60018
60020
60025
60037
60038
60042
60044
60045
60047
60048
60054
60056
60066
60074
60077
60081
60097
60101
60113
60114
60140
60175
60180
60181
60194
60201
60201
60205
60225
60245
60250
60256
60274
60281
60282
60302
60322
60334
60362
60393
60399
60412
60421
60424
60429
60430
60447
60454
60463
60472
60473
60492
60503
60506
60522
60523
60530
60531
60539
60546
60550
60555
60564
60568
60573
60574
60591
60651
60666
60671
60679
60697
60701
60704
60706
60709
60716
60726
60737
60749
60758
60770
60775
60789
60789
60803
60810
60813
60819
60820
60846
60851
60851
60855
60869
60872
60875
60886
60892
60901
60903
60907
60930
60947
60951
60957
60958
60967
60974
60980
60985
61062
61063
61063
61111
61111
61123
61124
61126
61137
61167
61174
61177
61182
61194
61208
61237
61252
61254
61258
61259
61261
61293
61303
61307
61307
61320
61324
61335
61347
61362
61369
61378
61388
61392
61397
61418
61425
61426
61450
61452
61474
61483
61490
61506
61539
61542
61543
61551
61561
61568
61574
61577
61600
61604
61625
61628
61637
61638
61644
61648
61650
61653
61655
61661
61674
61680
61682
61700
61714
61741
61741
61746
61750
61753
61763
61763
61764
61766
61773
61778
61783
61803
61838
61846
61850
61863
61866
61868
61869
61871
61871
61879
61892
61906
61914
61920
61932
61935
61966
62001
62008
62008
62014
62021
62022
62045
62048
62084
62085
62099
62100
62103
62109
62122
62122
62131
62131
62136
62137
62142
62158
62163
62185
62207
62210
62213
62232
62235
62236
62238
62240
62281
62292
62298
62306
62333
62351
62358
62368
62410
62415
62417
62431
62433
62438
62454
62459
62475
62488
62500
62502
62504
62507
62516
62533
62540
62546
62548
62558
62561
62567
62605
62628
62633
62650
62654
62669
62671
62674
62675
62703
62707
62742
62746
62775
62789
62789
62792
62795
62797
62826
62830
62856
62856
62873
62880
62883
62889
62895
62896
62958
62974
62991
62994
63024
63035
63038
63041
63059
63071
63089
63113
63130
63143
63154
63158
63160
63174
63192
63230
63242
63242
63262
63291
63295
63296
63297
63313
63317
63317
63326
63331
63354
63362
63383
63385
63385
63386
63390
63402
63418
63444
63456
63463
63478
63500
63529
63547
63547
63558
63587
63588
63621
63630
63631
63653
63680
63751
63761
63773
63780
63782
63790
63792
63795
63795
63822
63824
63827
63831
63833
63844
63865
63884
63901
63902
63908
63910
63913
63918
63926
63928
63932
63948
63950
63974
64026
64046
64048
64053
64058
64076
64084
64089
64095
64115
64125
64136
64159
64162
64164
64166
64190
64193
64209
64217
64229
64239
64240
64252
64254
64266
64277
64281
64288
64302
64311
64317
64367
64381
64394
64402
64412
64415
64420
64440
64444
64448
64454
64464
64464
64483
64506
64508
64509
64510
64513
64517
64549
64568
64568
64577
64611
64622
64627
64628
64630
64631
64652
64656
64673
64679
64680
64697
64697
64712
64724
64735
64736
64750
64766
64776
64788
64793
64807
64833
64837
64871
64897
64920
64925
64926
64938
64944
64945
64962
64967
64972
64973
64979
64980
64985
64998
65000
65008
65009
65024
65035
65046
65056
65059
65063
65064
65070
65072
65074
65116
65128
65130
65131
65147
65168
65187
65196
65199
65278
65325
65326
65347
65403
65414
65417
65430
65444
65484
65545
65554
65556
65606
65606
65614
65639
65656
65657
65683
65684
65689
65695
65734
65740
65741
65758
65762
65765
65765
65805
65809
65825
65855
65910
65915
65921
65924
65963
65967
65988
65995
66006
66010
66013
66017
66019
66039
66046
66047
66055
66067
66076
66078
66078
66089
66098
66099
66102
66105
66121
66138
66142
66145
66146
66166
66173
66180
66197
66227
66229
66249
66255
66299
66299
66305
66308
66325
66329
66344
66379
66387
66400
66417
66418
66429
66457
66457
66468
66468
66479
66490
66490
66492
66518
66521
66524
66565
66567
66582
66610
66614
66624
66643
66660
66665
66668
66672
66673
66682
66695
66706
66706
66709
66726
66736
66736
66738
66754
66782
66800
66802
66810
66811
66812
66816
66825
66828
66833
66833
66858
66870
66876
66880
66884
66893
66895
66900
66906
66914
66923
66930
66934
66954
66965
67005
67010
67020
67020
67074
67087
67116
67132
67133
67147
67152
67178
67183
67198
67210
67211
67218
67237
67263
67295
67300
67305
67312
67313
67318
67340
67345
67351
67357
67367
67384
67400
67413
67420
67421
67426
67438
67446
67455
67475
67509
67521
67542
67553
67565
67566
67568
67583
67587
67605
67610
67626
67650
67668
67679
67683
67690
67695
67699
67706
67709
67712
67718
67721
67739
67746
67748
67756
67770
67773
67774
67791
67806
67812
67821
67874
67875
67888
67889
67891
67907
67923
67936
67946
67952
67953
67956
67963
67969
67969
67974
67974
67989
68020
68023
68029
68045
68052
68054
68055
68070
68079
68084
68088
68101
68104
68113
68116
68119
68129
68132
68134
68151
68167
68170
68172
68179
68188
68194
68198
68203
68210
68226
68239
68253
68256
68257
68278
68280
68287
68316
68338
68339
68346
68348
68350
68353
68361
68362
68362
68377
68390
68392
68393
68393
68407
68408
68417
68422
68432
68434
68442
68442
68475
68479
68514
68514
68537
68538
68544
68548
68565
68567
68569
68573
68600
68606
68631
68632
68635
68655
68674
68674
68681
68689
68769
68786
68787
68792
68809
68810
68816
68819
68824
68827
68833
68835
68839
68853
68873
68876
68893
68898
68919
68927
68935
68949
68958
68973
68976
68977
68982
68999
69000
69007
69014
69014
69018
69057
69071
69089
69099
69108
69115
69117
69132
69141
69152
69159
69168
69168
69174
69178
69197
69226
69235
69247
69251
69261
69270
69286
69305
69320
69321
69364
69372
69405
69419
69430
69435
69450
69451
69460
69487
69500
69505
69523
69528
69544
69546
69551
69552
69575
69579
69589
69593
69594
69599
69600
69621
69629
69646
69650
69653
69666
69694
69696
69700
69701
69703
69714
69724
69725
69726
69741
69749
69754
69759
69761
69768
69789
69792
69800
69827
69835
69905
69911
69923
69929
69934
69959
69961
69964
69967
69997
70006
70023
70025
70027
70029
70032
70034
70052
70068
70086
70100
70106
70111
70127
70138
70138
70148
70162
70200
70207
70210
70219
70219
70224
70239
70283
70295
70331
70339
70347
70350
70382
70385
70396
70475
70475
70479
70515
70520
70534
70539
70541
70553
70571
70578
70581
70584
70590
70598
70598
70621
70626
70629
70631
70634
70634
70646
70649
70672
70681
70691
70701
70714
70752
70752
70788
70789
70811
70821
70831
70832
70839
70853
70895
70917
70924
70937
70941
70944
70949
70965
70966
70972
70977
70985
70999
71016
71019
71024
71038
71095
71109
71109
71131
71140
71140
71142
71159
71160
71161
71173
71180
71193
71199
71238
71243
71249
71256
71259
71261
71261
71266
71267
71280
71282
71290
71291
71291
71303
71318
71318
71331
71337
71344
71363
71373
71390
71408
71420
71422
71428
71441
71445
71499
71507
71516
71524
71533
71571
71579
71583
71584
71588
71602
71624
71629
71629
71643
71644
71659
71666
71678
71704
71727
71740
71742
71747
71758
71778
71795
71795
71807
71822
71823
71859
71865
71881
71904
71904
71911
71914
71924
71924
71981
72000
72009
72042
72047
72077
72096
72098
72106
72118
72153
72163
72176
72185
72193
72219
72230
72246
72276
72282
72293
72295
72296
72296
72300
72316
72324
72347
72347
72374
72376
72391
72392
72411
72419
72423
72434
72441
72447
72455
72459
72463
72471
72489
72503
72519
72539
72552
72556
72566
72568
72579
72582
72587
72587
72588
72601
72604
72611
72613
72620
72622
72631
72657
72688
72698
72706
72748
72750
72763
72765
72765
72776
72788
72792
72813
72818
72835
72841
72863
72865
72882
72883
72891
72899
72912
72914
72915
72936
72959
72964
72991
72997
72999
73006
73011
73012
73021
73044
73047
73073
73077
73095
73097
73110
73112
73122
73123
73132
73134
73153
73176
73185
73196
73213
73227
73229
73247
73253
73253
73262
73285
73297
73305
73307
73315
73318
73337
73338
73349
73368
73373
73382
73387
73405
73409
73414
73419
73420
73429
73462
73466
73488
73492
73502
73519
73547
73578
73582
73593
73605
73606
73629
73641
73643
73654
73659
73669
73675
73683
73690
73695
73712
73720
73726
73731
73737
73748
73754
73757
73762
73798
73803
73806
73809
73838
73843
73876
73880
73880
73886
73887
73909
73910
73915
73921
73930
73936
73948
73957
73972
73974
73989
74018
74022
74030
74045
74059
74067
74116
74123
74123
74129
74145
74145
74150
74151
74153
74156
74174
74178
74243
74248
74251
74296
74303
74328
74334
74362
74373
74379
74396
74404
74412
74432
74446
74469
74472
74476
74487
74489
74493
74499
74510
74522
74542
74550
74555
74559
74561
74563
74567
74577
74606
74609
74614
74617
74620
74621
74623
74627
74653
74654
74669
74675
74679
74680
74688
74690
74701
74706
74706
74707
74750
74752
74755
74757
74764
74769
74772
74775
74784
74802
74810
74813
74822
74823
74824
74855
74856
74857
74885
74907
74908
74911
74918
74933
74934
74946
74952
74956
74959
74965
74967
74967
74974
74985
74988
75029
75035
75043
75043
75051
75065
75080
75124
75127
75128
75144
75152
75156
75159
75163
75192
75192
75196
75207
75212
75225
75250
75250
75253
75258
75260
75263
75267
75288
75296
75312
75321
75327
75328
75333
75341
75346
75350
75352
75362
75363
75365
75370
75381
75383
75391
75398
75411
75417
75418
75419
75423
75434
75448
75451
75464
75470
75491
75494
75496
75503
75505
75512
75515
75528
75536
75537
75543
75545
75587
75596
75615
75620
75635
75639
75685
75685
75689
75689
75693
75699
75701
75705
75718
75719
75720
75728
75745
75749
75771
75776
75782
75792
75793
75809
75819
75820
75823
75846
75906
75908
75918
75935
75965
75967
75974
76015
76026
76052
76053
76060
76066
76068
76075
76083
76083
76084
76087
76095
76097
76131
76144
76158
76178
76213
76225
76245
76247
76252
76253
76253
76270
76271
76279
76285
76299
76302
76302
76307
76361
76375
76394
76396
76406
76408
76410
76414
76416
76420
76454
76472
76473
76475
76478
76510
76531
76534
76534
76549
76567
76576
76586
76605
76605
76627
76640
76643
76663
76692
76692
76707
76710
76719
76725
76730
76741
76766
76770
76780
76781
76786
76788
76819
76820
76829
76832
76842
76850
76855
76860
76873
76875
76881
76882
76894
76900
76906
76911
76925
76931
76939
76944
76946
76964
77022
77023
77050
77055
77070
77084
77084
77086
77092
77096
77103
77103
77112
77113
77115
77119
77132
77133
77134
77144
77151
77166
77171
77173
77216
77235
77237
77247
77248
77257
77259
77273
77300
77304
77328
77330
77336
77339
77344
77347
77349
77386
77410
77422
77449
77454
77457
77490
77490
77498
77530
77539
77542
77546
77550
77559
77575
77590
77613
77619
77630
77655
77657
77672
77680
77680
77682
77686
77687
77698
77707
77710
77715
77721
77733
77739
77741
77748
77755
77767
77781
77783
77794
77799
77804
77812
77812
77815
77817
77819
77837
77842
77866
77866
77871
77889
77901
77905
77915
77923
77924
77951
77952
77957
77968
77995
77996
77997
78000
78001
78024
78027
78031
78033
78063
78073
78082
78085
78095
78119
78121
78135
78140
78144
78148
78163
78164
78171
78178
78178
78182
78186
78191
78198
78204
78205
78248
78249
78262
78264
78277
78290
78294
78295
78309
78314
78316
78320
78332
78333
78337
78339
78361
78367
78373
78387
78393
78400
78402
78421
78422
78442
78462
78477
78487
78496
78497
78509
78515
78518
78519
78520
78525
78534
78544
78548
78551
78558
78562
78578
78583
78601
78611
78636
78642
78647
78657
78657
78664
78675
78676
78733
78748
78757
78757
78760
78762
78785
78790
78823
78825
78831
78834
78838
78840
78856
78865
78869
78870
78877
78882
78885
78894
78897
78901
78905
78907
78914
78927
78927
78931
78934
78934
78954
78957
78962
78964
78965
78987
79000
79011
79020
79026
79041
79061
79080
79091
79099
79102
79123
79125
79130
79133
79153
79154
79156
79158
79186
79187
79212
79230
79255
79262
79264
79266
79298
79304
79315
79322
79338
79357
79360
79367
79369
79379
79388
79393
79423
79434
79447
79450
79452
79456
79471
79472
79486
79502
79504
79505
79508
79526
79549
79550
79551
79554
79555
79556
79557
79580
79583
79586
79593
79623
79629
79645
79658
79659
79660
79662
79669
79671
79671
79677
79682
79684
79688
79689
79720
79728
79735
79735
79738
79741
79743
79744
79753
79753
79766
79772
79784
79795
79800
79804
79829
79836
79861
79890
79897
79905
79909
79931
79937
79937
79945
79954
79958
79965
79972
79974
80021
80050
80096
80125
80141
80159
80162
80176
80183
80199
80201
80203
80219
80225
80231
80240
80246
80246
80256
80258
80268
80282
80300
80318
80322
80324
80325
80329
80335
80369
80372
80378
80402
80403
80417
80434
80445
80463
80485
80487
80490
80490
80498
80499
80506
80513
80521
80535
80551
80577
80578
80579
80587
80599
80599
80607
80613
80633
80636
80652
80654
80659
80681
80683
80688
80692
80695
80710
80712
80715
80725
80725
80727
80743
80764
80778
80797
80806
80808
80811
80815
80816
80817
80828
80832
80851
80856
80863
80864
80873
80876
80878
80896
80900
80903
80909
80915
80918
80924
80939
80948
80964
80965
80988
80999
81004
81009
81016
81030
81036
81043
81046
81051
81054
81054
81065
81067
81069
81080
81082
81129
81130
81139
81141
81143
81149
81153
81153
81159
81209
81211
81242
81242
81246
81247
81249
81252
81260
81287
81301
81308
81321
81337
81345
81358
81386
81397
81401
81415
81427
81445
81448
81490
81490
81510
81526
81529
81544
81554
81557
81570
81573
81580
81588
81612
81615
81617
81622
81625
81631
81636
81644
81646
81663
81665
81677
81682
81698
81701
81702
81708
81719
81744
81744
81800
81800
81807
81809
81812
81813
81815
81816
81844
81845
81846
81866
81868
81880
81881
81904
81907
81911
81940
81945
81948
81963
81969
81973
81994
81997
82002
82013
82021
82028
82032
82053
82079
82085
82089
82095
82106
82109
82112
82125
82126
82127
82134
82144
82148
82162
82162
82189
82201
82204
82215
82223
82224
82232
82243
82247
82252
82253
82263
82265
82275
82295
82317
82330
82337
82363
82365
82366
82401
82403
82416
82418
82420
82420
82423
82423
82449
82453
82455
82466
82468
82475
82479
82479
82480
82493
82504
82509
82522
82528
82530
82533
82543
82564
82579
82582
82597
82606
82610
82612
82617
82622
82638
82649
82662
82667
82683
82691
82699
82714
82715
82731
82746
82756
82760
82829
82830
82835
82841
82848
82863
82865
82875
82887
82903
82907
82934
82961
82968
82973
82975
82984
83001
83004
83017
83034
83061
83064
83066
83066
83069
83090
83114
83118
83120
83122
83125
83136
83155
83200
83204
83214
83215
83219
83220
83225
83238
83242
83254
83257
83258
83264
83268
83282
83288
83300
83314
83330
83331
83343
83361
83363
83371
83389
83395
83413
83415
83415
83419
83461
83484
83522
83531
83534
83549
83550
83553
83561
83566
83567
83583
83598
83612
83617
83628
83631
83654
83665
83677
83695
83703
83708
83758
83762
83764
83800
83812
83816
83820
83846
83853
83861
83863
83873
83890
83907
83910
83932
83936
83936
83943
83955
83974
83980
83987
83995
84006
84013
84016
84020
84023
84024
84040
84041
84042
84069
84075
84079
84080
84093
84113
84131
84133
84151
84155
84164
84170
84176
84198
84236
84243
84250
84251
84254
84255
84313
84330
84331
84339
84342
84345
84348
84355
84381
84391
84408
84409
84427
84452
84467
84496
84502
84516
84517
84519
84520
84534
84536
84556
84556
84563
84576
84584
84591
84591
84618
84621
84630
84651
84652
84660
84662
84663
84667
84680
84686
84702
84721
84727
84735
84745
84790
84804
84817
84818
84829
84843
84843
84850
84866
84869
84883
84898
84902
84906
84944
84948
84959
84968
84978
84980
84999
85003
85015
85016
85032
85044
85058
85089
85103
85125
85139
85146
85158
85167
85173
85176
85202
85216
85242
85245
85281
85282
85286
85293
85294
85348
85391
85419
85441
85444
85458
85460
85483
85484
85493
85501
85517
85528
85529
85534
85537
85559
85572
85575
85592
85597
85597
85604
85625
85626
85636
85643
85646
85653
85668
85676
85682
85685
85700
85721
85724
85726
85731
85762
85764
85812
85859
85875
85878
85889
85898
85918
85931
85939
85944
85954
85960
85970
86005
86006
86006
86008
86013
86037
86042
86046
86071
86085
86093
86110
86111
86128
86130
86134
86137
86145
86151
86160
86172
86214
86218
86227
86229
86231
86234
86250
86263
86266
86267
86269
86270
86274
86279
86286
86296
86298
86307
86315
86317
86325
86362
86373
86404
86408
86414
86416
86417
86418
86419
86421
86425
86442
86450
86451
86461
86472
86473
86476
86478
86484
86507
86509
86534
86555
86559
86563
86567
86575
86579
86584
86606
86609
86609
86613
86615
86625
86647
86658
86672
86691
86708
86718
86730
86731
86748
86756
86786
86787
86827
86844
86862
86864
86867
86885
86940
86952
86958
86971
86974
86975
86996
86997
87011
87013
87015
87021
87022
87060
87062
87081
87091
87101
87107
87111
87112
87115
87127
87140
87157
87159
87177
87177
87191
87194
87200
87215
87219
87232
87238
87243
87270
87279
87291
87323
87328
87351
87351
87357
87362
87369
87401
87402
87412
87414
87420
87426
87427
87428
87441
87441
87450
87456
87461
87466
87475
87480
87486
87486
87505
87527
87528
87536
87566
87572
87580
87582
87583
87590
87590
87604
87611
87616
87621
87622
87645
87647
87648
87652
87655
87665
87674
87681
87691
87692
87712
87729
87746
87748
87755
87768
87790
87798
87812
87817
87818
87822
87825
87839
87847
87857
87858
87862
87866
87873
87885
87908
87918
87928
87929
87931
87966
87967
87969
87983
87987
87992
87998
88020
88026
88038
88069
88070
88071
88071
88077
88078
88083
88089
88108
88114
88118
88120
88131
88150
88150
88172
88173
88173
88174
88199
88222
88225
88232
88244
88245
88247
88270
88270
88294
88336
88358
88375
88377
88391
88401
88413
88437
88438
88453
88461
88482
88488
88493
88498
88502
88504
88508
88517
88547
88548
88564
88565
88572
88584
88589
88600
88611
88639
88655
88670
88691
88696
88715
88716
88731
88748
88750
88751
88761
88772
88779
88787
88798
88804
88818
88819
88822
88845
88860
88866
88878
88896
88904
88937
88938
88980
88989
88991
88994
89014
89021
89025
89040
89043
89055
89063
89092
89092
89109
89119
89126
89132
89154
89167
89176
89177
89181
89187
89190
89200
89206
89214
89216
89246
89249
89249
89258
89262
89268
89269
89270
89272
89288
89291
89292
89315
89316
89328
89331
89332
89359
89368
89387
89388
89410
89429
89446
89477
89478
89481
89483
89490
89492
89497
89529
89530
89536
89542
89557
89559
89569
89570
89571
89580
89581
89583
89585
89645
89647
89669
89677
89687
89690
89709
89727
89743
89744
89749
89750
89769
89778
89816
89825
89829
89833
89857
89867
89867
89873
89878
89878
89884
89915
89922
89923
89927
89931
89939
89951
89955
89963
89966
89992
89997
90001
90017
90033
90039
90096
90114
90138
90149
90156
90160
90169
90185
90187
90219
90223
90227
90231
90238
90242
90260
90262
90268
90270
90274
90275
90276
90277
90286
90296
90312
90317
90326
90328
90332
90340
90346
90411
90419
90425
90447
90456
90467
90486
90488
90489
90499
90513
90515
90523
90533
90592
90608
90614
90658
90679
90702
90705
90733
90747
90751
90753
90763
90768
90799
90817
90820
90850
90851
90861
90876
90910
90944
90960
90976
90977
90996
91013
91016
91025
91028
91031
91032
91032
91042
91052
91052
91053
91062
91077
91083
91083
91094
91128
91130
91131
91134
91153
91157
91172
91187
91199
91201
91203
91219
91236
91241
91249
91264
91272
91274
91281
91282
91288
91300
91302
91313
91313
91317
91325
91332
91336
91354
91358
91358
91360
91369
91379
91381
91394
91403
91422
91426
91431
91433
91448
91456
91465
91478
91481
91513
91519
91521
91526
91530
91546
91562
91567
91567
91592
91619
91619
91651
91659
91671
91671
91686
91688
91690
91701
91711
91715
91752
91772
91776
91785
91789
91799
91805
91806
91807
91818
91818
91819
91826
91826
91836
91863
91869
91871
91872
91898
91903
91904
91913
91925
91950
91954
91957
91963
91964
91966
91981
91998
91999
92003
92005
92016
92017
92022
92025
92062
92071
92071
92076
92078
92083
92093
92097
92104
92109
92145
92146
92148
92159
92171
92177
92179
92189
92197
92197
92203
92206
92206
92206
92208
92209
92217
92223
92227
92238
92248
92250
92300
92313
92314
92327
92327
92327
92332
92342
92359
92363
92377
92379
92401
92405
92405
92417
92420
92440
92447
92469
92481
92487
92490
92511
92517
92536
92546
92549
92550
92553
92564
92564
92568
92579
92595
92599
92606
92624
92668
92676
92681
92681
92683
92722
92746
92754
92756
92759
92776
92781
92798
92821
92836
92838
92854
92864
92876
92878
92886
92887
92926
92934
92938
92944
92944
92962
92972
92977
93012
93012
93018
93026
93034
93079
93105
93129
93129
93131
93142
93145
93159
93167
93169
93171
93179
93189
93194
93194
93207
93209
93245
93263
93265
93272
93273
93275
93284
93301
93339
93345
93352
93357
93367
93388
93400
93408
93410
93420
93436
93457
93458
93460
93463
93464
93468
93475
93481
93483
93484
93486
93488
93491
93491
93506
93527
93545
93558
93560
93571
93592
93599
93602
93628
93634
93649
93663
93675
93693
93711
93723
93746
93746
93753
93754
93761
93767
93782
93790
93798
93806
93810
93819
93821
93822
93826
93846
93860
93881
93882
93897
93912
93918
93924
93929
93939
93940
93942
93945
93947
93963
93966
93975
93977
93982
93984
93984
93996
93996
94008
94009
94021
94064
94073
94074
94102
94107
94135
94141
94151
94153
94153
94177
94179
94179
94182
94185
94198
94201
94204
94208
94233
94254
94268
94281
94285
94298
94303
94304
94309
94312
94326
94326
94339
94354
94369
94373
94374
94375
94378
94384
94393
94398
94403
94410
94415
94424
94427
94440
94452
94453
94463
94465
94480
94500
94505
94507
94509
94513
94525
94534
94541
94543
94543
94548
94558
94578
94587
94589
94614
94636
94638
94639
94641
94645
94678
94696
94715
94717
94720
94723
94729
94732
94746
94753
94766
94794
94810
94819
94849
94849
94855
94857
94865
94869
94879
94886
94889
94895
94906
94917
94919
94931
94939
94940
94952
94954
94954
94955
94959
94975
94981
94983
94986
94987
95002
95027
95029
95038
95056
95068
95077
95081
95082
95086
95093
95129
95158
95159
95159
95159
95164
95175
95182
95184
95196
95200
95207
95208
95209
95210
95219
95225
95245
95245
95253
95260
95284
95288
95297
95299
95304
95308
95309
95312
95315
95323
95330
95339
95340
95342
95363
95378
95382
95397
95407
95414
95417
95433
95448
95461
95475
95479
95486
95488
95499
95505
95529
95555
95557
95562
95573
95575
95596
95614
95617
95618
95638
95639
95641
95695
95699
95704
95706
95712
95720
95720
95721
95725
95733
95753
95753
95769
95769
95772
95782
95802
95819
95820
95843
95871
95873
95874
95877
95886
95908
95935
95954
95958
95960
95965
95968
95969
95975
95988
96012
96023
96026
96042
96042
96045
96053
96076
96082
96083
96090
96095
96105
96108
96115
96126
96145
96155
96157
96161
96174
96185
96205
96230
96242
96250
96272
96278
96298
96328
96332
96349
96353
96356
96359
96362
96383
96387
96403
96415
96416
96424
96426
96431
96431
96450
96465
96472
96481
96490
96492
96503
96507
96513
96527
96533
96537
96548
96557
96564
96564
96566
96568
96570
96574
96611
96639
96647
96649
96666
96666
96672
96678
96678
96690
96718
96738
96739
96751
96755
96757
96773
96784
96797
96798
96823
96826
96846
96866
96878
96881
96884
96892
96899
96901
96902
96904
96904
96908
96909
96928
96941
96953
96962
96970
96981
96981
96993
97002
97018
97036
97039
97043
97047
97062
97065
97073
97075
97086
97108
97109
97123
97140
97145
97168
97173
97178
97179
97183
97186
97204
97209
97213
97231
97264
97271
97279
97295
97306
97317
97329
97366
97412
97412
97418
97422
97444
97452
97473
97483
97486
97493
97494
97496
97508
97524
97527
97535
97557
97560
97580
97587
97590
97606
97615
97633
97643
97650
97653
97683
97688
97696
97696
97709
97730
97748
97749
97751
97759
97765
97766
97777
97788
97799
97819
97821
97822
97831
97848
97853
97873
97877
97888
97890
97915
97942
97953
97954
97955
97959
97975
97976
98019
98031
98033
98035
98053
98055
98058
98070
98079
98083
98113
98122
98125
98145
98160
98185
98202
98204
98211
98212
98217
98220
98251
98259
98275
98286
98293
98297
98305
98308
98359
98380
98385
98387
98400
98408
98415
98416
98425
98431
98432
98437
98441
98445
98454
98462
98462
98490
98493
98506
98514
98517
98526
98530
98531
98549
98585
98612
98625
98650
98657
98702
98752
98763
98780
98787
98790
98800
98817
98828
98834
98836
98853
98887
98897
98899
98921
98924
98924
98962
98977
98978
99034
99040
99045
99048
99051
99060
99080
99095
99113
99119
99130
99138
99161
99186
99186
99188
99201
99208
99214
99236
99259
99260
99263
99280
99302
99310
99312
99314
99314
99350
99372
99373
99376
99381
99386
99390
99392
99407
99426
99432
99460
99467
99479
99491
99499
99519
99526
99535
99541
99545
99566
99567
99604
99638
99640
99640
99642
99645
99647
99651
99654
99664
99690
99705
99723
99725
99727
99732
99734
99740
99751
99758
99762
99763
99765
99766
99788
99811
99824
99839
99850
99852
99858
99884
99894
99894
99902
99906
99921
99943
99955
99972
99982
99986
99989
99989
99993
