21
27
29
53
58
58
65
83
85
98
121
122
131
136
137
140
145
153
161
162
166
175
191
200
213
215
223
230
241
248
249
260
267
278
279
282
288
289
292
311
313
316
320
321
329
343
352
357
390
391
406
419
451
485
510
542
546
553
559
559
567
569
632
642
645
661
665
667
696
703
706
712
714
715
715
720
731
738
750
781
781
786
787
826
829
830
832
835
837
863
867
874
895
921
940
941
962
963
986
987
990
1002
1010
1018
1026
1050
1060
1063
1073
1076
1097
1108
1117
1122
1125
1128
1132
1132
1135
1147
1164
1166
1184
1188
1204
1204
1223
1227
1233
1233
1240
1241
1252
1255
1276
1316
1335
1349
1358
1360
1361
1374
1381
1394
1406
1426
1427
1430
1436
1440
1445
1449
1515
1519
1559
1563
1572
1586
1586
1598
1607
1609
1609
1617
1623
1633
1635
1641
1652
1657
1660
1667
1676
1678
1685
1694
1698
1702
1717
1726
1728
1741
1763
1772
1825
1830
1835
1849
1863
1872
1886
1900
1909
1931
1932
1932
1947
1951
1952
1954
1967
1972
1984
1988
1992
2015
2017
2029
2034
2056
2057
2068
2094
2137
2138
2142
2162
2182
2198
2201
2206
2207
2208
2224
2229
2236
2243
2247
2259
2265
2280
2283
2289
2293
2295
2295
2304
2334
2355
2373
2383
2387
2395
2412
2425
2436
2453
2455
2458
2461
2466
2473
2477
2483
2484
2491
2493
2527
2534
2544
2555
2575
2579
2582
2588
2597
2599
2601
2604
2607
2666
2680
2693
2711
2722
2725
2731
2770
2770
2781
2790
2796
2800
2830
2842
2846
2847
2863
2864
2876
2885
2898
2898
2902
2911
2926
2928
2941
2981
3018
3030
3045
3050
3089
3112
3135
3138
3145
3154
3158
3162
3178
3179
3181
3181
3183
3191
3194
3211
3229
3257
3297
3304
3308
3314
3321
3346
3350
3381
3383
3386
3387
3401
3403
3419
3435
3437
3437
3442
3446
3446
3462
3497
3502
3502
3513
3556
3592
3596
3602
3610
3614
3629
3639
3650
3686
3718
3725
3727
3769
3797
3801
3808
3811
3820
3841
3855
3857
3860
3861
3873
3889
3897
3902
3905
3923
3951
3963
3964
3965
3969
3978
3989
3991
3996
4039
4043
4053
4066
4081
4085
4088
4094
4102
4102
4119
4122
4125
4132
4148
4157
4162
4183
4190
4198
4205
4255
4259
4296
4298
4369
4413
4452
4455
4463
4465
4469
4528
4533
4563
4573
4583
4586
4586
4587
4589
4593
4613
4617
4629
4638
4645
4646
4647
4672
4680
4691
4692
4695
4700
4702
4707
4710
4767
4768
4784
4799
4800
4801
4805
4821
4852
4857
4870
4879
4907
4919
4930
4937
4938
4939
4958
4961
4965
4979
4997
5024
5024
5044
5045
5051
5054
5060
5092
5093
5105
5123
5127
5136
5137
5167
5169
5194
5195
5198
5206
5218
5226
5236
5280
5281
5294
5300
5305
5325
5333
5340
5340
5344
5352
5358
5375
5378
5380
5397
5398
5403
5411
5412
5456
5471
5484
5486
5489
5491
5494
5502
5508
5512
5513
5522
5531
5535
5553
5555
5566
5577
5583
5592
5594
5602
5607
5653
5656
5681
5688
5697
5710
5714
5716
5726
5727
5741
5748
5754
5755
5769
5789
5812
5819
5829
5841
5844
5860
5861
5882
5883
5886
5891
5905
5909
5933
5936
5938
5943
5961
5961
5967
5973
5980
5982
5992
5994
6001
6008
6012
6020
6036
6056
6059
6060
6064
6074
6084
6085
6093
6105
6115
6115
6127
6164
6172
6172
6195
6216
6232
6234
6244
6246
6260
6269
6270
6282
6284
6305
6305
6308
6323
6329
6329
6340
6342
6352
6353
6354
6365
6367
6368
6378
6394
6428
6451
6453
6454
6458
6468
6489
6497
6504
6509
6521
6539
6543
6546
6557
6557
6561
6574
6587
6590
6593
6594
6600
6615
6622
6632
6636
6650
6658
6666
6717
6718
6737
6738
6761
6770
6774
6780
6783
6791
6806
6812
6813
6814
6824
6851
6884
6909
6917
6939
6947
6964
6978
6981
6994
6998
7021
7034
7036
7050
7055
7057
7063
7065
7067
7098
7115
7133
7135
7136
7138
7139
7146
7148
7170
7171
7189
7194
7196
7218
7238
7239
7240
7246
7267
7273
7275
7281
7282
7289
7297
7304
7320
7323
7337
7338
7340
7347
7349
7352
7356
7367
7376
7391
7406
7412
7412
7419
7459
7468
7476
7479
7484
7490
7490
7522
7551
7552
7555
7556
7557
7559
7561
7590
7592
7597
7612
7620
7625
7627
7652
7667
7673
7709
7709
7730
7733
7734
7734
7748
7784
7789
7793
7804
7813
7814
7816
7835
7836
7848
7861
7872
7873
7873
7876
7898
7912
7940
7941
7952
7961
7962
7980
7981
7985
7986
7994
8003
8008
8008
8026
8026
8030
8036
8081
8093
8103
8114
8123
8126
8137
8145
8151
8163
8164
8165
8170
8183
8213
8213
8236
8238
8238
8241
8244
8247
8266
8266
8276
8284
8298
8302
8310
8321
8330
8335
8347
8351
8364
8382
8389
8398
8412
8414
8423
8425
8451
8469
8472
8520
8540
8561
8568
8580
8585
8610
8633
8633
8636
8636
8652
8665
8676
8683
8685
8690
8700
8723
8755
8762
8771
8790
8797
8817
8821
8839
8861
8879
8879
8885
8892
8894
8904
8915
8918
8922
8933
8960
8971
8973
8981
9000
9027
9046
9063
9087
9098
9102
9106
9107
9131
9140
9149
9163
9163
9179
9183
9215
9222
9233
9240
9243
9245
9255
9263
9277
9284
9293
9312
9314
9314
9334
9350
9353
9357
9370
9381
9410
9428
9430
9433
9437
9451
9465
9469
9486
9494
9497
9519
9534
9540
9544
9546
9553
9555
9557
9558
9567
9575
9577
9602
9606
9610
9634
9664
9707
9710
9712
9739
9747
9748
9754
9757
9776
9781
9781
9788
9799
9818
9819
9835
9847
9857
9873
9894
9896
9913
9920
9923
10015
10020
10022
10043
10067
10082
10084
10088
10091
10091
10104
10104
10110
10120
10131
10134
10134
10140
10153
10164
10177
10185
10187
10188
10200
10222
10237
10239
10262
10268
10274
10280
10285
10304
10321
10332
10346
10346
10347
10348
10353
10358
10385
10385
10404
10405
10414
10427
10443
10455
10461
10462
10483
10492
10505
10512
10513
10528
10549
10591
10597
10610
10619
10622
10640
10642
10656
10657
10671
10696
10704
10713
10715
10726
10763
10769
10777
10793
10802
10820
10855
10863
10868
10875
10883
10893
10895
10899
10900
10921
10930
10940
10948
10960
10970
10975
10986
10996
11002
11003
11013
11024
11042
11051
11056
11057
11068
11076
11077
11088
11089
11100
11112
11120
11126
11132
11143
11145
11163
11172
11178
11187
11198
11215
11234
11236
11278
11280
11284
11284
11302
11307
11335
11344
11347
11375
11394
11402
11406
11417
11418
11446
11456
11468
11474
11492
11502
11503
11505
11519
11520
11528
11529
11538
11545
11547
11560
11573
11589
11596
11611
11613
11619
11622
11624
11625
11634
11639
11641
11645
11690
11703
11703
11707
11718
11720
11724
11725
11734
11741
11747
11762
11764
11767
11779
11786
11801
11814
11820
11837
11839
11849
11858
11884
11886
11888
11892
11912
11935
11935
11952
11966
11975
11997
12002
12028
12042
12053
12087
12122
12167
12193
12202
12210
12233
12234
12243
12256
12271
12282
12286
12289
12290
12317
12328
12360
12373
12377
12386
12396
12405
12421
12432
12459
12465
12476
12477
12490
12501
12527
12529
12535
12539
12541
12546
12551
12553
12558
12565
12593
12604
12607
12650
12653
12654
12658
12666
12667
12673
12675
12675
12676
12691
12705
12712
12734
12753
12753
12792
12800
12804
12807
12820
12844
12846
12872
12878
12880
12883
12899
12921
12936
12946
12950
12951
12952
12963
12974
12979
12983
12989
12992
13001
13012
13018
13022
13033
13057
13074
13075
13076
13080
13081
13090
13117
13132
13145
13165
13174
13184
13200
13216
13221
13230
13246
13250
13262
13283
13334
13338
13343
13347
13351
13351
13354
13360
13370
13378
13385
13398
13401
13406
13408
13421
13427
13429
13431
13433
13458
13463
13463
13469
13470
13474
13476
13482
13488
13505
13519
13524
13524
13530
13543
13584
13599
13600
13602
13617
13619
13623
13623
13625
13650
13664
13687
13704
13705
13718
13720
13721
13732
13744
13745
13758
13781
13796
13802
13812
13815
13827
13842
13843
13851
13862
13863
13880
13902
13916
13931
13942
13955
13959
13990
13999
14000
14001
14012
14015
14016
14047
14052
14082
14101
14119
14127
14129
14130
14134
14171
14191
14195
14196
14199
14200
14248
14277
14304
14335
14352
14353
14353
14376
14402
14403
14433
14433
14445
14466
14468
14487
14489
14489
14491
14493
14504
14505
14509
14552
14552
14553
14557
14558
14570
14570
14571
14587
14590
14616
14616
14616
14626
14631
14643
14648
14657
14660
14674
14676
14695
14736
14738
14754
14754
14759
14773
14773
14775
14788
14790
14791
14796
14809
14822
14836
14854
14856
14869
14873
14874
14878
14880
14886
14893
14896
14936
14959
14968
14971
14972
14978
14978
14982
14984
15002
15019
15029
15031
15037
15044
15051
15059
15062
15067
15084
15087
15088
15090
15103
15108
15125
15126
15126
15129
15164
15175
15178
15179
15203
15220
15227
15252
15269
15278
15286
15309
15317
15319
15323
15325
15338
15342
15354
15360
15362
15367
15370
15419
15421
15437
15448
15451
15463
15478
15497
15504
15507
15529
15543
15568
15582
15615
15615
15621
15621
15627
15649
15661
15663
15664
15687
15688
15690
15697
15700
15706
15725
15729
15734
15735
15736
15750
15776
15779
15783
15785
15805
15808
15818
15826
15843
15844
15862
15866
15869
15876
15881
15881
15885
15891
15911
15917
15919
15919
15932
15938
15939
15953
15955
15955
15956
15956
15963
15964
15967
15978
15983
15999
16004
16043
16043
16050
16065
16077
16079
16083
16103
16120
16123
16137
16142
16147
16168
16168
16175
16193
16200
16219
16274
16296
16299
16305
16314
16333
16340
16361
16383
16424
16428
16450
16460
16462
16472
16499
16502
16502
16510
16510
16517
16522
16534
16542
16545
16576
16583
16588
16602
16608
16623
16631
16640
16657
16657
16678
16707
16733
16736
16739
16743
16746
16750
16753
16755
16759
16763
16795
16830
16833
16835
16856
16859
16870
16875
16877
16904
16910
16924
16940
16943
16950
16952
16962
16972
16989
16992
17002
17005
17026
17030
17031
17061
17069
17129
17135
17136
17144
17165
17168
17169
17190
17195
17201
17212
17240
17242
17256
17266
17292
17292
17304
17334
17334
17340
17369
17376
17386
17387
17403
17411
17421
17435
17440
17441
17454
17467
17480
17481
17489
17503
17510
17511
17521
17549
17566
17568
17568
17574
17579
17580
17590
17619
17622
17630
17636
17638
17654
17665
17667
17669
17694
17695
17705
17712
17739
17750
17767
17768
17772
17773
17776
17781
17809
17817
17827
17843
17854
17868
17870
17883
17892
17894
17894
17900
17908
17952
17958
17985
17988
18002
18013
18021
18025
18039
18039
18044
18070
18077
18084
18086
18100
18131
18140
18143
18154
18165
18172
18174
18175
18200
18210
18222
18223
18226
18252
18264
18274
18325
18330
18344
18356
18358
18367
18371
18375
18380
18384
18403
18403
18417
18422
18425
18429
18439
18444
18445
18456
18463
18478
18484
18492
18494
18514
18523
18542
18564
18564
18567
18574
18575
18589
18597
18615
18616
18621
18638
18638
18646
18647
18663
18663
18672
18691
18720
18724
18724
18729
18758
18759
18762
18796
18797
18798
18808
18812
18816
18829
18830
18832
18834
18842
18848
18872
18876
18878
18906
18907
18925
18933
18933
18936
18958
18987
18991
19013
19017
19033
19056
19064
19079
19085
19087
19088
19094
19105
19114
19120
19171
19176
19186
19194
19209
19210
19253
19253
19255
19261
19267
19274
19276
19302
19302
19303
19309
19321
19322
19336
19347
19371
19383
19393
19398
19415
19483
19488
19492
19494
19500
19511
19517
19540
19570
19585
19590
19597
19609
19659
19669
19670
19671
19699
19720
19723
19723
19724
19730
19745
19753
19754
19761
19768
19768
19793
19795
19815
19822
19828
19833
19837
19840
19852
19859
19866
19871
19876
19896
19927
19953
19978
20009
20014
20041
20051
20054
20081
20084
20092
20108
20112
20113
20124
20134
20134
20136
20147
20154
20171
20194
20197
20216
20227
20228
20229
20231
20239
20241
20249
20291
20295
20295
20303
20306
20313
20339
20362
20384
20393
20400
20402
20410
20417
20425
20430
20434
20450
20467
20468
20477
20483
20523
20586
20606
20646
20649
20672
20673
20680
20691
20695
20713
20714
20717
20729
20730
20732
20736
20751
20755
20787
20809
20812
20832
20876
20878
20883
20887
20889
20897
20904
20913
20915
20916
20950
20989
21015
21022
21028
21037
21043
21051
21055
21065
21109
21125
21161
21166
21189
21198
21231
21240
21247
21255
21264
21266
21267
21271
21288
21293
21298
21328
21346
21360
21363
21372
21402
21412
21444
21446
21471
21501
21503
21504
21506
21524
21528
21537
21560
21577
21582
21583
21585
21610
21622
21623
21624
21635
21641
21642
21648
21649
21653
21659
21665
21677
21692
21706
21720
21726
21727
21731
21739
21741
21741
21745
21763
21766
21767
21769
21775
21779
21784
21784
21784
21786
21788
21794
21800
21803
21812
21812
21817
21878
21900
21913
21930
21941
21969
21981
21990
21996
22007
22009
22021
22027
22040
22045
22072
22073
22081
22083
22089
22093
22105
22119
22133
22135
22179
22192
22194
22204
22217
22250
22252
22253
22254
22261
22267
22268
22270
22284
22293
22305
22311
22313
22316
22327
22327
22336
22338
22339
22344
22353
22354
22371
22378
22378
22407
22411
22418
22421
22424
22426
22427
22440
22443
22453
22460
22472
22485
22489
22516
22521
22538
22555
22562
22580
22595
22596
22600
22616
22619
22621
22644
22656
22656
22662
22678
22678
22680
22695
22706
22746
22778
22779
22780
22784
22795
22796
22808
22809
22815
22819
22836
22843
22848
22854
22858
22876
22888
22889
22915
22928
22942
22957
22976
22987
22993
22995
23007
23042
23062
23090
23091
23093
23101
23102
23104
23104
23105
23111
23111
23112
23112
23121
23127
23130
23136
23142
23154
23160
23164
23175
23185
23190
23192
23205
23207
23233
23233
23246
23247
23252
23259
23276
23277
23285
23294
23299
23320
23321
23332
23347
23347
23348
23367
23368
23387
23391
23400
23401
23410
23413
23440
23443
23464
23481
23483
23485
23490
23496
23514
23531
23545
23556
23582
23588
23600
23616
23655
23684
23697
23735
23744
23765
23766
23788
23793
23816
23832
23901
23901
23906
23920
23934
23935
23936
23937
23948
23953
23966
23976
23986
23989
24006
24009
24012
24016
24020
24022
24028
24031
24033
24051
24062
24074
24105
24110
24134
24144
24149
24151
24153
24156
24160
24163
24167
24192
24199
24213
24232
24239
24250
24250
24259
24264
24266
24273
24281
24285
24303
24314
24315
24320
24322
24330
24364
24420
24425
24430
24432
24438
24454
24455
24457
24459
24476
24479
24489
24503
24510
24517
24519
24532
24533
24567
24570
24584
24589
24603
24613
24622
24633
24637
24662
24665
24675
24681
24695
24697
24710
24723
24730
24730
24735
24754
24755
24757
24764
24773
24782
24784
24803
24844
24846
24849
24861
24865
24876
24889
24908
24927
24935
24941
24976
24977
24978
25009
25014
25020
25026
25031
25048
25050
25056
25109
25110
25117
25127
25136
25141
25148
25157
25160
25167
25171
25174
25217
25222
25232
25240
25264
25288
25301
25303
25337
25364
25384
25385
25393
25399
25411
25416
25425
25447
25447
25451
25458
25461
25472
25475
25481
25483
25493
25529
25534
25547
25558
25562
25572
25575
25581
25586
25589
25590
25603
25611
25650
25663
25678
25682
25693
25704
25705
25709
25718
25725
25734
25757
25769
25783
25791
25835
25845
25850
25862
25867
25870
25883
25884
25895
25932
25948
25950
25968
25969
25973
25997
26010
26012
26015
26025
26028
26038
26045
26046
26047
26052
26053
26062
26071
26076
26080
26080
26084
26085
26087
26092
26121
26122
26124
26158
26171
26198
26215
26218
26220
26224
26234
26237
26239
26257
26300
26300
26306
26312
26318
26329
26347
26352
26354
26379
26388
26404
26416
26427
26430
26442
26443
26449
26449
26453
26465
26466
26478
26484
26491
26506
26511
26515
26551
26564
26566
26581
26619
26632
26634
26637
26640
26653
26653
26661
26667
26681
26684
26702
26703
26711
26714
26715
26717
26722
26728
26739
26747
26773
26779
26791
26798
26817
26817
26847
26858
26873
26873
26880
26890
26893
26897
26899
26900
26918
26938
26942
26944
26961
26973
26978
26988
26999
27008
27014
27022
27030
27062
27094
27104
27125
27126
27139
27154
27155
27155
27200
27208
27211
27224
27270
27288
27304
27311
27331
27343
27358
27371
27384
27389
27399
27406
27415
27431
27435
27440
27465
27472
27473
27485
27488
27527
27536
27543
27552
27564
27582
27587
27595
27599
27620
27625
27627
27632
27637
27640
27652
27662
27676
27677
27679
27682
27689
27717
27719
27742
27757
27771
27780
27784
27793
27828
27837
27857
27867
27867
27901
27910
27913
27918
27927
27949
27959
27962
27966
27966
27972
27997
28014
28026
28034
28047
28048
28053
28059
28078
28080
28090
28092
28108
28115
28116
28117
28128
28144
28149
28163
28173
28180
28187
28192
28206
28211
28214
28228
28228
28234
28239
28247
28248
28259
28261
28263
28265
28325
28342
28362
28371
28387
28389
28432
28438
28442
28446
28453
28456
28468
28469
28473
28486
28503
28505
28522
28544
28544
28548
28552
28561
28566
28567
28571
28574
28576
28577
28581
28593
28617
28619
28625
28628
28635
28659
28660
28662
28678
28690
28691
28699
28704
28705
28705
28726
28747
28756
28758
28758
28773
28773
28789
28794
28808
28815
28822
28835
28837
28852
28861
28865
28876
28885
28886
28886
28902
28905
28922
28923
28944
28949
28957
28992
29004
29010
29018
29023
29028
29047
29048
29049
29074
29075
29091
29099
29119
29119
29148
29150
29162
29168
29173
29193
29199
29217
29218
29220
29225
29225
29272
29329
29348
29360
29365
29367
29369
29378
29383
29386
29395
29400
29401
29412
29417
29438
29447
29447
29455
29466
29466
29478
29483
29486
29497
29497
29508
29529
29531
29542
29556
29557
29558
29558
29559
29574
29584
29631
29632
29635
29637
29640
29643
29653
29667
29671
29675
29706
29712
29733
29733
29748
29754
29756
29779
29779
29786
29822
29826
29833
29834
29854
29854
29902
29904
29914
29917
29934
29941
29955
29960
29974
29979
29986
30009
30016
30038
30063
30075
30077
30084
30099
30121
30131
30140
30156
30156
30182
30216
30244
30263
30271
30272
30276
30283
30290
30291
30295
30297
30313
30314
30318
30319
30333
30347
30350
30360
30371
30377
30379
30390
30394
30402
30403
30405
30417
30418
30431
30438
30451
30456
30458
30467
30475
30479
30488
30500
30530
30530
30549
30564
30575
30593
30608
30616
30620
30621
30632
30646
30651
30673
30678
30691
30722
30726
30728
30743
30754
30756
30774
30780
30783
30789
30824
30835
30837
30841
30844
30855
30863
30887
30895
30915
30935
30935
30944
30952
30953
30964
30972
30976
31004
31011
31026
31037
31043
31047
31069
31073
31098
31104
31107
31115
31125
31150
31158
31160
31166
31196
31200
31205
31213
31215
31235
31241
31244
31249
31251
31263
31269
31274
31308
31315
31329
31331
31366
31375
31382
31384
31421
31428
31432
31435
31443
31474
31479
31486
31497
31501
31522
31540
31549
31549
31556
31561
31564
31566
31593
31594
31595
31611
31620
31627
31631
31640
31644
31662
31675
31676
31677
31678
31697
31707
31714
31726
31749
31749
31764
31805
31812
31814
31844
31852
31853
31861
31895
31898
31906
31925
31944
31944
31955
31972
31974
31981
31985
31995
31996
32002
32026
32043
32056
32071
32083
32086
32123
32130
32149
32167
32176
32176
32184
32185
32246
32249
32257
32259
32263
32266
32282
32282
32286
32287
32289
32302
32319
32339
32340
32372
32374
32377
32415
32418
32420
32440
32454
32457
32469
32488
32508
32510
32513
32520
32536
32545
32551
32564
32565
32568
32574
32576
32595
32596
32600
32610
32616
32623
32647
32665
32666
32692
32713
32719
32724
32734
32734
32757
32758
32761
32765
32766
32768
32771
32784
32793
32816
32825
32825
32851
32854
32862
32871
32917
32927
32953
32967
32967
32982
32983
32995
32997
33004
33051
33054
33086
33088
33111
33111
33112
33138
33155
33156
33161
33164
33164
33170
33173
33175
33180
33187
33196
33206
33212
33214
33217
33218
33220
33236
33236
33241
33242
33269
33274
33293
33296
33298
33310
33318
33330
33349
33354
33376
33376
33380
33385
33406
33414
33438
33466
33471
33486
33491
33505
33510
33517
33531
33533
33543
33544
33552
33558
33558
33572
33588
33595
33599
33604
33618
33620
33621
33622
33626
33640
33662
33685
33695
33703
33704
33747
33761
33773
33781
33784
33790
33795
33800
33801
33822
33834
33845
33850
33851
33871
33874
33878
33888
33895
33898
33898
33901
33926
33930
33948
33960
33966
33978
33993
33995
34006
34018
34019
34024
34051
34057
34069
34070
34101
34104
34104
34104
34107
34153
34161
34172
34197
34205
34214
34218
34218
34226
34242
34247
34254
34258
34259
34260
34265
34291
34301
34305
34321
34334
34341
34356
34361
34377
34420
34427
34446
34446
34448
34452
34455
34458
34476
34494
34501
34501
34504
34511
34515
34519
34524
34541
34542
34545
34563
34580
34583
34598
34608
34620
34622
34626
34650
34654
34662
34663
34672
34683
34693
34707
34707
34708
34710
34713
34721
34731
34745
34749
34754
34766
34777
34779
34786
34793
34802
34804
34808
34812
34824
34835
34856
34858
34898
34899
34922
34928
34929
34934
34940
34948
34951
34951
34957
35024
35035
35036
35040
35067
35069
35074
35084
35084
35095
35096
35108
35113
35146
35174
35196
35229
35236
35250
35257
35261
35286
35287
35295
35331
35382
35382
35385
35387
35406
35408
35422
35424
35425
35433
35443
35443
35454
35462
35484
35516
35538
35541
35543
35558
35563
35575
35589
35589
35631
35664
35669
35682
35687
35688
35696
35699
35716
35721
35730
35730
35732
35734
35740
35745
35746
35777
35794
35796
35801
35815
35821
35823
35853
35869
35869
35870
35876
35930
35941
35944
35945
35962
35983
35983
36000
36002
36017
36023
36036
36040
36084
36090
36099
36106
36112
36120
36120
36124
36125
36148
36148
36196
36202
36248
36250
36258
36263
36264
36286
36301
36304
36307
36311
36320
36322
36325
36325
36327
36337
36337
36345
36359
36376
36386
36401
36408
36430
36443
36472
36475
36506
36515
36525
36530
36530
36536
36550
36552
36569
36570
36596
36612
36618
36626
36627
36644
36645
36650
36657
36659
36660
36664
36678
36685
36709
36718
36732
36735
36740
36742
36751
36753
36756
36760
36773
36811
36811
36819
36820
36823
36852
36855
36859
36870
36875
36878
36878
36879
36917
36939
36941
36942
36942
36950
36954
36967
36979
36980
36999
37024
37029
37044
37044
37049
37084
37095
37096
37100
37105
37142
37143
37147
37149
37155
37159
37166
37174
37198
37212
37238
37240
37262
37269
37277
37280
37281
37297
37320
37325
37328
37333
37335
37344
37355
37355
37374
37392
37420
37432
37435
37438
37451
37462
37463
37475
37479
37488
37505
37509
37517
37519
37521
37531
37536
37541
37546
37558
37587
37596
37601
37608
37625
37640
37644
37647
37663
37664
37676
37690
37699
37706
37726
37732
37739
37749
37753
37787
37789
37789
37790
37796
37806
37811
37817
37835
37849
37856
37874
37887
37888
37895
37926
37928
37932
37965
37978
37987
38015
38021
38031
38034
38063
38076
38094
38102
38107
38113
38145
38163
38191
38193
38202
38204
38209
38214
38214
38226
38226
38238
38243
38251
38261
38261
38267
38279
38295
38312
38323
38338
38338
38351
38366
38370
38377
38383
38387
38403
38416
38418
38455
38464
38472
38478
38478
38482
38487
38492
38500
38501
38509
38511
38528
38540
38561
38562
38564
38568
38571
38580
38588
38590
38597
38617
38635
38639
38666
38677
38681
38682
38684
38691
38693
38696
38700
38711
38712
38720
38731
38736
38753
38756
38775
38817
38820
38849
38852
38873
38889
38897
38907
38910
38923
38951
38959
38960
39010
39016
39038
39041
39059
39073
39080
39082
39082
39104
39127
39144
39169
39171
39173
39181
39191
39191
39209
39236
39252
39256
39273
39276
39280
39285
39288
39292
39301
39306
39313
39324
39328
39332
39344
39363
39371
39384
39396
39412
39429
39429
39434
39453
39490
39505
39519
39541
39543
39551
39557
39562
39566
39596
39628
39641
39643
39643
39666
39668
39672
39675
39685
39688
39694
39699
39751
39755
39773
39774
39781
39791
39808
39829
39847
39850
39856
39859
39868
39915
39918
39925
39927
39956
39976
39984
39987
40005
40007
40008
40018
40019
40036
40036
40044
40073
40082
40084
40096
40098
40114
40120
40120
40123
40157
40159
40162
40173
40177
40194
40198
40201
40209
40220
40263
40265
40286
40324
40328
40330
40331
40334
40386
40409
40427
40427
40429
40432
40468
40491
40495
40511
40537
40572
40575
40582
40586
40590
40592
40625
40633
40637
40648
40664
40665
40674
40695
40700
40739
40750
40751
40759
40760
40761
40793
40803
40821
40826
40833
40838
40845
40852
40860
40861
40875
40894
40898
40905
40906
40918
40919
40925
40983
40992
41001
41011
41063
41129
41133
41186
41195
41195
41233
41237
41243
41250
41263
41276
41293
41335
41347
41348
41387
41433
41443
41445
41446
41470
41476
41482
41490
41506
41529
41534
41560
41566
41576
41585
41588
41589
41602
41607
41609
41614
41627
41639
41639
41649
41655
41661
41665
41672
41696
41713
41718
41737
41737
41740
41741
41766
41786
41793
41801
41829
41839
41840
41844
41860
41863
41882
41887
41889
41896
41896
41903
41921
41932
41944
41948
41955
41958
41962
41981
41983
41985
41987
42005
42020
42028
42031
42036
42039
42041
42056
42060
42102
42121
42122
42129
42142
42148
42148
42148
42149
42169
42182
42192
42193
42195
42195
42209
42215
42230
42231
42237
42237
42259
42308
42319
42326
42335
42336
42338
42352
42359
42364
42394
42400
42402
42426
42433
42462
42470
42471
42476
42486
42513
42515
42581
42592
42595
42628
42643
42665
42666
42673
42674
42674
42688
42720
42738
42769
42778
42800
42801
42810
42811
42868
42900
42900
42907
42911
42947
42949
42953
42959
42961
42968
42971
42971
42972
43003
43013
43033
43045
43060
43088
43089
43094
43099
43112
43132
43134
43134
43149
43150
43150
43157
43161
43175
43177
43185
43194
43199
43224
43234
43242
43252
43255
43260
43268
43269
43276
43289
43290
43295
43308
43320
43338
43371
43375
43376
43378
43396
43398
43413
43427
43442
43454
43457
43465
43467
43473
43475
43476
43478
43484
43493
43508
43509
43510
43511
43517
43520
43533
43534
43534
43534
43568
43581
43585
43594
43601
43605
43606
43606
43624
43629
43630
43633
43634
43638
43648
43649
43651
43667
43672
43673
43679
43679
43682
43685
43710
43726
43727
43734
43738
43763
43768
43779
43792
43793
43798
43799
43801
43815
43828
43845
43855
43859
43861
43873
43886
43891
43898
43900
43908
43914
43918
43947
43957
43960
43964
43979
43990
43993
44003
44010
44012
44024
44079
44080
44085
44122
44123
44130
44130
44144
44144
44161
44181
44186
44190
44193
44204
44215
44216
44217
44219
44230
44236
44237
44238
44239
44251
44272
44275
44280
44282
44289
44289
44298
44304
44328
44352
44373
44375
44376
44389
44390
44397
44417
44435
44440
44443
44445
44447
44455
44471
44471
44474
44474
44476
44478
44483
44487
44495
44500
44526
44529
44534
44544
44558
44559
44563
44563
44564
44565
44571
44585
44595
44621
44621
44625
44630
44654
44662
44663
44673
44680
44681
44691
44694
44699
44702
44711
44719
44730
44732
44733
44740
44740
44741
44754
44783
44797
44812
44815
44844
44845
44849
44858
44863
44882
44891
44892
44905
44908
44923
44924
44970
44998
45006
45033
45040
45051
45065
45082
45100
45105
45115
45120
45126
45128
45142
45143
45156
45162
45166
45175
45181
45187
45203
45210
45218
45231
45239
45251
45275
45275
45282
45282
45284
45286
45327
45339
45344
45360
45390
45391
45415
45420
45436
45456
45457
45458
45461
45461
45467
45486
45509
45521
45538
45542
45558
45564
45566
45576
45577
45580
45582
45586
45591
45621
45631
45632
45633
45654
45654
45668
45670
45675
45677
45678
45690
45690
45697
45704
45710
45715
45717
45726
45730
45735
45743
45757
45769
45769
45771
45777
45790
45791
45853
45853
45858
45863
45868
45868
45870
45883
45902
45917
45933
45976
45982
45985
45988
46005
46008
46012
46013
46014
46033
46047
46056
46059
46066
46080
46085
46121
46124
46131
46141
46144
46159
46159
46164
46179
46195
46215
46219
46221
46234
46251
46255
46261
46300
46315
46333
46339
46366
46368
46373
46382
46407
46437
46438
46438
46450
46465
46472
46473
46484
46492
46506
46517
46538
46541
46547
46548
46554
46565
46565
46572
46574
46583
46593
46594
46623
46626
46627
46629
46641
46643
46650
46651
46664
46666
46671
46685
46701
46727
46738
46762
46778
46799
46807
46809
46810
46814
46823
46869
46886
46895
46901
46951
46973
47024
47026
47030
47035
47045
47050
47077
47089
47091
47097
47102
47106
47111
47112
47115
47125
47126
47142
47145
47146
47154
47169
47170
47200
47210
47213
47226
47231
47234
47235
47255
47277
47285
47285
47296
47330
47334
47340
47342
47347
47360
47367
47376
47382
47396
47398
47425
47450
47456
47464
47467
47476
47486
47487
47491
47492
47494
47503
47523
47525
47534
47538
47549
47552
47561
47567
47579
47603
47636
47662
47664
47667
47686
47688
47690
47695
47697
47711
47714
47718
47720
47723
47737
47740
47745
47749
47764
47767
47782
47786
47794
47798
47808
47834
47842
47862
47869
47872
47873
47877
47912
47937
47942
47944
47951
47975
48014
48014
48021
48022
48037
48071
48079
48089
48098
48129
48141
48146
48149
48151
48155
48166
48170
48196
48197
48200
48215
48223
48227
48245
48249
48263
48274
48274
48277
48289
48293
48295
48310
48325
48327
48342
48351
48382
48390
48413
48420
48421
48433
48436
48441
48451
48456
48468
48476
48479
48482
48491
48495
48498
48499
48520
48549
48557
48562
48600
48605
48628
48633
48642
48647
48661
48664
48685
48714
48721
48725
48727
48732
48736
48741
48741
48749
48763
48769
48793
48816
48820
48832
48834
48857
48882
48907
48916
48947
48950
48967
48995
49025
49032
49046
49055
49075
49092
49102
49106
49106
49112
49121
49125
49125
49133
49136
49137
49143
49146
49150
49154
49164
49170
49185
49187
49192
49206
49209
49215
49219
49225
49240
49249
49253
49263
49276
49285
49285
49294
49294
49302
49347
49349
49351
49358
49371
49374
49374
49377
49378
49394
49400
49406
49406
49416
49422
49428
49434
49438
49451
49456
49464
49470
49477
49479
49485
49490
49493
49509
49511
49513
49518
49535
49536
49537
49550
49565
49575
49577
49579
49586
49587
49587
49612
49633
49636
49637
49642
49660
49664
49668
49672
49674
49696
49702
49703
49710
49729
49731
49750
49752
49756
49762
49780
49781
49801
49823
49829
49833
49840
49859
49870
49874
49881
49887
49921
49934
49960
49965
49966
49980
49982
50004
50008
50014
50021
50023
50025
50034
50057
50059
50062
50063
50065
50102
50113
50117
50123
50132
50133
50134
50171
50187
50192
50193
50199
50204
50226
50232
50240
50244
50251
50263
50271
50279
50280
50285
50310
50318
50323
50340
50363
50367
50374
50378
50386
50391
50393
50399
50402
50404
50408
50437
50443
50443
50451
50469
50475
50483
50490
50492
50496
50500
50506
50517
50540
50573
50576
50580
50590
50597
50614
50616
50634
50655
50660
50662
50681
50685
50689
50690
50693
50697
50710
50726
50727
50741
50744
50758
50774
50786
50788
50788
50803
50804
50826
50843
50847
50847
50850
50859
50860
50865
50880
50886
50888
50907
50917
50920
50922
50936
50937
50938
50949
50958
50965
50967
50969
50970
50976
50992
51006
51035
51047
51050
51076
51125
51134
51156
51164
51167
51169
51197
51201
51210
51256
51266
51266
51270
51281
51281
51282
51285
51296
51297
51309
51320
51321
51326
51349
51355
51363
51372
51407
51412
51417
51420
51421
51422
51434
51441
51457
51457
51472
51474
51498
51514
51521
51522
51524
51531
51538
51550
51572
51589
51601
51617
51633
51634
51640
51668
51683
51684
51687
51690
51691
51703
51708
51710
51714
51719
51724
51732
51736
51749
51755
51756
51781
51782
51794
51798
51800
51800
51804
51823
51827
51828
51832
51892
51902
51934
51949
51955
51962
52010
52011
52049
52051
52060
52061
52065
52068
52068
52070
52087
52151
52158
52193
52198
52200
52210
52215
52220
52249
52253
52261
52277
52280
52291
52307
52308
52344
52362
52370
52373
52377
52379
52390
52407
52430
52431
52453
52458
52461
52461
52462
52466
52473
52482
52485
52491
52496
52506
52517
52522
52539
52581
52584
52585
52590
52596
52598
52607
52612
52616
52618
52635
52639
52646
52663
52681
52683
52684
52697
52730
52747
52747
52748
52760
52763
52766
52768
52774
52788
52801
52812
52813
52825
52837
52844
52846
52846
52853
52860
52870
52872
52878
52881
52894
52915
52918
52921
52924
52936
52951
52954
52955
52963
52963
52971
52975
52977
52977
52982
52983
52984
53005
53023
53046
53082
53084
53105
53109
53113
53129
53132
53143
53195
53198
53209
53217
53221
53229
53244
53249
53254
53254
53260
53298
53302
53309
53319
53328
53328
53329
53338
53339
53352
53360
53365
53371
53373
53378
53381
53395
53409
53412
53416
53424
53428
53448
53452
53467
53473
53476
53523
53542
53554
53557
53562
53572
53600
53600
53604
53612
53622
53623
53629
53632
53639
53642
53656
53671
53689
53698
53702
53706
53711
53717
53717
53719
53722
53740
53753
53755
53768
53769
53781
53793
53807
53811
53818
53823
53824
53827
53835
53853
53915
53920
53921
53929
53954
53977
53982
53996
54007
54010
54013
54014
54041
54052
54060
54068
54090
54099
54113
54114
54116
54123
54124
54130
54146
54147
54167
54182
54194
54200
54203
54210
54224
54228
54241
54242
54276
54277
54281
54281
54295
54306
54321
54334
54347
54351
54385
54393
54394
54400
54413
54416
54419
54420
54429
54442
54452
54459
54463
54466
54496
54512
54526
54539
54560
54564
54565
54581
54582
54586
54586
54589
54592
54607
54609
54621
54622
54627
54645
54645
54661
54669
54681
54702
54705
54711
54711
54714
54718
54728
54761
54761
54770
54809
54822
54831
54838
54861
54861
54865
54882
54897
54899
54899
54908
54910
54914
54949
54951
54953
54964
54977
54995
55000
55001
55009
55024
55034
55037
55042
55046
55050
55056
55064
55079
55090
55102
55106
55109
55121
55122
55125
55131
55140
55145
55155
55174
55175
55188
55212
55218
55219
55229
55239
55242
55243
55275
55285
55301
55328
55335
55347
55368
55372
55387
55387
55389
55398
55413
55417
55465
55470
55472
55479
55487
55494
55496
55496
55509
55516
55530
55565
55574
55601
55601
55609
55614
55622
55635
55642
55652
55655
55697
55709
55725
55732
55739
55746
55753
55761
55766
55773
55787
55792
55846
55846
55847
55862
55902
55929
55941
55941
55953
55957
55957
55958
55980
56012
56033
56072
56087
56091
56094
56106
56110
56112
56130
56140
56156
56167
56175
56201
56219
56226
56233
56235
56235
56243
56253
56256
56266
56269
56270
56275
56276
56304
56332
56348
56377
56378
56383
56384
56415
56418
56427
56432
56437
56464
56471
56477
56478
56499
56546
56551
56552
56555
56560
56568
56572
56574
56577
56591
56597
56602
56614
56618
56621
56632
56637
56639
56641
56669
56679
56685
56686
56702
56710
56717
56724
56736
56737
56781
56793
56799
56804
56836
56863
56874
56892
56895
56903
56904
56909
56910
56916
56937
56943
56953
56978
56983
56985
56985
56994
56996
57001
57007
57044
57050
57052
57065
57083
57095
57095
57098
57099
57110
57123
57123
57133
57149
57161
57161
57180
57184
57196
57197
57232
57238
57243
57243
57244
57267
57278
57281
57299
57307
57312
57314
57317
57325
57326
57349
57378
57392
57401
57402
57407
57416
57419
57420
57420
57425
57441
57442
57481
57498
57504
57510
57520
57530
57540
57545
57549
57563
57574
57581
57593
57594
57598
57602
57612
57627
57627
57643
57649
57649
57653
57656
57673
57682
57712
57715
57715
57731
57732
57733
57738
57740
57741
57745
57760
57784
57784
57807
57825
57835
57839
57843
57856
57867
57869
57892
57893
57901
57911
57937
57970
58001
58003
58007
58026
58049
58054
58055
58073
58079
58079
58080
58086
58094
58096
58098
58100
58120
58127
58135
58136
58151
58158
58161
58164
58173
58175
58175
58182
58189
58200
58201
58202
58207
58211
58214
58235
58237
58242
58267
58279
58312
58322
58326
58350
58351
58357
58365
58370
58376
58402
58405
58411
58424
58425
58432
58438
58443
58467
58476
58511
58513
58515
58540
58547
58548
58563
58564
58599
58612
58633
58639
58671
58675
58690
58704
58711
58711
58713
58744
58751
58764
58805
58817
58827
58828
58838
58840
58863
58890
58921
58924
58942
58943
58955
58963
58964
58996
59002
59012
59015
59054
59062
59089
59112
59129
59132
59132
59133
59134
59135
59140
59159
59176
59207
59209
59217
59231
59236
59245
59245
59246
59259
59275
59283
59299
59301
59304
59309
59327
59329
59350
59361
59372
59382
59393
59397
59408
59410
59427
59442
59452
59455
59461
59468
59486
59504
59510
59513
59527
59530
59537
59541
59545
59546
59557
59561
59580
59594
59599
59609
59621
59623
59640
59647
59652
59662
59677
59679
59690
59695
59706
59716
59718
59732
59746
59747
59756
59758
59773
59773
59802
59808
59826
59837
59839
59841
59847
59852
59853
59857
59858
59869
59869
59870
59876
59893
59903
59913
59918
59923
59924
59927
59936
59954
59967
59971
59973
59975
59978
59988
60030
60037
60046
60057
60085
60086
60112
60148
60161
60165
60172
60180
60185
60222
60235
60239
60264
60278
60284
60290
60298
60314
60329
60346
60346
60357
60394
60397
60398
60404
60430
60432
60444
60454
60473
60480
60483
60486
60498
60507
60510
60521
60523
60533
60544
60575
60585
60589
60589
60596
60598
60598
60610
60635
60641
60675
60685
60690
60706
60707
60715
60719
60721
60730
60754
60759
60769
60769
60776
60777
60778
60780
60789
60802
60803
60803
60811
60813
60832
60846
60858
60862
60893
60895
60898
60900
60903
60919
60926
60929
60929
60932
60935
60946
60950
60950
60951
60956
60957
60962
60964
60965
60973
60975
60979
61016
61020
61022
61048
61048
61054
61067
61074
61078
61097
61097
61099
61100
61112
61121
61124
61132
61143
61163
61174
61178
61200
61200
61216
61225
61236
61250
61252
61252
61253
61271
61281
61302
61309
61335
61337
61345
61346
61354
61417
61426
61442
61444
61446
61458
61469
61470
61472
61473
61477
61481
61494
61496
61506
61510
61510
61524
61541
61552
61568
61576
61577
61579
61590
61597
61611
61619
61620
61626
61626
61633
61662
61681
61688
61717
61718
61771
61781
61782
61788
61795
61801
61806
61808
61826
61832
61855
61862
61873
61873
61880
61887
61909
61931
61943
61955
62027
62036
62046
62052
62097
62129
62135
62139
62152
62156
62165
62165
62172
62185
62204
62237
62240
62298
62317
62326
62335
62343
62344
62354
62355
62362
62371
62373
62373
62392
62427
62430
62440
62494
62495
62498
62499
62523
62533
62542
62546
62567
62578
62579
62589
62599
62602
62613
62665
62676
62683
62687
62695
62697
62700
62701
62715
62719
62722
62724
62750
62753
62758
62795
62805
62813
62815
62815
62817
62823
62862
62865
62877
62881
62882
62890
62894
62896
62930
62957
62973
62979
62997
63005
63006
63011
63014
63015
63030
63042
63056
63070
63081
63112
63112
63123
63125
63126
63130
63142
63145
63146
63146
63157
63165
63177
63189
63215
63226
63229
63238
63258
63267
63270
63292
63312
63318
63321
63334
63367
63375
63394
63396
63399
63409
63420
63436
63438
63454
63467
63505
63506
63535
63545
63548
63558
63558
63563
63576
63608
63622
63642
63651
63675
63677
63682
63692
63704
63711
63714
63716
63730
63737
63742
63753
63758
63780
63787
63794
63806
63820
63822
63836
63839
63843
63853
63861
63897
63900
63903
63960
63969
63993
63993
63993
64002
64005
64026
64034
64049
64060
64061
64070
64070
64071
64082
64083
64103
64105
64106
64114
64116
64118
64122
64130
64140
64145
64159
64161
64170
64171
64177
64177
64187
64195
64203
64204
64222
64222
64257
64276
64278
64281
64283
64291
64295
64296
64311
64323
64339
64349
64353
64358
64368
64377
64386
64403
64407
64408
64417
64420
64455
64461
64462
64465
64498
64501
64521
64555
64556
64614
64617
64642
64643
64671
64689
64693
64722
64737
64739
64740
64749
64757
64759
64762
64774
64777
64787
64800
64808
64817
64820
64822
64826
64826
64845
64866
64866
64877
64878
64887
64898
64907
64913
64924
64925
64925
64946
64961
64967
64967
64970
64972
64995
64996
64999
65012
65036
65047
65047
65054
65059
65064
65113
65126
65132
65132
65156
65183
65208
65208
65221
65221
65235
65281
65283
65283
65287
65287
65288
65324
65330
65332
65334
65341
65352
65361
65397
65400
65411
65412
65412
65415
65415
65438
65443
65450
65479
65491
65498
65503
65507
65523
65526
65569
65589
65592
65599
65609
65623
65643
65659
65661
65667
65671
65682
65690
65697
65712
65723
65724
65725
65726
65757
65766
65782
65785
65791
65795
65797
65810
65816
65825
65833
65843
65844
65848
65851
65864
65868
65874
65889
65899
65909
65920
65920
65945
65951
65954
65959
65972
65981
65982
65987
65994
66002
66022
66024
66030
66036
66067
66068
66088
66091
66094
66110
66115
66117
66137
66145
66152
66158
66168
66195
66209
66220
66221
66227
66233
66242
66251
66256
66280
66284
66299
66302
66316
66322
66337
66344
66360
66363
66372
66372
66379
66380
66407
66425
66433
66442
66475
66480
66486
66487
66491
66505
66524
66525
66553
66554
66574
66612
66616
66616
66618
66622
66623
66635
66699
66733
66753
66755
66762
66779
66782
66785
66787
66795
66798
66816
66848
66852
66865
66867
66868
66872
66872
66873
66900
66900
66905
66920
66932
66934
66941
66962
66969
66985
66989
66992
66994
67001
67028
67029
67029
67041
67042
67042
67047
67051
67054
67066
67071
67089
67090
67107
67131
67141
67143
67155
67164
67173
67174
67177
67191
67198
67213
67220
67222
67231
67242
67247
67263
67278
67282
67283
67286
67312
67324
67331
67342
67349
67363
67373
67385
67394
67411
67417
67457
67474
67478
67532
67540
67545
67557
67567
67567
67569
67573
67593
67600
67609
67648
67651
67673
67691
67701
67706
67709
67720
67726
67748
67767
67774
67816
67820
67824
67847
67860
67867
67872
67880
67881
67881
67889
67903
67909
67912
67927
67932
67942
67952
67959
67962
67967
67967
67969
67971
67973
67995
68002
68053
68062
68063
68072
68083
68092
68096
68099
68102
68104
68115
68122
68123
68127
68131
68172
68186
68194
68206
68207
68232
68234
68240
68248
68257
68266
68283
68295
68302
68305
68314
68324
68328
68344
68352
68371
68375
68391
68398
68405
68409
68416
68425
68435
68442
68453
68457
68471
68475
68480
68498
68499
68499
68530
68544
68546
68549
68558
68563
68565
68568
68570
68585
68599
68611
68620
68620
68621
68625
68678
68684
68701
68705
68730
68758
68764
68767
68772
68779
68780
68789
68793
68795
68801
68804
68820
68821
68827
68831
68835
68837
68845
68845
68858
68861
68862
68879
68879
68896
68901
68920
68927
68937
68948
68981
68982
68989
68996
68997
69003
69020
69026
69036
69060
69065
69101
69112
69147
69168
69174
69199
69212
69216
69219
69223
69254
69262
69283
69285
69285
69289
69290
69295
69302
69305
69313
69313
69329
69335
69349
69353
69356
69360
69362
69363
69375
69378
69383
69389
69392
69424
69443
69448
69456
69471
69479
69495
69500
69503
69524
69531
69540
69542
69563
69565
69569
69581
69582
69583
69594
69608
69609
69619
69622
69625
69633
69651
69652
69665
69666
69671
69678
69679
69704
69721
69736
69743
69747
69776
69777
69779
69845
69849
69865
69869
69870
69884
69890
69893
69896
69910
69927
69933
69941
69966
69967
70016
70022
70048
70082
70086
70092
70109
70113
70118
70139
70140
70155
70170
70176
70179
70190
70193
70207
70207
70214
70217
70224
70227
70228
70252
70256
70260
70286
70287
70292
70296
70309
70315
70321
70330
70336
70344
70377
70382
70382
70388
70389
70413
70425
70456
70460
70461
70475
70489
70491
70501
70513
70521
70523
70527
70544
70554
70556
70562
70575
70576
70580
70585
70602
70605
70607
70613
70617
70623
70638
70643
70649
70649
70649
70670
70671
70684
70688
70690
70694
70710
70714
70718
70718
70731
70732
70757
70785
70792
70818
70838
70843
70849
70857
70863
70901
70911
70917
70927
70933
70942
70969
70973
70974
70977
70983
70989
71046
71049
71065
71067
71090
71105
71124
71136
71162
71171
71175
71225
71227
71240
71251
71255
71255
71259
71263
71291
71296
71346
71355
71372
71373
71373
71386
71395
71399
71403
71411
71429
71431
71449
71453
71474
71488
71499
71508
71511
71527
71528
71530
71535
71545
71551
71559
71606
71611
71637
71662
71671
71678
71689
71701
71703
71722
71724
71733
71743
71750
71759
71765
71781
71784
71784
71787
71817
71826
71831
71840
71845
71845
71862
71875
71879
71882
71892
71894
71895
71902
71907
71914
71914
71915
71920
71923
71930
71950
71968
71976
71977
71985
71995
72006
72013
72013
72016
72021
72024
72051
72059
72090
72090
72099
72106
72109
72115
72126
72129
72157
72162
72163
72166
72171
72175
72176
72180
72188
72192
72198
72202
72203
72207
72230
72238
72240
72260
72268
72278
72293
72335
72337
72363
72376
72376
72380
72393
72401
72403
72424
72426
72503
72523
72537
72539
72548
72558
72558
72577
72584
72590
72605
72605
72608
72634
72642
72660
72661
72672
72676
72696
72702
72709
72711
72716
72798
72806
72807
72813
72816
72839
72857
72866
72875
72877
72896
72914
72922
72931
72947
72959
72967
72978
72996
72999
73020
73028
73045
73045
73048
73057
73059
73063
73068
73069
73082
73100
73108
73109
73158
73198
73209
73214
73214
73224
73231
73245
73248
73278
73281
73293
73296
73297
73301
73310
73319
73321
73347
73389
73394
73397
73399
73399
73418
73425
73428
73440
73466
73508
73513
73525
73525
73551
73557
73559
73563
73570
73594
73603
73605
73608
73612
73634
73640
73652
73654
73656
73673
73681
73693
73703
73726
73738
73741
73750
73759
73760
73784
73797
73809
73813
73817
73818
73828
73830
73836
73845
73846
73850
73861
73868
73888
73944
73944
73945
73948
73951
73968
73972
73979
73992
74008
74021
74039
74048
74049
74085
74089
74093
74104
74106
74120
74125
74140
74148
74196
74201
74201
74206
74208
74215
74243
74252
74256
74274
74283
74286
74295
74302
74319
74342
74351
74355
74370
74372
74374
74416
74417
74435
74445
74450
74456
74456
74487
74504
74524
74535
74556
74563
74568
74575
74579
74579
74583
74601
74609
74616
74624
74637
74641
74654
74654
74656
74664
74666
74668
74681
74689
74689
74697
74701
74744
74749
74760
74762
74777
74781
74796
74802
74823
74834
74843
74853
74867
74879
74885
74885
74893
74911
74919
74923
74937
74960
74960
74974
74985
74986
75027
75032
75039
75042
75058
75068
75070
75085
75090
75091
75103
75105
75117
75123
75123
75132
75136
75152
75176
75183
75190
75205
75225
75233
75241
75246
75261
75286
75288
75307
75309
75311
75326
75335
75335
75336
75354
75362
75367
75372
75378
75385
75386
75388
75390
75408
75411
75417
75441
75446
75479
75483
75505
75535
75549
75556
75559
75569
75581
75591
75603
75613
75635
75648
75655
75657
75657
75664
75673
75679
75694
75703
75728
75744
75757
75766
75779
75793
75796
75812
75814
75814
75823
75838
75859
75871
75897
75907
75936
75942
75944
75947
75968
75980
76013
76061
76102
76104
76106
76113
76120
76123
76126
76128
76130
76132
76149
76152
76159
76164
76176
76196
76203
76206
76220
76223
76260
76261
76264
76272
76294
76295
76296
76336
76349
76353
76358
76371
76372
76376
76386
76393
76410
76418
76419
76424
76430
76431
76434
76438
76438
76438
76456
76471
76473
76484
76488
76491
76496
76508
76517
76524
76537
76552
76563
76567
76579
76590
76597
76612
76620
76627
76644
76645
76650
76653
76661
76688
76690
76693
76700
76706
76707
76707
76718
76719
76721
76737
76739
76743
76764
76768
76776
76779
76787
76807
76813
76824
76830
76844
76868
76874
76884
76886
76887
76888
76896
76900
76910
76922
76937
76956
76958
76962
76968
76980
76990
76995
76997
77020
77031
77032
77048
77050
77059
77071
77072
77079
77085
77094
77126
77127
77154
77187
77190
77210
77210
77226
77228
77229
77239
77244
77245
77246
77250
77252
77261
77261
77264
77277
77284
77289
77303
77308
77330
77338
77345
77345
77354
77365
77379
77398
77407
77408
77427
77449
77471
77485
77486
77502
77509
77512
77515
77533
77569
77573
77591
77608
77609
77618
77632
77642
77644
77645
77649
77654
77655
77658
77660
77667
77670
77676
77682
77690
77708
77721
77722
77744
77756
77764
77769
77770
77774
77779
77785
77819
77819
77836
77843
77846
77857
77872
77895
77912
77916
77918
77920
77923
77937
77944
77951
77956
77956
77960
77965
77980
77990
78016
78016
78023
78026
78027
78030
78047
78050
78065
78068
78078
78081
78085
78086
78088
78089
78102
78107
78109
78111
78130
78138
78149
78152
78152
78153
78170
78180
78184
78194
78230
78239
78239
78303
78319
78325
78353
78355
78363
78372
78382
78383
78398
78431
78450
78458
78459
78506
78525
78526
78528
78532
78543
78545
78560
78563
78565
78565
78614
78620
78624
78670
78714
78725
78727
78747
78765
78784
78805
78817
78822
78826
78848
78850
78861
78883
78887
78890
78905
78913
78927
78930
78939
78939
78949
78953
78957
78965
78995
79002
79017
79020
79028
79036
79047
79058
79094
79097
79101
79113
79139
79145
79153
79163
79182
79191
79193
79209
79222
79246
79271
79272
79272
79296
79324
79340
79355
79377
79378
79380
79386
79389
79392
79405
79411
79412
79416
79439
79456
79456
79467
79477
79487
79498
79504
79505
79505
79544
79546
79551
79556
79560
79627
79628
79629
79632
79632
79639
79648
79652
79654
79658
79661
79667
79678
79704
79709
79720
79734
79743
79748
79751
79752
79774
79783
79783
79795
79797
79805
79837
79849
79878
79892
79898
79899
79906
79913
79915
79923
79928
79934
79949
79978
79987
79987
79995
79996
79997
80019
80039
80040
80045
80051
80054
80064
80074
80083
80102
80111
80129
80132
80137
80138
80147
80149
80156
80170
80244
80246
80262
80284
80290
80303
80324
80324
80327
80331
80336
80339
80349
80352
80358
80360
80385
80386
80405
80413
80426
80428
80434
80468
80471
80473
80476
80523
80557
80559
80563
80578
80582
80606
80612
80617
80618
80625
80647
80663
80689
80695
80705
80710
80720
80733
80736
80783
80784
80787
80809
80813
80825
80835
80847
80849
80855
80860
80884
80893
80901
80934
80941
80946
80947
80952
80956
80967
80968
80968
80972
80976
80979
80979
80993
80998
81002
81008
81010
81017
81024
81026
81029
81049
81054
81075
81080
81097
81106
81122
81128
81130
81149
81169
81172
81187
81190
81197
81200
81209
81214
81225
81226
81228
81232
81235
81255
81273
81276
81288
81297
81342
81349
81357
81359
81360
81365
81365
81368
81377
81388
81395
81407
81428
81432
81434
81452
81461
81464
81472
81483
81494
81514
81516
81530
81535
81539
81552
81553
81584
81594
81594
81622
81623
81629
81638
81653
81667
81671
81680
81685
81687
81692
81704
81710
81711
81718
81721
81738
81749
81776
81784
81791
81794
81812
81814
81820
81838
81854
81855
81857
81857
81862
81873
81874
81876
81896
81914
81931
81939
81966
81977
81987
82002
82010
82012
82023
82024
82024
82027
82037
82041
82073
82086
82093
82108
82110
82120
82120
82124
82125
82129
82131
82153
82172
82172
82181
82188
82197
82198
82200
82227
82241
82247
82249
82257
82264
82268
82275
82277
82278
82286
82294
82313
82341
82349
82358
82359
82377
82406
82406
82439
82440
82442
82448
82468
82474
82474
82478
82484
82493
82513
82518
82563
82592
82595
82601
82619
82631
82635
82653
82654
82671
82673
82678
82681
82688
82720
82723
82733
82737
82738
82740
82741
82743
82746
82753
82759
82767
82771
82808
82809
82826
82828
82833
82835
82838
82851
82866
82870
82892
82893
82895
82901
82904
82909
82912
82922
82928
82939
82953
82957
82992
82993
83001
83008
83010
83011
83016
83079
83093
83103
83109
83110
83116
83123
83134
83145
83178
83179
83184
83199
83209
83209
83217
83229
83245
83273
83284
83290
83298
83306
83308
83317
83323
83325
83328
83331
83342
83356
83364
83388
83399
83405
83415
83419
83436
83437
83456
83480
83485
83501
83511
83517
83525
83534
83546
83546
83562
83574
83589
83641
83649
83650
83656
83659
83667
83671
83673
83682
83698
83700
83703
83711
83723
83728
83756
83764
83769
83772
83781
83782
83782
83786
83792
83821
83859
83861
83865
83871
83878
83908
83911
83941
83955
83957
83982
83991
84017
84020
84029
84032
84051
84058
84067
84067
84076
84080
84089
84102
84103
84116
84120
84120
84127
84139
84140
84158
84162
84165
84167
84180
84208
84223
84226
84227
84229
84235
84240
84254
84268
84274
84318
84323
84332
84335
84337
84341
84352
84367
84421
84435
84440
84458
84467
84493
84510
84510
84518
84525
84531
84541
84548
84569
84609
84665
84670
84673
84676
84711
84713
84718
84728
84729
84736
84742
84752
84763
84764
84773
84779
84793
84793
84793
84794
84806
84823
84835
84845
84850
84891
84896
84923
84929
84935
84938
84941
84942
84943
84949
84957
84963
84969
85001
85007
85010
85014
85035
85058
85059
85090
85092
85106
85110
85112
85123
85128
85139
85140
85159
85161
85178
85183
85219
85237
85246
85260
85263
85268
85272
85283
85287
85288
85289
85310
85315
85320
85322
85335
85346
85363
85363
85366
85367
85369
85376
85376
85378
85388
85390
85415
85416
85425
85429
85458
85462
85470
85477
85480
85484
85487
85496
85498
85527
85529
85547
85552
85587
85596
85606
85615
85625
85626
85638
85647
85667
85669
85670
85672
85675
85675
85680
85683
85694
85728
85737
85757
85767
85768
85774
85775
85775
85808
85813
85841
85846
85850
85855
85855
85869
85872
85874
85885
85888
85945
85949
85962
85990
86019
86064
86073
86077
86077
86084
86115
86120
86126
86134
86141
86145
86167
86173
86177
86194
86194
86216
86222
86225
86229
86238
86263
86293
86296
86311
86314
86327
86329
86330
86337
86339
86350
86363
86386
86400
86401
86416
86426
86433
86435
86442
86446
86471
86473
86474
86490
86494
86500
86517
86538
86541
86553
86564
86575
86586
86601
86629
86631
86636
86639
86646
86652
86662
86673
86678
86693
86696
86703
86706
86742
86749
86755
86780
86788
86797
86810
86817
86826
86835
86838
86855
86861
86878
86878
86879
86881
86882
86885
86887
86893
86896
86909
86926
86927
86939
86945
86954
86965
86976
86980
87009
87017
87025
87031
87033
87036
87042
87044
87052
87062
87062
87074
87074
87080
87086
87094
87121
87125
87132
87143
87153
87153
87166
87171
87182
87184
87187
87205
87207
87212
87224
87224
87238
87249
87252
87262
87275
87283
87295
87296
87314
87315
87320
87326
87328
87352
87366
87384
87386
87394
87400
87400
87407
87412
87414
87416
87424
87429
87458
87465
87472
87484
87493
87526
87539
87543
87544
87544
87548
87555
87557
87560
87566
87578
87582
87596
87612
87616
87616
87620
87620
87641
87651
87664
87671
87676
87679
87680
87684
87706
87725
87737
87737
87765
87789
87790
87807
87810
87823
87826
87835
87835
87842
87843
87871
87874
87899
87903
87908
87918
87930
87940
87951
87951
87953
87957
87965
87971
87975
87984
88005
88028
88044
88062
88065
88069
88085
88087
88098
88107
88129
88139
88155
88158
88166
88168
88174
88176
88181
88189
88196
88221
88242
88249
88256
88258
88263
88270
88282
88288
88290
88290
88310
88314
88329
88334
88335
88337
88338
88344
88346
88349
88361
88365
88379
88382
88393
88412
88419
88436
88436
88437
88445
88461
88489
88493
88517
88534
88538
88539
88539
88559
88576
88576
88604
88618
88636
88641
88648
88660
88663
88666
88669
88675
88677
88687
88689
88712
88723
88724
88746
88752
88769
88783
88784
88786
88788
88789
88789
88831
88832
88845
88845
88853
88855
88860
88870
88900
88918
88937
88947
88954
88967
88973
88977
88989
88996
89006
89025
89071
89095
89100
89104
89122
89126
89133
89135
89144
89158
89178
89180
89182
89192
89197
89199
89206
89207
89216
89226
89241
89261
89273
89277
89277
89277
89284
89293
89324
89334
89363
89367
89371
89371
89373
89374
89392
89395
89406
89419
89422
89428
89432
89438
89462
89474
89476
89501
89505
89520
89562
89564
89577
89578
89601
89611
89619
89624
89629
89662
89665
89696
89698
89710
89727
89728
89775
89789
89804
89813
89820
89823
89891
89908
89914
89914
89925
89936
90010
90020
90026
90051
90051
90082
90090
90095
90096
90112
90114
90123
90157
90159
90182
90185
90196
90199
90209
90224
90231
90240
90251
90256
90260
90266
90278
90306
90309
90313
90326
90338
90339
90351
90352
90372
90373
90378
90391
90401
90413
90417
90418
90423
90429
90447
90449
90460
90475
90485
90488
90488
90491
90513
90518
90533
90535
90541
90544
90555
90568
90586
90588
90630
90638
90662
90677
90686
90690
90710
90720
90735
90741
90743
90765
90766
90791
90802
90808
90819
90827
90834
90865
90865
90869
90872
90874
90878
90885
90886
90895
90905
90920
90954
90980
90987
90991
91014
91021
91039
91057
91058
91059
91059
91063
91069
91073
91083
91088
91089
91103
91112
91114
91121
91135
91148
91184
91195
91206
91214
91217
91221
91231
91231
91238
91239
91265
91281
91284
91291
91308
91310
91315
91328
91333
91361
91385
91410
91422
91425
91428
91432
91440
91446
91450
91459
91467
91472
91484
91513
91526
91528
91559
91577
91586
91587
91604
91608
91629
91632
91637
91649
91673
91682
91685
91689
91699
91714
91724
91731
91732
91732
91758
91777
91788
91806
91811
91812
91813
91819
91847
91856
91860
91866
91871
91874
91891
91896
91917
91922
91930
91949
91957
91969
91980
91993
92008
92009
92012
92015
92017
92044
92050
92060
92071
92080
92081
92091
92100
92105
92106
92110
92114
92118
92150
92161
92178
92185
92194
92194
92216
92225
92227
92230
92254
92280
92291
92294
92318
92335
92342
92360
92369
92371
92378
92380
92383
92384
92402
92420
92421
92423
92433
92433
92455
92462
92471
92474
92515
92516
92523
92536
92541
92543
92556
92564
92568
92594
92620
92626
92631
92636
92642
92666
92677
92684
92704
92722
92730
92730
92734
92741
92743
92750
92765
92798
92806
92818
92837
92840
92877
92902
92915
92918
92947
92950
92957
92959
92966
92969
92980
92985
92987
93008
93010
93010
93014
93023
93026
93035
93050
93053
93068
93072
93072
93077
93079
93080
93088
93120
93127
93128
93130
93146
93149
93153
93156
93187
93188
93191
93208
93223
93227
93227
93233
93235
93246
93255
93270
93276
93277
93279
93281
93286
93287
93291
93318
93319
93320
93354
93368
93371
93374
93403
93425
93434
93450
93450
93472
93492
93520
93523
93524
93536
93564
93577
93578
93579
93586
93602
93612
93632
93635
93642
93643
93652
93659
93661
93669
93672
93708
93709
93723
93723
93729
93739
93740
93743
93789
93789
93819
93832
93846
93853
93873
93883
93890
93891
93895
93900
93903
93907
93914
93921
93927
93987
94006
94014
94027
94029
94032
94041
94043
94047
94053
94056
94064
94071
94076
94082
94087
94090
94102
94116
94117
94121
94127
94147
94149
94172
94183
94190
94213
94215
94218
94238
94254
94260
94268
94270
94300
94301
94302
94312
94320
94326
94335
94344
94352
94372
94374
94376
94381
94386
94394
94401
94416
94424
94435
94444
94444
94456
94458
94466
94467
94469
94477
94502
94511
94513
94527
94543
94548
94549
94563
94574
94586
94598
94613
94630
94641
94652
94654
94663
94666
94694
94696
94721
94739
94739
94739
94749
94754
94764
94769
94774
94829
94830
94836
94839
94840
94862
94866
94899
94907
94908
94922
94941
94947
94952
94966
94968
94968
94984
94993
95000
95011
95022
95024
95031
95031
95036
95037
95038
95038
95047
95069
95073
95078
95080
95080
95084
95089
95112
95119
95121
95132
95146
95155
95168
95172
95184
95187
95187
95187
95198
95212
95216
95243
95243
95244
95249
95253
95258
95260
95261
95268
95276
95282
95291
95300
95311
95323
95329
95340
95367
95371
95372
95379
95398
95407
95408
95437
95464
95466
95471
95489
95503
95509
95510
95511
95515
95521
95550
95589
95593
95601
95608
95614
95619
95627
95637
95642
95643
95645
95649
95690
95700
95718
95722
95723
95730
95737
95739
95745
95746
95751
95765
95769
95776
95776
95799
95819
95829
95835
95848
95849
95850
95858
95860
95871
95873
95879
95887
95898
95901
95904
95904
95906
95910
95913
95919
95929
95935
95939
95952
95953
95956
95959
95960
95963
95976
95979
95984
95990
96008
96031
96037
96046
96049
96052
96060
96069
96079
96081
96089
96091
96110
96123
96124
96154
96166
96172
96187
96193
96193
96196
96204
96207
96210
96213
96218
96230
96232
96235
96242
96248
96253
96264
96266
96266
96298
96298
96299
96299
96309
96352
96356
96365
96380
96395
96400
96404
96407
96408
96427
96436
96461
96477
96485
96485
96491
96492
96502
96507
96510
96515
96526
96531
96546
96546
96553
96567
96588
96593
96594
96597
96607
96617
96622
96636
96640
96641
96659
96690
96692
96695
96698
96712
96727
96735
96736
96747
96757
96773
96775
96782
96799
96813
96835
96837
96843
96865
96873
96874
96874
96887
96897
96911
96912
96918
96963
96967
96978
96978
96981
96987
96991
97013
97019
97023
97026
97028
97040
97044
97053
97059
97060
97095
97103
97116
97128
97131
97136
97138
97147
97151
97178
97191
97194
97205
97205
97213
97215
97227
97237
97246
97248
97249
97251
97255
97271
97300
97304
97316
97344
97361
97362
97387
97393
97394
97399
97401
97408
97426
97442
97443
97446
97469
97487
97495
97496
97497
97505
97512
97525
97532
97537
97544
97556
97560
97560
97562
97572
97598
97602
97604
97605
97610
97636
97646
97656
97662
97688
97701
97705
97712
97719
97742
97744
97746
97748
97759
97775
97778
97795
97805
97808
97811
97818
97826
97836
97876
97882
97907
97918
97928
97932
97938
97942
97955
97959
97981
97983
97985
98000
98005
98021
98021
98031
98037
98054
98066
98075
98108
98108
98117
98125
98134
98135
98137
98152
98152
98155
98168
98208
98211
98216
98220
98240
98245
98246
98267
98268
98268
98275
98288
98292
98300
98315
98321
98355
98367
98370
98395
98398
98402
98410
98413
98441
98445
98448
98455
98468
98475
98483
98486
98491
98511
98524
98530
98555
98557
98558
98562
98570
98608
98612
98613
98622
98632
98637
98646
98658
98661
98685
98685
98688
98691
98692
98695
98756
98795
98800
98811
98814
98817
98836
98838
98846
98852
98872
98880
98893
98912
98917
98929
98944
98947
98962
98968
98970
98979
98985
99019
99068
99068
99080
99087
99104
99107
99112
99115
99116
99126
99137
99168
99169
99192
99206
99215
99220
99227
99248
99251
99266
99268
99283
99283
99288
99296
99305
99309
99317
99341
99366
99376
99378
99410
99413
99421
99429
99430
99430
99436
99436
99437
99441
99470
99511
99526
99542
99551
99561
99564
99573
99600
99600
99617
99617
99620
99621
99628
99635
99641
99641
99646
99649
99651
99686
99693
99703
99711
99715
99717
99746
99751
99761
99762
99781
99796
99823
99826
99837
99842
99844
99847
99852
99855
99857
99870
99874
99875
99877
99893
99894
99920
99935
99938
99939
99940
99951
99953
99964
99965
99979
99980
99994
99995
