21
26
32
36
48
49
60
80
90
90
134
138
140
144
156
157
159
162
169
196
196
203
213
213
219
223
228
243
245
269
270
280
288
305
308
310
316
323
343
348
360
373
374
375
388
390
393
413
430
433
436
438
440
456
464
502
511
522
566
574
586
643
644
646
649
667
677
684
688
714
715
721
742
748
751
758
774
780
795
798
821
821
884
889
892
898
915
921
931
931
936
955
960
984
984
985
994
1004
1005
1012
1013
1013
1014
1024
1042
1050
1058
1114
1115
1115
1119
1119
1120
1125
1138
1139
1154
1164
1168
1171
1194
1199
1200
1211
1229
1240
1265
1284
1285
1302
1313
1347
1354
1360
1366
1376
1378
1385
1398
1406
1417
1421
1422
1438
1450
1451
1464
1472
1513
1520
1523
1529
1533
1536
1565
1576
1584
1596
1601
1609
1632
1635
1636
1655
1657
1660
1662
1694
1714
1717
1728
1744
1766
1769
1803
1819
1826
1826
1830
1834
1835
1836
1847
1851
1862
1881
1921
1922
1942
1946
1971
1982
1982
1997
2002
2014
2043
2044
2050
2056
2057
2078
2082
2096
2099
2111
2125
2129
2149
2157
2159
2167
2167
2180
2194
2194
2201
2212
2249
2250
2252
2261
2272
2292
2294
2303
2316
2327
2327
2335
2338
2341
2347
2348
2366
2375
2394
2435
2448
2448
2462
2465
2466
2467
2477
2493
2511
2533
2534
2539
2544
2551
2570
2587
2590
2596
2612
2617
2634
2642
2649
2663
2665
2669
2700
2711
2717
2729
2753
2756
2763
2777
2785
2865
2910
2913
2945
2960
2975
2979
2983
2997
3006
3019
3019
3041
3042
3043
3055
3064
3075
3090
3097
3097
3105
3109
3110
3114
3117
3144
3167
3185
3191
3193
3202
3205
3219
3223
3253
3255
3266
3269
3281
3287
3357
3362
3370
3379
3390
3404
3407
3410
3412
3425
3426
3454
3456
3467
3475
3504
3505
3516
3523
3525
3530
3551
3552
3556
3559
3618
3621
3623
3625
3637
3639
3649
3678
3687
3699
3707
3719
3723
3743
3751
3769
3773
3774
3781
3781
3782
3783
3784
3799
3803
3804
3812
3815
3819
3864
3866
3881
3898
3899
3914
3932
3933
3994
3995
4006
4010
4035
4035
4040
4053
4063
4068
4073
4097
4103
4115
4128
4132
4142
4147
4155
4161
4185
4194
4197
4201
4207
4209
4221
4263
4272
4274
4276
4285
4287
4302
4306
4307
4308
4314
4315
4333
4347
4361
4393
4406
4408
4408
4410
4413
4426
4433
4442
4452
4457
4466
4478
4487
4503
4503
4508
4514
4518
4531
4540
4544
4566
4572
4576
4577
4614
4625
4626
4637
4661
4664
4692
4700
4700
4715
4718
4737
4756
4771
4774
4790
4827
4842
4850
4854
4857
4861
4862
4884
4890
4899
4901
4913
4917
4945
4945
4969
4996
5000
5012
5015
5027
5069
5084
5100
5117
5134
5147
5168
5170
5171
5175
5190
5196
5212
5224
5242
5262
5268
5269
5271
5282
5292
5304
5306
5311
5311
5320
5320
5321
5332
5359
5360
5379
5380
5394
5415
5421
5428
5429
5441
5455
5460
5469
5476
5485
5487
5496
5496
5523
5525
5528
5543
5552
5557
5576
5577
5584
5600
5615
5618
5629
5631
5639
5642
5645
5645
5646
5653
5655
5657
5677
5678
5679
5679
5681
5687
5693
5695
5702
5702
5705
5706
5718
5723
5726
5746
5748
5750
5765
5773
5788
5793
5828
5835
5837
5838
5853
5856
5867
5881
5881
5897
5913
5928
5942
5944
5960
5962
6004
6015
6031
6040
6049
6076
6101
6103
6104
6109
6112
6117
6122
6125
6139
6148
6152
6166
6178
6184
6197
6220
6225
6240
6243
6266
6270
6282
6291
6295
6298
6312
6323
6340
6345
6350
6355
6359
6364
6372
6383
6387
6402
6406
6411
6417
6428
6451
6456
6467
6469
6483
6484
6486
6494
6517
6518
6522
6539
6539
6539
6547
6549
6552
6555
6569
6604
6607
6613
6635
6648
6651
6660
6695
6724
6726
6761
6766
6776
6792
6803
6810
6815
6820
6835
6842
6849
6850
6867
6876
6878
6878
6883
6885
6886
6889
6898
6898
6929
6940
6941
6953
6954
6960
6965
6969
6970
6995
7022
7038
7038
7048
7059
7063
7080
7087
7126
7144
7148
7184
7206
7215
7217
7219
7222
7233
7275
7305
7320
7322
7343
7345
7347
7347
7352
7369
7387
7398
7398
7420
7424
7429
7448
7460
7461
7486
7496
7517
7538
7541
7550
7560
7565
7566
7573
7610
7626
7642
7643
7646
7649
7651
7658
7662
7664
7680
7691
7701
7747
7776
7788
7798
7799
7816
7818
7825
7832
7850
7871
7890
7893
7899
7918
7919
7947
8010
8019
8027
8031
8038
8056
8083
8085
8087
8088
8096
8117
8118
8129
8129
8131
8143
8143
8186
8215
8220
8231
8240
8242
8260
8262
8265
8274
8277
8278
8281
8284
8291
8295
8297
8315
8321
8358
8366
8386
8398
8442
8455
8457
8458
8475
8479
8491
8492
8516
8517
8534
8539
8546
8549
8560
8565
8566
8574
8590
8596
8611
8623
8626
8628
8635
8643
8644
8663
8684
8698
8699
8712
8724
8733
8746
8754
8758
8766
8767
8772
8773
8805
8810
8815
8844
8905
8908
8952
8964
8968
8988
8992
9007
9035
9038
9055
9060
9066
9089
9123
9124
9135
9146
9152
9164
9181
9187
9192
9218
9221
9222
9223
9243
9255
9256
9258
9272
9287
9292
9294
9318
9318
9326
9338
9346
9346
9359
9360
9361
9370
9371
9383
9383
9386
9386
9424
9427
9429
9488
9531
9541
9542
9546
9558
9564
9568
9589
9594
9610
9619
9621
9636
9637
9644
9647
9674
9686
9689
9690
9695
9699
9706
9726
9752
9768
9770
9798
9830
9830
9838
9843
9846
9872
9898
9907
9930
9944
9950
9989
9989
10003
10006
10010
10012
10025
10025
10045
10046
10075
10086
10092
10095
10100
10119
10157
10160
10175
10177
10198
10202
10217
10226
10231
10233
10241
10243
10247
10250
10253
10284
10301
10319
10321
10332
10334
10364
10370
10370
10371
10378
10379
10381
10392
10406
10407
10420
10428
10448
10450
10461
10463
10463
10467
10501
10506
10507
10507
10535
10535
10562
10565
10580
10603
10622
10631
10632
10649
10653
10661
10695
10702
10711
10727
10729
10737
10751
10770
10772
10784
10786
10803
10808
10809
10812
10813
10822
10822
10843
10858
10881
10885
10889
10893
10894
10897
10903
10928
10934
10939
10944
10965
10970
10973
10978
10980
10986
11009
11032
11043
11044
11047
11052
11057
11077
11086
11100
11108
11113
11122
11123
11128
11156
11159
11164
11170
11171
11173
11173
11174
11200
11205
11210
11241
11242
11245
11247
11265
11296
11324
11339
11343
11367
11371
11387
11388
11403
11425
11427
11435
11437
11447
11454
11457
11472
11474
11478
11502
11502
11504
11505
11522
11537
11538
11547
11562
11576
11576
11589
11592
11600
11609
11610
11611
11626
11633
11642
11648
11658
11658
11682
11686
11692
11700
11716
11720
11722
11730
11745
11757
11774
11795
11804
11814
11818
11857
11879
11889
11893
11900
11909
11948
11950
11957
11973
11984
11986
11988
11989
11995
12002
12014
12027
12043
12050
12052
12070
12073
12091
12098
12100
12100
12122
12132
12133
12133
12134
12151
12169
12201
12213
12216
12227
12239
12246
12252
12255
12258
12271
12277
12279
12293
12306
12312
12322
12322
12329
12331
12335
12346
12351
12355
12356
12368
12387
12395
12399
12402
12414
12437
12458
12461
12469
12471
12481
12489
12497
12497
12516
12521
12524
12531
12533
12544
12552
12589
12595
12604
12607
12612
12612
12626
12633
12634
12635
12657
12675
12683
12685
12685
12714
12720
12733
12735
12770
12790
12806
12814
12817
12828
12840
12875
12886
12892
12905
12914
12917
12966
12972
12985
12987
12990
13002
13004
13008
13009
13017
13027
13045
13061
13063
13063
13064
13093
13105
13107
13109
13118
13126
13134
13136
13227
13241
13241
13246
13256
13268
13270
13271
13273
13282
13287
13290
13309
13327
13338
13367
13400
13415
13419
13426
13430
13437
13443
13445
13473
13474
13482
13482
13490
13515
13526
13531
13546
13550
13554
13562
13572
13609
13612
13613
13615
13629
13643
13672
13674
13675
13683
13687
13689
13706
13711
13742
13747
13755
13767
13767
13768
13770
13774
13774
13782
13791
13812
13849
13858
13864
13876
13881
13887
13920
13923
13947
13952
13961
13965
13983
13984
14008
14019
14033
14036
14047
14051
14054
14056
14065
14086
14092
14105
14105
14109
14114
14114
14131
14131
14134
14136
14139
14145
14158
14160
14176
14185
14213
14215
14219
14228
14231
14243
14243
14260
14277
14299
14316
14320
14326
14336
14366
14371
14381
14384
14386
14401
14406
14411
14418
14420
14429
14443
14446
14457
14460
14473
14494
14516
14517
14529
14540
14567
14585
14597
14597
14623
14625
14630
14646
14661
14672
14679
14686
14694
14707
14708
14708
14720
14722
14726
14728
14734
14736
14747
14751
14777
14784
14790
14795
14796
14800
14817
14818
14820
14839
14846
14847
14858
14869
14887
14891
14897
14900
14901
14907
14909
14910
14946
14953
14956
14959
14960
14988
14991
14996
15007
15030
15051
15057
15070
15086
15090
15106
15108
15114
15115
15119
15124
15129
15134
15144
15145
15146
15192
15200
15213
15244
15248
15251
15269
15291
15320
15337
15359
15422
15423
15442
15445
15447
15458
15466
15468
15475
15510
15512
15516
15525
15527
15532
15538
15539
15550
15553
15562
15567
15571
15585
15589
15597
15602
15609
15613
15623
15653
15661
15675
15680
15680
15684
15697
15705
15715
15718
15737
15743
15749
15762
15766
15783
15786
15791
15794
15799
15807
15823
15825
15829
15832
15839
15841
15845
15857
15865
15869
15872
15911
15914
15921
15931
15935
15966
15989
15996
15996
16001
16016
16018
16023
16032
16032
16058
16070
16074
16074
16085
16090
16092
16098
16102
16104
16109
16115
16140
16143
16144
16151
16158
16161
16184
16213
16233
16233
16241
16243
16249
16259
16266
16271
16274
16278
16281
16283
16288
16303
16308
16358
16362
16375
16382
16388
16425
16429
16437
16442
16446
16446
16447
16450
16454
16487
16497
16500
16500
16500
16512
16514
16523
16540
16546
16551
16554
16572
16583
16588
16611
16615
16640
16649
16650
16654
16654
16665
16668
16676
16699
16704
16708
16712
16714
16717
16719
16725
16736
16745
16751
16768
16782
16787
16788
16789
16799
16800
16804
16820
16828
16833
16836
16846
16851
16856
16862
16862
16875
16880
16890
16897
16897
16897
16908
16908
16934
16937
16955
16959
16967
16983
16985
16991
16993
16999
17005
17012
17013
17024
17036
17045
17057
17067
17073
17074
17085
17088
17095
17101
17108
17114
17125
17125
17128
17132
17134
17137
17141
17152
17155
17193
17198
17211
17239
17241
17242
17247
17256
17267
17270
17279
17284
17300
17300
17322
17326
17336
17338
17341
17346
17352
17373
17373
17387
17392
17393
17406
17420
17438
17441
17445
17451
17452
17457
17472
17472
17491
17501
17510
17528
17541
17547
17558
17564
17568
17578
17581
17582
17609
17612
17632
17643
17669
17669
17671
17680
17683
17686
17692
17694
17696
17711
17717
17727
17731
17748
17754
17781
17800
17807
17812
17817
17825
17838
17839
17850
17857
17883
17886
17900
17907
17924
17933
17934
17968
17971
17987
17995
17995
17998
18000
18001
18011
18017
18017
18017
18019
18029
18034
18038
18041
18044
18044
18054
18095
18105
18113
18118
18134
18141
18145
18149
18177
18183
18189
18193
18203
18217
18222
18224
18243
18243
18245
18248
18248
18248
18258
18281
18316
18320
18333
18334
18365
18378
18397
18410
18411
18414
18419
18428
18442
18453
18457
18472
18480
18502
18505
18514
18515
18544
18547
18549
18566
18581
18591
18591
18592
18602
18615
18619
18623
18626
18631
18648
18659
18664
18671
18678
18689
18701
18728
18731
18751
18756
18775
18787
18789
18821
18832
18836
18839
18853
18861
18868
18869
18872
18899
18909
18919
18926
18937
18947
18954
18958
18961
18968
18973
18978
18990
18999
19003
19011
19021
19026
19029
19029
19042
19061
19063
19083
19084
19099
19107
19107
19117
19120
19125
19147
19154
19155
19159
19161
19165
19170
19181
19190
19205
19217
19217
19222
19229
19234
19243
19247
19253
19266
19270
19294
19296
19300
19330
19336
19340
19347
19353
19363
19383
19389
19395
19396
19403
19413
19432
19436
19443
19445
19450
19476
19477
19479
19485
19497
19506
19541
19549
19558
19565
19584
19584
19591
19592
19605
19629
19651
19658
19668
19670
19692
19701
19702
19712
19723
19731
19733
19736
19743
19758
19763
19784
19788
19799
19808
19845
19853
19861
19868
19886
19890
19892
19919
19941
19946
19955
19965
19978
19979
19984
20007
20018
20028
20033
20039
20041
20043
20050
20053
20054
20056
20058
20073
20086
20093
20105
20127
20129
20154
20166
20179
20181
20191
20205
20206
20208
20211
20218
20227
20236
20243
20254
20282
20283
20293
20311
20315
20321
20322
20324
20333
20333
20334
20335
20336
20341
20369
20379
20392
20402
20403
20416
20417
20421
20432
20440
20488
20492
20497
20507
20514
20524
20552
20563
20568
20681
20682
20686
20692
20693
20694
20723
20728
20734
20738
20750
20753
20761
20762
20766
20777
20783
20801
20802
20824
20832
20837
20839
20843
20849
20898
20899
20902
20919
20927
20939
20999
21015
21023
21036
21052
21058
21077
21086
21088
21096
21106
21108
21109
21112
21114
21116
21126
21138
21154
21155
21157
21174
21184
21223
21228
21254
21267
21285
21296
21301
21303
21307
21316
21324
21349
21352
21360
21367
21370
21373
21379
21383
21388
21396
21405
21411
21415
21418
21445
21450
21460
21468
21471
21476
21485
21491
21493
21498
21527
21533
21540
21555
21578
21616
21628
21629
21653
21653
21663
21665
21670
21676
21683
21699
21705
21709
21711
21715
21729
21741
21772
21802
21821
21826
21839
21845
21871
21878
21882
21884
21896
21904
21906
21908
21911
21914
21920
21923
21926
21944
21956
21961
21962
21963
21975
21981
21998
22008
22015
22016
22017
22032
22065
22070
22076
22078
22093
22098
22109
22117
22121
22125
22133
22152
22166
22167
22169
22176
22200
22201
22202
22206
22210
22210
22213
22217
22222
22226
22235
22257
22261
22264
22267
22273
22281
22287
22311
22318
22326
22360
22365
22371
22371
22374
22407
22410
22412
22422
22426
22429
22455
22459
22481
22507
22517
22517
22527
22530
22552
22554
22579
22594
22598
22603
22613
22617
22634
22652
22672
22702
22703
22729
22752
22771
22772
22791
22801
22810
22820
22821
22837
22846
22851
22857
22867
22869
22874
22886
22906
22909
22918
22919
22927
22941
22953
22955
22963
23001
23002
23046
23064
23065
23072
23074
23075
23092
23096
23096
23105
23108
23114
23118
23125
23133
23136
23150
23154
23163
23184
23208
23220
23233
23240
23253
23253
23253
23258
23269
23273
23281
23288
23303
23305
23315
23322
23335
23350
23355
23356
23364
23367
23391
23392
23397
23402
23418
23418
23420
23421
23447
23476
23477
23480
23482
23485
23499
23507
23508
23515
23524
23546
23561
23565
23581
23586
23597
23611
23613
23619
23624
23640
23642
23671
23675
23684
23686
23690
23704
23712
23713
23717
23734
23736
23741
23741
23777
23777
23795
23802
23803
23808
23810
23817
23835
23839
23847
23858
23864
23893
23903
23904
23915
23917
23928
23935
23962
23974
23981
23990
23998
24007
24011
24014
24027
24039
24040
24048
24057
24059
24086
24090
24095
24107
24134
24148
24166
24170
24195
24199
24200
24216
24230
24241
24246
24253
24263
24269
24283
24285
24287
24291
24307
24324
24330
24335
24384
24391
24402
24409
24421
24453
24457
24460
24473
24484
24493
24495
24500
24505
24519
24524
24546
24581
24585
24587
24596
24597
24598
24606
24609
24613
24626
24629
24640
24643
24648
24661
24662
24663
24676
24679
24698
24716
24716
24719
24719
24725
24725
24735
24736
24738
24778
24791
24799
24802
24820
24824
24841
24852
24871
24876
24918
24934
24936
24940
24952
24968
24972
24974
24980
24995
24995
24996
25034
25051
25059
25069
25070
25073
25080
25085
25085
25104
25110
25120
25128
25132
25135
25142
25166
25172
25180
25200
25205
25209
25227
25236
25245
25256
25276
25281
25303
25303
25319
25327
25330
25345
25347
25353
25358
25359
25377
25377
25379
25391
25425
25425
25430
25432
25459
25466
25483
25498
25499
25507
25511
25527
25532
25534
25534
25553
25607
25611
25621
25623
25665
25666
25673
25681
25682
25682
25703
25704
25706
25706
25717
25735
25747
25753
25755
25770
25774
25792
25805
25807
25809
25838
25847
25850
25855
25871
25872
25873
25887
25893
25894
25938
25941
25942
25943
25951
25961
25978
25981
25985
25994
25998
26012
26018
26027
26028
26034
26043
26047
26051
26079
26087
26093
26103
26114
26127
26156
26183
26184
26184
26214
26214
26220
26221
26249
26274
26277
26280
26288
26296
26304
26316
26318
26318
26326
26331
26331
26334
26338
26372
26375
26389
26389
26401
26413
26418
26422
26434
26449
26455
26475
26477
26477
26501
26520
26527
26532
26553
26558
26559
26571
26583
26586
26598
26603
26607
26607
26612
26619
26623
26627
26640
26642
26642
26643
26652
26653
26655
26663
26668
26688
26706
26708
26716
26721
26731
26749
26753
26755
26761
26764
26767
26776
26786
26801
26807
26812
26812
26814
26817
26817
26835
26860
26863
26870
26873
26887
26895
26895
26930
26934
26939
26949
26963
26965
26970
26972
27003
27007
27021
27039
27043
27046
27063
27077
27098
27100
27107
27118
27142
27143
27154
27155
27159
27160
27172
27186
27218
27250
27253
27265
27269
27284
27287
27340
27348
27363
27363
27373
27383
27386
27395
27395
27422
27434
27448
27455
27465
27466
27471
27496
27496
27499
27511
27511
27533
27556
27559
27568
27597
27603
27614
27618
27637
27640
27642
27649
27653
27656
27658
27661
27678
27680
27684
27685
27686
27699
27706
27717
27722
27725
27740
27751
27764
27766
27768
27773
27777
27798
27806
27813
27816
27831
27861
27876
27877
27891
27892
27896
27900
27929
27934
27943
27945
27958
27961
27967
27983
28016
28018
28024
28029
28032
28033
28037
28047
28047
28052
28055
28073
28090
28118
28131
28151
28184
28188
28193
28197
28203
28214
28222
28233
28235
28236
28257
28259
28267
28277
28287
28312
28331
28336
28343
28355
28356
28378
28381
28384
28386
28397
28405
28439
28446
28453
28472
28473
28479
28544
28551
28558
28566
28579
28588
28593
28614
28619
28620
28630
28632
28639
28663
28670
28688
28691
28694
28699
28702
28702
28711
28711
28718
28724
28731
28733
28737
28738
28742
28755
28765
28768
28771
28780
28784
28809
28815
28815
28836
28850
28851
28858
28880
28883
28894
28909
28938
28940
28948
28954
28985
28993
29014
29020
29020
29031
29031
29052
29057
29058
29061
29065
29069
29070
29080
29088
29089
29094
29102
29110
29123
29130
29140
29141
29155
29158
29181
29185
29192
29193
29218
29219
29248
29250
29251
29252
29293
29316
29316
29318
29326
29332
29350
29354
29440
29448
29450
29462
29471
29477
29479
29480
29488
29500
29503
29511
29521
29525
29526
29542
29564
29564
29577
29578
29580
29580
29583
29616
29628
29653
29669
29674
29683
29689
29692
29694
29707
29712
29725
29729
29747
29749
29754
29754
29770
29779
29781
29784
29790
29796
29808
29813
29813
29827
29836
29841
29843
29859
29866
29887
29900
29903
29910
29926
29933
29950
29989
29998
30002
30006
30009
30024
30040
30045
30065
30072
30079
30096
30097
30100
30103
30129
30139
30148
30148
30166
30184
30187
30196
30212
30236
30239
30260
30261
30285
30290
30304
30342
30345
30345
30357
30358
30365
30388
30394
30395
30396
30401
30409
30422
30427
30428
30442
30445
30458
30461
30464
30467
30529
30530
30538
30543
30548
30557
30568
30569
30571
30583
30587
30610
30617
30627
30630
30640
30651
30669
30679
30680
30690
30704
30709
30719
30746
30762
30762
30796
30827
30831
30855
30860
30867
30870
30871
30877
30886
30892
30895
30898
30921
30921
30937
30937
30949
30953
30970
30974
30975
30983
30986
30990
30993
30996
31000
31014
31020
31024
31047
31050
31051
31076
31080
31083
31114
31133
31136
31139
31143
31149
31173
31176
31192
31203
31204
31222
31225
31260
31294
31314
31323
31325
31339
31352
31354
31355
31375
31379
31386
31391
31413
31416
31427
31427
31486
31492
31501
31503
31524
31534
31544
31547
31563
31565
31569
31570
31576
31584
31596
31606
31638
31640
31643
31660
31671
31689
31696
31711
31721
31733
31735
31746
31767
31768
31768
31779
31795
31807
31819
31835
31894
31895
31899
31905
31926
31934
31936
31943
31943
31950
31952
31969
32014
32019
32038
32044
32045
32053
32059
32069
32084
32088
32097
32102
32103
32108
32127
32129
32134
32142
32147
32150
32165
32167
32170
32177
32195
32199
32202
32202
32205
32235
32239
32240
32249
32257
32273
32274
32278
32300
32305
32309
32316
32318
32319
32335
32357
32375
32390
32403
32404
32414
32415
32419
32436
32441
32466
32469
32473
32477
32479
32504
32511
32514
32518
32550
32555
32560
32561
32591
32602
32605
32608
32609
32621
32623
32658
32672
32694
32708
32715
32733
32744
32759
32761
32773
32777
32777
32810
32831
32835
32840
32843
32866
32885
32899
32901
32906
32918
32942
32947
32950
32958
32972
32976
32997
33041
33043
33047
33049
33068
33076
33106
33107
33113
33118
33120
33126
33146
33176
33183
33185
33191
33208
33237
33247
33249
33257
33268
33294
33310
33317
33318
33329
33338
33339
33341
33351
33367
33380
33395
33398
33408
33414
33421
33424
33429
33429
33431
33439
33444
33467
33477
33485
33488
33494
33503
33513
33517
33518
33528
33540
33550
33568
33578
33585
33620
33634
33634
33657
33690
33699
33724
33733
33752
33769
33782
33798
33799
33802
33806
33811
33821
33832
33840
33845
33845
33850
33866
33876
33905
33908
33922
33984
34000
34007
34014
34017
34025
34040
34053
34081
34084
34096
34108
34132
34136
34160
34170
34194
34205
34207
34209
34211
34229
34240
34248
34249
34252
34282
34282
34320
34332
34335
34359
34365
34366
34372
34382
34386
34387
34399
34400
34402
34407
34422
34429
34435
34452
34470
34486
34500
34500
34509
34529
34537
34539
34557
34565
34570
34584
34595
34597
34607
34609
34650
34669
34670
34702
34712
34725
34742
34747
34765
34766
34768
34772
34792
34796
34817
34819
34829
34831
34836
34853
34855
34856
34887
34893
34904
34910
34913
34927
34948
34951
34953
34959
34960
34970
34972
34978
35007
35010
35023
35025
35031
35045
35055
35059
35064
35078
35082
35086
35087
35090
35094
35097
35100
35109
35114
35118
35120
35130
35140
35146
35150
35158
35176
35190
35191
35218
35227
35231
35233
35239
35293
35310
35335
35337
35366
35370
35377
35390
35396
35404
35406
35407
35409
35410
35414
35424
35427
35433
35470
35475
35502
35548
35552
35559
35563
35568
35572
35582
35588
35592
35600
35608
35621
35666
35666
35681
35685
35708
35710
35717
35724
35734
35737
35750
35765
35766
35770
35795
35812
35828
35878
35879
35890
35904
35911
35916
35918
35939
35940
35953
35954
35962
35966
35974
35983
35986
36000
36001
36008
36009
36055
36057
36062
36087
36088
36108
36128
36139
36146
36149
36153
36153
36159
36178
36221
36223
36244
36246
36246
36261
36290
36321
36334
36337
36354
36367
36371
36385
36392
36397
36404
36405
36420
36421
36440
36443
36445
36446
36462
36465
36465
36481
36491
36536
36546
36546
36548
36553
36591
36598
36603
36613
36615
36617
36619
36620
36631
36635
36636
36643
36645
36646
36649
36658
36659
36669
36675
36677
36684
36685
36728
36729
36739
36754
36760
36769
36841
36841
36855
36877
36879
36894
36895
36903
36910
36922
36933
36969
36969
36993
37001
37014
37019
37019
37022
37026
37034
37062
37072
37099
37103
37107
37124
37124
37127
37139
37159
37165
37178
37200
37204
37233
37235
37235
37243
37247
37249
37278
37279
37282
37286
37288
37301
37318
37327
37337
37361
37362
37401
37402
37406
37425
37434
37438
37438
37444
37461
37462
37470
37479
37495
37501
37510
37510
37511
37512
37522
37529
37543
37559
37564
37569
37570
37644
37648
37664
37670
37707
37709
37719
37721
37734
37738
37765
37773
37775
37777
37793
37805
37806
37815
37824
37825
37826
37852
37861
37870
37878
37905
37931
37962
37964
37974
37987
38003
38004
38006
38017
38025
38028
38050
38059
38062
38067
38080
38106
38107
38117
38137
38150
38151
38155
38163
38170
38171
38183
38193
38208
38211
38235
38251
38271
38275
38285
38324
38336
38336
38337
38365
38365
38372
38380
38404
38407
38410
38410
38414
38444
38454
38465
38466
38470
38477
38511
38517
38550
38551
38556
38567
38585
38590
38594
38594
38601
38615
38639
38645
38674
38687
38692
38697
38698
38714
38732
38732
38732
38743
38759
38764
38773
38810
38814
38815
38843
38844
38858
38887
38888
38890
38892
38895
38911
38915
38956
38960
38962
38977
38979
38989
38992
39004
39009
39054
39060
39085
39093
39096
39102
39108
39111
39121
39140
39145
39146
39147
39151
39154
39164
39169
39173
39181
39190
39195
39196
39200
39202
39219
39225
39229
39229
39233
39248
39249
39278
39284
39317
39355
39358
39360
39360
39366
39369
39369
39373
39385
39392
39398
39413
39414
39434
39436
39442
39443
39446
39464
39475
39493
39495
39495
39507
39513
39515
39537
39542
39548
39564
39576
39577
39580
39588
39615
39617
39620
39647
39663
39672
39680
39688
39694
39697
39726
39742
39747
39756
39761
39762
39773
39774
39832
39836
39847
39848
39860
39862
39864
39871
39877
39890
39892
39904
39921
39926
39930
39942
39958
39959
39959
39962
39982
39983
39983
39985
40020
40033
40033
40035
40036
40041
40078
40088
40090
40100
40101
40115
40116
40122
40124
40128
40135
40141
40151
40157
40163
40164
40173
40181
40197
40213
40218
40218
40218
40219
40222
40229
40234
40252
40258
40268
40274
40284
40287
40288
40304
40320
40326
40336
40337
40341
40385
40390
40408
40434
40441
40447
40449
40452
40465
40475
40476
40485
40493
40505
40532
40545
40555
40567
40578
40589
40602
40646
40652
40666
40672
40687
40703
40717
40736
40740
40770
40771
40774
40775
40778
40787
40799
40809
40833
40834
40855
40855
40862
40866
40873
40873
40875
40877
40880
40914
40915
40919
40940
40944
40956
40970
40971
41020
41071
41081
41083
41089
41092
41132
41145
41147
41148
41155
41161
41182
41204
41208
41215
41221
41222
41238
41240
41273
41283
41286
41289
41346
41371
41372
41383
41386
41402
41405
41413
41441
41448
41471
41521
41535
41535
41568
41569
41578
41578
41583
41630
41642
41669
41680
41685
41688
41702
41709
41729
41735
41752
41760
41761
41781
41798
41806
41812
41813
41818
41819
41824
41824
41829
41833
41844
41850
41908
41908
41921
41924
41931
41933
41935
41937
41939
41976
41982
41983
41992
42028
42055
42075
42085
42086
42108
42112
42116
42122
42123
42128
42138
42142
42145
42154
42200
42206
42208
42209
42211
42232
42261
42264
42305
42308
42311
42328
42340
42355
42364
42380
42450
42453
42464
42467
42480
42485
42488
42521
42523
42546
42552
42558
42571
42572
42593
42630
42639
42645
42672
42674
42710
42736
42743
42746
42747
42748
42750
42759
42767
42770
42795
42799
42824
42849
42850
42851
42862
42869
42870
42880
42897
42912
42924
42928
42931
42938
42954
42961
42966
42973
42977
42984
43004
43005
43015
43016
43061
43068
43072
43076
43086
43089
43097
43108
43112
43114
43120
43139
43141
43141
43146
43146
43148
43184
43189
43192
43209
43210
43217
43233
43268
43275
43280
43288
43305
43320
43324
43330
43330
43332
43342
43346
43363
43368
43373
43378
43379
43404
43419
43427
43428
43429
43453
43462
43481
43496
43508
43517
43550
43559
43574
43594
43600
43607
43636
43647
43654
43657
43667
43668
43684
43690
43696
43699
43700
43705
43710
43717
43738
43744
43784
43791
43792
43793
43794
43814
43836
43842
43845
43857
43862
43867
43872
43874
43875
43879
43886
43886
43886
43889
43912
43912
43922
43927
43945
43952
43975
43976
43982
43994
44001
44004
44018
44022
44033
44035
44042
44044
44088
44097
44100
44102
44122
44122
44142
44155
44156
44168
44176
44181
44184
44190
44194
44197
44199
44209
44213
44218
44219
44250
44255
44261
44318
44335
44359
44369
44369
44382
44455
44456
44461
44481
44491
44493
44500
44501
44503
44507
44528
44538
44550
44558
44560
44562
44595
44600
44606
44610
44619
44635
44660
44667
44681
44694
44698
44705
44706
44728
44739
44752
44755
44785
44812
44817
44828
44836
44879
44888
44893
44896
44897
44899
44916
44938
44968
44968
44978
45015
45038
45047
45068
45079
45101
45105
45109
45114
45121
45121
45131
45164
45179
45203
45212
45224
45236
45249
45252
45256
45262
45274
45278
45287
45287
45294
45295
45299
45312
45346
45358
45368
45377
45403
45404
45453
45462
45478
45482
45497
45505
45515
45518
45523
45527
45529
45531
45535
45555
45574
45614
45615
45621
45632
45632
45643
45667
45686
45697
45728
45732
45741
45748
45748
45755
45776
45785
45791
45802
45811
45816
45820
45836
45871
45871
45872
45880
45883
45885
45890
45899
45901
45903
45908
45916
45926
45937
45947
45969
45970
45977
45986
46017
46020
46040
46043
46045
46061
46086
46087
46091
46098
46102
46126
46127
46131
46137
46139
46140
46146
46159
46165
46196
46199
46200
46207
46212
46214
46216
46220
46223
46227
46246
46256
46269
46281
46302
46303
46330
46331
46356
46366
46368
46385
46405
46412
46425
46435
46492
46494
46510
46512
46516
46527
46546
46549
46558
46565
46580
46604
46613
46619
46630
46642
46647
46656
46662
46663
46678
46685
46689
46689
46706
46706
46708
46724
46729
46748
46748
46759
46796
46802
46803
46813
46816
46843
46848
46873
46882
46900
46900
46903
46904
46915
46921
46961
46964
46964
46977
46980
47005
47008
47008
47012
47072
47078
47087
47100
47107
47113
47120
47120
47123
47125
47165
47171
47181
47199
47205
47206
47214
47216
47233
47253
47265
47287
47292
47292
47308
47321
47384
47397
47400
47410
47436
47454
47456
47463
47478
47479
47503
47505
47518
47527
47527
47534
47547
47561
47567
47572
47573
47573
47582
47586
47643
47643
47647
47648
47652
47669
47674
47682
47687
47693
47711
47711
47720
47738
47753
47757
47804
47813
47825
47826
47832
47836
47837
47844
47862
47872
47873
47874
47877
47881
47884
47895
47908
47908
47916
47923
47950
47958
48005
48006
48010
48013
48018
48036
48036
48037
48038
48042
48049
48054
48059
48087
48087
48097
48107
48108
48116
48124
48130
48138
48159
48167
48179
48180
48193
48202
48218
48239
48258
48261
48271
48289
48306
48311
48312
48323
48331
48343
48346
48366
48396
48404
48429
48431
48434
48435
48449
48458
48460
48467
48476
48477
48479
48490
48490
48521
48527
48533
48537
48546
48547
48559
48568
48576
48580
48583
48590
48612
48617
48626
48634
48648
48655
48656
48667
48675
48683
48689
48718
48722
48726
48729
48729
48737
48748
48758
48770
48788
48796
48802
48804
48807
48815
48816
48818
48821
48825
48832
48836
48840
48875
48880
48901
48907
48917
48938
48953
48953
48972
48973
49001
49005
49017
49021
49052
49054
49070
49071
49083
49086
49098
49110
49114
49150
49156
49169
49182
49213
49225
49229
49247
49248
49253
49264
49269
49277
49282
49291
49322
49323
49363
49371
49380
49380
49380
49380
49397
49401
49411
49431
49431
49439
49441
49442
49442
49443
49450
49451
49452
49456
49460
49468
49475
49480
49481
49517
49523
49541
49546
49559
49571
49574
49574
49590
49591
49598
49610
49632
49648
49661
49663
49680
49693
49703
49715
49724
49748
49754
49779
49780
49795
49800
49808
49815
49828
49829
49861
49863
49865
49867
49876
49882
49890
49903
49958
49972
49978
50013
50027
50027
50049
50051
50072
50078
50093
50094
50173
50183
50187
50188
50188
50212
50221
50242
50255
50259
50264
50269
50289
50295
50308
50324
50333
50348
50355
50387
50392
50395
50398
50400
50403
50430
50449
50451
50461
50465
50465
50510
50542
50554
50560
50563
50569
50578
50592
50593
50602
50606
50646
50670
50678
50683
50691
50706
50709
50715
50722
50728
50729
50730
50755
50760
50805
50815
50817
50825
50825
50840
50843
50850
50858
50859
50860
50864
50875
50878
50879
50879
50892
50907
50911
50920
50923
50926
50930
50946
50950
50989
50990
50997
51041
51042
51046
51047
51056
51056
51059
51076
51085
51086
51092
51098
51106
51128
51131
51134
51184
51201
51202
51215
51231
51237
51238
51241
51241
51245
51246
51266
51268
51272
51277
51289
51321
51327
51329
51331
51342
51365
51391
51392
51409
51452
51461
51470
51473
51529
51553
51579
51593
51599
51633
51635
51638
51640
51643
51644
51648
51650
51655
51660
51682
51683
51686
51694
51716
51730
51734
51738
51741
51757
51766
51776
51821
51829
51845
51863
51863
51872
51883
51885
51912
51921
51923
51960
51963
51980
52022
52022
52024
52028
52037
52043
52049
52054
52054
52068
52071
52073
52083
52092
52097
52098
52099
52108
52120
52139
52142
52144
52158
52206
52211
52214
52244
52279
52281
52296
52301
52314
52317
52334
52340
52355
52355
52367
52368
52383
52406
52406
52412
52415
52424
52428
52468
52473
52504
52509
52509
52533
52538
52542
52546
52562
52600
52600
52602
52622
52624
52625
52630
52642
52687
52703
52707
52708
52710
52728
52739
52743
52752
52777
52780
52796
52800
52817
52835
52845
52847
52864
52865
52873
52883
52890
52894
52918
52918
52928
52934
52937
52965
52974
53001
53007
53008
53008
53027
53041
53060
53070
53076
53087
53092
53120
53130
53156
53162
53198
53205
53206
53211
53227
53234
53257
53269
53272
53277
53278
53293
53295
53303
53310
53324
53325
53358
53371
53374
53376
53386
53407
53410
53415
53417
53417
53420
53434
53441
53452
53453
53460
53468
53471
53473
53505
53507
53515
53519
53528
53530
53532
53537
53562
53567
53603
53624
53635
53650
53652
53656
53662
53669
53672
53683
53686
53689
53705
53705
53709
53710
53722
53723
53729
53730
53741
53751
53760
53770
53779
53805
53828
53846
53847
53850
53860
53869
53882
53891
53898
53905
53938
53942
53948
53978
53983
53984
53987
53988
54002
54006
54022
54028
54032
54051
54054
54057
54059
54068
54076
54082
54086
54090
54091
54097
54116
54120
54127
54128
54138
54138
54142
54149
54153
54153
54159
54170
54178
54181
54182
54257
54269
54273
54277
54279
54280
54280
54301
54306
54325
54329
54340
54354
54382
54395
54395
54419
54422
54423
54423
54433
54455
54466
54469
54473
54473
54488
54497
54506
54536
54537
54555
54556
54592
54593
54602
54613
54616
54632
54641
54658
54659
54681
54683
54703
54713
54721
54722
54732
54743
54744
54748
54757
54758
54763
54799
54803
54805
54814
54824
54828
54848
54859
54868
54887
54894
54897
54908
54927
54941
54949
54956
54958
54962
54967
54976
54979
54987
54997
55012
55014
55018
55023
55027
55029
55031
55038
55044
55047
55084
55088
55089
55104
55124
55143
55159
55168
55194
55200
55207
55208
55222
55238
55239
55281
55282
55317
55320
55327
55331
55358
55390
55397
55403
55416
55421
55445
55461
55475
55484
55523
55527
55530
55538
55544
55550
55555
55561
55566
55575
55578
55614
55637
55639
55645
55647
55655
55668
55673
55689
55690
55704
55734
55735
55752
55757
55758
55770
55780
55807
55809
55822
55831
55838
55843
55850
55858
55861
55867
55881
55898
55899
55911
55928
55937
55941
55957
55962
55969
55972
55972
55986
55988
56007
56010
56034
56044
56044
56046
56053
56074
56075
56099
56102
56103
56104
56108
56113
56129
56133
56135
56157
56162
56175
56198
56205
56247
56250
56251
56257
56263
56265
56276
56276
56303
56303
56318
56327
56329
56339
56347
56353
56356
56357
56361
56369
56379
56381
56384
56393
56398
56401
56419
56421
56432
56438
56441
56442
56442
56450
56461
56463
56501
56511
56516
56521
56530
56536
56543
56549
56556
56564
56575
56577
56591
56591
56591
56625
56628
56629
56636
56679
56692
56693
56695
56708
56724
56746
56766
56775
56781
56781
56795
56801
56810
56821
56866
56872
56881
56884
56884
56891
56913
56920
56930
56940
56944
56967
56970
56978
56980
56998
57012
57027
57035
57041
57054
57080
57086
57088
57098
57103
57124
57128
57131
57138
57171
57182
57199
57202
57218
57226
57229
57261
57277
57313
57333
57338
57374
57403
57403
57413
57416
57420
57431
57445
57474
57476
57484
57496
57507
57512
57522
57525
57539
57548
57558
57567
57574
57577
57579
57579
57581
57582
57583
57584
57592
57599
57608
57614
57628
57659
57696
57728
57736
57742
57768
57773
57775
57778
57808
57812
57815
57817
57824
57829
57831
57853
57859
57861
57872
57886
57890
57897
57904
57914
57915
57918
57929
57936
57937
57961
57964
57973
57976
57979
57989
57997
57999
58008
58011
58018
58059
58066
58083
58096
58107
58118
58122
58123
58135
58146
58168
58184
58191
58203
58208
58208
58209
58218
58219
58236
58252
58258
58259
58271
58275
58275
58291
58294
58309
58320
58336
58339
58354
58365
58385
58391
58412
58419
58426
58432
58434
58445
58448
58468
58485
58489
58496
58527
58536
58545
58548
58548
58549
58553
58562
58581
58589
58594
58612
58620
58621
58629
58668
58690
58710
58725
58730
58742
58758
58760
58776
58791
58804
58804
58827
58832
58838
58843
58879
58888
58889
58904
58922
58925
58930
58936
58967
58971
58981
58983
58989
58994
58997
59001
59003
59007
59008
59023
59029
59039
59064
59069
59078
59110
59119
59124
59147
59148
59162
59167
59171
59177
59178
59192
59236
59243
59246
59250
59252
59256
59259
59265
59268
59287
59295
59317
59321
59327
59339
59345
59355
59357
59372
59374
59391
59393
59400
59403
59417
59423
59424
59431
59439
59442
59448
59453
59495
59498
59507
59511
59515
59517
59535
59543
59546
59553
59559
59574
59580
59592
59596
59596
59600
59602
59621
59640
59657
59662
59664
59667
59689
59691
59708
59712
59716
59729
59730
59740
59749
59764
59765
59775
59781
59782
59784
59785
59818
59829
59830
59859
59891
59905
59909
59910
59917
59919
59921
59933
59936
59944
59948
59951
59963
59967
59972
59972
59975
60000
60010
60022
60029
60039
60079
60079
60087
60091
60114
60120
60124
60131
60169
60169
60174
60182
60187
60193
60194
60200
60215
60220
60222
60240
60247
60251
60256
60282
60293
60299
60309
60330
60332
60337
60356
60376
60377
60379
60393
60395
60408
60444
60449
60470
60470
60476
60477
60481
60482
60485
60498
60504
60520
60530
60530
60570
60579
60580
60580
60580
60594
60596
60617
60626
60628
60637
60649
60661
60662
60670
60671
60683
60683
60690
60704
60710
60717
60730
60752
60754
60762
60765
60770
60773
60779
60784
60784
60789
60792
60797
60801
60802
60805
60826
60826
60836
60840
60849
60885
60892
60898
60902
60918
60932
60934
60943
60948
60954
60954
60994
61002
61011
61018
61020
61033
61037
61045
61056
61079
61090
61113
61113
61117
61118
61142
61149
61152
61157
61164
61166
61204
61242
61255
61256
61279
61293
61299
61315
61325
61330
61356
61366
61373
61374
61376
61382
61391
61394
61396
61418
61419
61445
61462
61469
61484
61494
61500
61505
61519
61520
61526
61526
61550
61560
61563
61563
61573
61588
61590
61607
61635
61647
61656
61658
61660
61688
61689
61726
61728
61734
61757
61786
61787
61789
61797
61802
61818
61834
61840
61856
61861
61867
61874
61889
61905
61911
61915
61922
61924
61928
61934
61944
61953
61998
62001
62008
62010
62018
62022
62041
62061
62064
62064
62066
62075
62087
62091
62091
62099
62099
62117
62118
62125
62125
62126
62150
62152
62177
62181
62191
62197
62212
62226
62228
62236
62245
62255
62258
62262
62262
62264
62274
62275
62276
62276
62278
62301
62301
62302
62311
62318
62341
62379
62379
62393
62406
62439
62449
62454
62463
62465
62469
62470
62493
62501
62502
62508
62509
62560
62567
62600
62628
62657
62658
62671
62672
62678
62699
62712
62729
62730
62730
62738
62739
62740
62754
62758
62765
62766
62777
62779
62782
62783
62809
62815
62824
62825
62842
62854
62874
62874
62892
62896
62899
62900
62904
62909
62912
62915
62925
62926
62931
62966
62969
62969
62983
62998
63013
63014
63014
63021
63054
63059
63083
63093
63104
63105
63105
63110
63126
63141
63143
63145
63158
63168
63170
63183
63189
63194
63195
63202
63204
63212
63214
63226
63231
63237
63270
63275
63276
63277
63295
63318
63331
63331
63335
63342
63345
63346
63346
63361
63361
63379
63413
63416
63433
63433
63472
63474
63501
63507
63526
63533
63562
63573
63582
63583
63585
63631
63633
63651
63653
63666
63672
63672
63693
63694
63713
63720
63724
63735
63746
63761
63773
63829
63835
63854
63859
63865
63874
63891
63937
63944
63945
63947
63947
63967
64002
64004
64006
64014
64019
64046
64062
64063
64072
64077
64085
64089
64091
64092
64097
64117
64129
64129
64130
64134
64144
64146
64149
64160
64169
64176
64178
64179
64201
64208
64224
64234
64241
64251
64256
64287
64290
64311
64312
64316
64330
64337
64343
64349
64350
64369
64369
64370
64372
64376
64415
64417
64420
64422
64424
64431
64438
64443
64458
64461
64466
64467
64468
64492
64496
64511
64511
64520
64537
64538
64551
64560
64563
64569
64580
64580
64588
64590
64592
64593
64594
64596
64599
64603
64603
64607
64617
64634
64659
64663
64681
64682
64686
64694
64697
64698
64750
64790
64799
64811
64818
64823
64828
64835
64848
64853
64871
64883
64884
64892
64893
64901
64902
64924
64930
64936
64967
64968
64979
64988
64995
64997
65011
65014
65016
65039
65048
65050
65067
65078
65081
65100
65106
65118
65122
65133
65139
65146
65175
65178
65201
65206
65208
65211
65218
65233
65240
65255
65261
65267
65272
65277
65296
65296
65304
65305
65305
65306
65307
65320
65321
65329
65330
65333
65335
65338
65341
65341
65344
65347
65352
65369
65390
65397
65415
65417
65421
65450
65452
65465
65471
65475
65495
65496
65498
65500
65505
65505
65508
65521
65522
65536
65545
65559
65581
65585
65585
65586
65587
65606
65611
65621
65639
65650
65657
65666
65702
65715
65734
65737
65741
65741
65744
65758
65775
65781
65805
65809
65810
65810
65816
65822
65823
65826
65842
65844
65845
65848
65859
65860
65867
65868
65885
65888
65895
65911
65916
65927
65936
65948
65949
65968
65976
65981
65993
66006
66008
66012
66015
66030
66031
66034
66042
66069
66098
66102
66106
66128
66133
66140
66172
66174
66179
66186
66191
66202
66214
66215
66220
66226
66249
66250
66283
66290
66299
66301
66325
66328
66349
66362
66362
66364
66375
66392
66406
66413
66415
66418
66442
66442
66445
66470
66471
66473
66479
66488
66499
66501
66506
66515
66520
66524
66541
66554
66554
66570
66579
66598
66638
66649
66652
66659
66674
66683
66688
66691
66738
66745
66757
66769
66771
66794
66813
66827
66830
66834
66835
66844
66868
66880
66892
66893
66902
66904
66916
66923
66927
66931
66932
66935
66946
66959
66964
66964
66970
66970
66973
66989
67000
67011
67032
67037
67050
67071
67082
67086
67092
67093
67105
67110
67114
67130
67131
67132
67133
67152
67179
67184
67187
67195
67204
67208
67221
67226
67237
67245
67246
67267
67281
67283
67283
67305
67315
67326
67356
67364
67368
67374
67382
67383
67388
67390
67392
67393
67406
67414
67414
67428
67438
67449
67463
67466
67467
67475
67485
67488
67493
67506
67506
67509
67519
67531
67534
67543
67547
67558
67559
67582
67592
67598
67611
67614
67615
67623
67631
67646
67673
67682
67684
67699
67706
67725
67726
67747
67759
67766
67767
67773
67793
67813
67817
67829
67833
67848
67849
67853
67856
67888
67892
67907
67911
67914
67922
67924
67941
67949
67954
67963
67972
67982
68001
68015
68022
68038
68040
68062
68067
68088
68094
68116
68133
68137
68138
68157
68167
68179
68184
68198
68200
68210
68216
68226
68227
68234
68248
68249
68253
68262
68280
68283
68294
68347
68347
68347
68355
68372
68393
68404
68405
68417
68418
68430
68431
68434
68437
68439
68442
68454
68459
68478
68498
68500
68501
68525
68527
68529
68544
68553
68565
68568
68584
68606
68614
68628
68641
68650
68664
68693
68706
68727
68766
68767
68768
68783
68783
68792
68821
68828
68829
68829
68841
68849
68872
68879
68895
68899
68902
68923
68948
68963
69001
69002
69007
69008
69014
69023
69052
69057
69075
69076
69083
69084
69089
69097
69113
69126
69128
69143
69162
69166
69168
69172
69173
69185
69195
69195
69200
69205
69211
69239
69251
69258
69285
69292
69317
69350
69353
69373
69373
69379
69384
69398
69423
69438
69440
69444
69448
69452
69458
69471
69482
69492
69498
69505
69514
69518
69520
69530
69581
69594
69617
69628
69632
69649
69651
69663
69673
69682
69688
69692
69725
69738
69751
69764
69778
69789
69791
69797
69814
69826
69846
69869
69869
69878
69882
69883
69884
69905
69909
69909
69910
69916
69917
69924
69941
69960
69964
69981
69985
69987
69987
69989
69991
69992
69995
70032
70032
70040
70069
70071
70072
70082
70097
70110
70125
70133
70143
70152
70153
70156
70165
70165
70175
70178
70182
70182
70192
70207
70214
70218
70219
70224
70238
70284
70298
70299
70307
70310
70313
70361
70369
70377
70410
70420
70451
70452
70457
70465
70467
70468
70479
70493
70495
70496
70501
70502
70514
70534
70542
70552
70579
70581
70634
70643
70663
70665
70674
70676
70676
70677
70678
70696
70714
70749
70767
70774
70778
70780
70786
70796
70800
70801
70816
70852
70856
70866
70903
70904
70923
70939
70940
70947
70949
70954
70959
70963
70965
70968
70978
70988
70996
70998
71021
71023
71025
71042
71047
71054
71062
71067
71094
71134
71175
71205
71219
71227
71233
71239
71247
71262
71278
71281
71285
71289
71291
71300
71315
71318
71333
71334
71350
71364
71374
71381
71391
71417
71424
71449
71451
71457
71469
71498
71504
71524
71538
71560
71571
71577
71579
71595
71599
71613
71642
71644
71648
71650
71653
71661
71662
71667
71672
71683
71693
71719
71731
71746
71756
71757
71786
71795
71798
71800
71812
71815
71815
71854
71855
71857
71891
71896
71918
71922
71924
71927
71945
71986
71987
71995
72001
72026
72032
72033
72058
72064
72087
72103
72103
72107
72124
72124
72128
72130
72131
72135
72146
72149
72178
72181
72206
72210
72212
72212
72224
72229
72237
72239
72243
72260
72278
72283
72286
72290
72291
72295
72309
72337
72346
72368
72368
72369
72375
72381
72392
72393
72395
72401
72404
72409
72420
72421
72425
72429
72433
72453
72460
72474
72478
72481
72482
72505
72513
72515
72520
72535
72568
72570
72591
72592
72608
72609
72613
72618
72620
72628
72642
72667
72673
72674
72685
72685
72716
72722
72742
72748
72766
72784
72821
72821
72830
72834
72838
72863
72869
72871
72874
72897
72918
72918
72932
72934
72942
72942
72950
72953
72953
72956
72982
72983
72986
72992
73001
73002
73021
73026
73034
73034
73060
73068
73068
73096
73116
73133
73145
73146
73216
73229
73230
73239
73243
73289
73291
73292
73292
73296
73305
73312
73313
73315
73327
73339
73344
73359
73362
73362
73366
73387
73402
73408
73446
73447
73456
73490
73492
73500
73518
73530
73530
73533
73533
73536
73537
73561
73570
73572
73583
73594
73600
73620
73657
73657
73663
73673
73681
73701
73705
73709
73721
73722
73731
73736
73746
73747
73755
73757
73784
73794
73844
73854
73862
73904
73910
73913
73915
73917
73920
73924
73925
73930
73935
73939
73948
73956
73971
73975
73983
73992
74007
74009
74010
74023
74030
74047
74078
74086
74113
74116
74144
74146
74150
74151
74154
74184
74189
74198
74206
74206
74218
74219
74231
74244
74253
74256
74258
74284
74286
74288
74315
74315
74316
74337
74386
74388
74391
74396
74419
74427
74435
74435
74441
74443
74472
74472
74479
74481
74503
74512
74512
74533
74544
74550
74550
74565
74584
74585
74586
74591
74598
74610
74620
74636
74638
74645
74646
74651
74659
74669
74670
74681
74686
74686
74687
74704
74712
74720
74722
74729
74734
74744
74748
74749
74754
74780
74790
74799
74809
74828
74846
74848
74854
74864
74868
74937
74945
74946
74965
74973
74979
74991
74995
75002
75002
75050
75053
75059
75066
75069
75073
75073
75080
75083
75089
75107
75153
75167
75171
75190
75194
75210
75212
75225
75226
75228
75235
75238
75239
75257
75291
75294
75314
75332
75333
75341
75352
75363
75368
75376
75379
75393
75398
75405
75409
75413
75429
75429
75435
75442
75442
75446
75449
75479
75491
75493
75501
75502
75604
75619
75625
75625
75644
75645
75653
75694
75705
75715
75743
75744
75764
75767
75775
75782
75794
75811
75821
75833
75835
75840
75846
75866
75871
75895
75920
75925
75940
75957
75960
75966
75969
75972
75973
75992
76004
76013
76014
76016
76018
76025
76040
76043
76045
76077
76078
76084
76097
76103
76130
76174
76179
76180
76182
76192
76241
76265
76293
76297
76305
76307
76319
76360
76365
76370
76378
76378
76400
76424
76447
76448
76461
76469
76471
76473
76484
76489
76503
76512
76513
76514
76551
76561
76588
76591
76601
76627
76631
76632
76642
76651
76659
76665
76670
76674
76676
76684
76687
76696
76707
76717
76724
76724
76763
76784
76790
76793
76809
76818
76819
76824
76831
76837
76843
76850
76857
76861
76867
76876
76876
76881
76905
76905
76906
76919
76975
76976
77005
77012
77013
77024
77033
77034
77041
77041
77045
77061
77065
77067
77072
77083
77095
77112
77127
77130
77132
77132
77140
77148
77150
77151
77155
77156
77170
77200
77203
77221
77226
77229
77232
77234
77237
77252
77260
77274
77281
77282
77309
77314
77321
77333
77344
77362
77363
77365
77406
77407
77421
77422
77430
77431
77433
77449
77453
77472
77473
77482
77494
77529
77546
77548
77571
77591
77594
77596
77613
77619
77624
77632
77638
77638
77644
77668
77671
77673
77674
77717
77720
77723
77732
77743
77746
77758
77769
77774
77777
77782
77818
77821
77828
77841
77856
77859
77861
77880
77883
77884
77884
77900
77904
77919
77930
77931
77947
77947
77957
77961
77976
77987
78011
78035
78038
78075
78079
78079
78085
78085
78087
78092
78097
78101
78114
78127
78134
78166
78180
78182
78187
78194
78197
78198
78203
78205
78214
78215
78225
78238
78242
78243
78245
78245
78247
78256
78265
78291
78292
78309
78334
78354
78367
78371
78374
78375
78386
78388
78389
78401
78407
78420
78423
78423
78427
78453
78469
78492
78502
78502
78509
78514
78514
78514
78516
78530
78533
78540
78579
78586
78592
78601
78632
78642
78664
78676
78682
78690
78692
78707
78716
78716
78721
78729
78734
78735
78735
78737
78740
78741
78747
78759
78777
78785
78812
78829
78838
78839
78840
78840
78862
78881
78895
78895
78913
78950
78954
78970
78979
78983
78995
79006
79010
79017
79032
79044
79057
79063
79074
79091
79114
79119
79120
79125
79128
79133
79136
79154
79155
79160
79165
79169
79178
79204
79205
79212
79224
79227
79238
79243
79248
79249
79255
79256
79268
79272
79288
79307
79315
79324
79362
79382
79384
79391
79405
79406
79407
79458
79464
79478
79481
79533
79543
79549
79554
79555
79557
79567
79576
79600
79600
79611
79619
79620
79622
79628
79646
79654
79659
79672
79681
79705
79731
79742
79744
79747
79750
79784
79793
79793
79803
79827
79836
79853
79881
79884
79885
79890
79891
79915
79922
79927
79932
79961
79963
79966
79972
79974
79978
79986
80000
80001
80005
80006
80007
80017
80026
80026
80027
80027
80029
80050
80052
80057
80066
80073
80079
80101
80107
80141
80174
80187
80192
80203
80206
80217
80222
80227
80227
80228
80238
80239
80241
80245
80264
80274
80284
80287
80299
80334
80337
80341
80347
80361
80363
80364
80394
80400
80416
80434
80480
80485
80486
80520
80532
80540
80549
80553
80559
80572
80583
80589
80591
80592
80601
80609
80615
80618
80648
80650
80659
80661
80672
80694
80710
80713
80731
80764
80771
80772
80780
80803
80814
80828
80847
80847
80853
80858
80898
80902
80922
80932
80957
80961
80967
80974
80976
81009
81026
81026
81026
81036
81037
81043
81045
81047
81063
81076
81080
81088
81089
81120
81151
81189
81202
81210
81211
81231
81248
81249
81251
81256
81257
81280
81281
81282
81308
81308
81316
81321
81341
81355
81356
81365
81419
81422
81429
81448
81462
81470
81490
81490
81497
81523
81540
81546
81549
81562
81577
81631
81631
81632
81638
81643
81648
81654
81657
81658
81671
81679
81684
81701
81709
81713
81721
81740
81748
81750
81759
81761
81767
81770
81779
81790
81815
81831
81852
81867
81876
81921
81926
81927
81934
81944
81950
81961
81972
81977
81998
81999
82002
82004
82019
82059
82065
82068
82082
82083
82089
82114
82125
82146
82148
82150
82158
82164
82170
82179
82180
82187
82188
82190
82211
82213
82231
82252
82260
82265
82305
82306
82338
82339
82344
82347
82355
82359
82377
82379
82384
82399
82409
82409
82413
82425
82438
82438
82448
82451
82463
82466
82492
82540
82548
82548
82556
82557
82559
82565
82568
82579
82601
82604
82610
82613
82624
82656
82675
82689
82702
82704
82705
82707
82709
82717
82717
82728
82739
82752
82780
82835
82838
82866
82881
82885
82888
82899
82901
82937
82966
83001
83006
83031
83032
83058
83075
83091
83092
83100
83112
83131
83133
83149
83152
83152
83154
83161
83165
83183
83190
83200
83205
83213
83232
83244
83253
83257
83259
83259
83300
83320
83325
83347
83350
83385
83394
83418
83423
83424
83426
83433
83441
83441
83444
83465
83483
83486
83486
83491
83499
83500
83512
83516
83520
83528
83530
83530
83546
83553
83574
83582
83591
83601
83604
83610
83626
83645
83652
83656
83661
83668
83689
83690
83701
83715
83723
83731
83744
83745
83756
83772
83778
83792
83798
83830
83837
83861
83877
83878
83880
83892
83903
83916
83916
83922
83926
83971
83975
83994
83998
84003
84007
84011
84011
84017
84019
84028
84031
84031
84069
84069
84069
84078
84083
84089
84145
84159
84166
84170
84180
84185
84186
84203
84220
84221
84238
84241
84252
84253
84297
84309
84373
84375
84386
84387
84395
84397
84405
84412
84415
84440
84442
84450
84452
84452
84456
84491
84501
84504
84518
84531
84549
84550
84576
84580
84599
84615
84631
84646
84650
84681
84700
84700
84705
84717
84721
84723
84724
84734
84739
84749
84764
84783
84789
84792
84793
84805
84812
84815
84841
84844
84850
84852
84861
84872
84876
84879
84880
84895
84896
84902
84904
84926
84936
84940
84941
84949
84952
84990
85002
85016
85046
85051
85053
85058
85061
85070
85075
85088
85097
85098
85130
85153
85189
85191
85206
85206
85209
85212
85261
85262
85297
85299
85299
85318
85333
85349
85358
85378
85383
85393
85399
85417
85432
85434
85437
85438
85447
85463
85477
85483
85486
85496
85503
85505
85512
85513
85527
85532
85561
85574
85586
85595
85597
85603
85611
85624
85626
85633
85651
85654
85660
85669
85682
85687
85721
85725
85726
85732
85745
85763
85768
85777
85779
85783
85785
85801
85812
85819
85831
85856
85861
85867
85870
85871
85873
85883
85920
85968
86012
86022
86037
86039
86041
86047
86065
86069
86073
86081
86102
86115
86126
86164
86167
86185
86188
86195
86204
86209
86242
86254
86288
86289
86296
86335
86337
86342
86350
86387
86391
86399
86415
86418
86433
86438
86463
86472
86479
86481
86519
86521
86544
86553
86554
86563
86573
86575
86586
86599
86619
86627
86640
86652
86673
86676
86700
86702
86711
86741
86752
86756
86779
86785
86785
86791
86791
86793
86793
86795
86807
86843
86851
86855
86860
86860
86863
86864
86879
86902
86915
86919
86921
86934
86934
86944
86954
86972
86973
86984
86985
86986
86986
86998
87034
87041
87042
87071
87072
87079
87080
87089
87106
87114
87178
87188
87189
87195
87198
87208
87208
87211
87222
87239
87273
87290
87290
87321
87326
87342
87344
87354
87361
87362
87368
87371
87374
87386
87390
87392
87398
87398
87400
87457
87470
87475
87503
87537
87539
87541
87551
87570
87574
87608
87613
87628
87632
87633
87640
87656
87659
87668
87684
87684
87692
87703
87735
87765
87770
87799
87820
87822
87849
87851
87853
87867
87878
87879
87882
87886
87891
87932
87935
87939
87950
87952
87961
87972
87983
87987
87994
87994
87997
88013
88026
88027
88054
88064
88084
88095
88107
88107
88116
88117
88119
88122
88149
88156
88160
88161
88174
88192
88192
88202
88223
88232
88236
88245
88246
88263
88281
88283
88315
88323
88327
88342
88345
88349
88355
88355
88366
88374
88402
88404
88404
88416
88425
88428
88448
88460
88469
88479
88518
88527
88536
88560
88574
88600
88603
88609
88629
88656
88677
88680
88698
88708
88724
88724
88724
88734
88737
88742
88744
88750
88758
88761
88762
88767
88783
88803
88806
88808
88809
88811
88812
88827
88834
88849
88854
88863
88863
88870
88881
88886
88896
88925
88951
88953
88953
88954
88955
88970
88974
88985
88994
88995
89005
89012
89013
89020
89021
89026
89047
89050
89050
89052
89069
89082
89093
89106
89112
89143
89165
89180
89225
89226
89240
89248
89255
89267
89318
89338
89340
89348
89362
89372
89378
89397
89424
89425
89430
89437
89468
89489
89503
89505
89507
89513
89515
89517
89518
89519
89528
89529
89533
89543
89555
89561
89570
89578
89610
89610
89613
89640
89653
89686
89702
89703
89710
89710
89713
89724
89726
89739
89749
89750
89750
89759
89766
89766
89780
89784
89785
89814
89825
89842
89850
89857
89871
89877
89877
89883
89927
89931
89935
89942
89945
89949
89951
89954
89963
89979
89981
89984
90002
90021
90034
90040
90041
90065
90072
90093
90097
90102
90106
90108
90112
90120
90121
90135
90142
90154
90158
90159
90160
90205
90223
90233
90238
90241
90250
90263
90268
90272
90283
90293
90304
90312
90316
90321
90324
90324
90327
90330
90332
90342
90349
90359
90371
90417
90421
90449
90463
90475
90483
90497
90504
90511
90524
90542
90542
90557
90557
90563
90574
90587
90609
90614
90636
90638
90642
90647
90677
90683
90683
90686
90701
90703
90710
90718
90729
90743
90747
90791
90791
90792
90839
90851
90867
90872
90874
90877
90879
90884
90890
90926
90934
90963
90964
90973
90978
90983
90994
91012
91013
91015
91015
91126
91131
91145
91149
91159
91166
91174
91174
91178
91227
91242
91247
91250
91257
91272
91273
91283
91297
91301
91301
91314
91324
91328
91343
91352
91363
91372
91403
91404
91406
91419
91420
91425
91425
91441
91452
91475
91508
91513
91534
91563
91570
91583
91590
91600
91605
91605
91622
91646
91655
91663
91682
91714
91721
91725
91738
91744
91779
91796
91797
91804
91807
91818
91823
91847
91848
91854
91856
91856
91875
91877
91880
91881
91883
91883
91894
91898
91899
91901
91902
91910
91926
91958
91966
91969
91979
91981
91985
92015
92034
92036
92036
92041
92067
92082
92083
92087
92088
92106
92140
92148
92154
92155
92163
92165
92174
92180
92183
92191
92194
92196
92205
92210
92227
92232
92238
92239
92243
92271
92284
92295
92313
92329
92338
92344
92347
92352
92359
92379
92387
92409
92409
92435
92438
92515
92526
92532
92538
92544
92560
92562
92563
92572
92577
92598
92605
92613
92614
92620
92621
92638
92645
92650
92664
92665
92670
92692
92729
92753
92761
92770
92770
92775
92785
92792
92804
92804
92812
92815
92832
92851
92854
92864
92916
92918
92941
92945
92958
92977
92981
92983
92988
93007
93007
93009
93022
93048
93053
93069
93077
93091
93097
93103
93120
93133
93137
93151
93153
93187
93192
93209
93212
93214
93218
93221
93226
93240
93250
93254
93263
93276
93283
93293
93302
93312
93320
93329
93334
93335
93345
93345
93354
93356
93368
93373
93379
93381
93392
93396
93440
93455
93455
93478
93482
93489
93507
93517
93518
93524
93539
93543
93550
93556
93570
93582
93582
93594
93594
93597
93622
93632
93648
93653
93663
93672
93674
93679
93688
93694
93718
93729
93734
93735
93739
93769
93775
93780
93787
93810
93812
93815
93820
93822
93836
93845
93853
93857
93858
93877
93878
93880
93902
93904
93905
93924
93926
93927
93928
93930
93931
93941
93948
93962
93963
93963
94016
94017
94020
94035
94044
94045
94045
94064
94087
94089
94090
94093
94099
94103
94117
94129
94143
94144
94152
94153
94155
94163
94164
94183
94183
94188
94194
94197
94201
94224
94229
94240
94240
94242
94294
94307
94311
94320
94337
94342
94369
94375
94375
94377
94378
94400
94401
94413
94422
94435
94441
94441
94444
94447
94447
94486
94504
94514
94531
94569
94572
94573
94577
94608
94609
94615
94619
94623
94624
94646
94680
94684
94696
94710
94710
94716
94719
94727
94744
94749
94752
94754
94772
94775
94818
94826
94829
94844
94850
94872
94893
94893
94905
94906
94907
94914
94920
94920
94924
94966
94979
95001
95021
95030
95031
95039
95050
95053
95054
95057
95058
95077
95131
95135
95149
95159
95176
95188
95188
95197
95206
95211
95222
95246
95263
95289
95307
95344
95350
95356
95384
95386
95386
95393
95404
95412
95426
95434
95474
95498
95506
95506
95525
95531
95533
95569
95576
95601
95607
95625
95630
95640
95641
95651
95654
95655
95678
95688
95696
95707
95740
95749
95766
95767
95813
95827
95832
95837
95871
95906
95927
95944
95948
95958
95967
95986
96010
96045
96049
96052
96055
96075
96095
96100
96107
96108
96115
96126
96135
96151
96168
96175
96195
96203
96209
96217
96251
96278
96279
96290
96291
96301
96305
96305
96307
96341
96346
96346
96351
96374
96385
96394
96409
96475
96489
96511
96529
96555
96577
96580
96583
96592
96597
96601
96601
96603
96606
96610
96617
96617
96625
96638
96645
96646
96655
96656
96662
96666
96672
96680
96689
96690
96709
96723
96763
96765
96768
96772
96787
96794
96820
96840
96852
96874
96883
96896
96907
96911
96954
96957
96959
96969
96982
96986
96987
96989
97011
97016
97017
97024
97025
97029
97033
97036
97036
97040
97042
97058
97061
97074
97080
97083
97086
97088
97100
97105
97122
97129
97133
97136
97141
97144
97148
97173
97186
97191
97203
97213
97224
97231
97237
97254
97258
97258
97261
97269
97282
97284
97290
97299
97302
97322
97329
97345
97346
97361
97374
97378
97379
97384
97386
97386
97411
97411
97426
97433
97439
97441
97449
97460
97471
97483
97496
97529
97539
97548
97644
97645
97655
97676
97689
97694
97700
97703
97705
97712
97712
97716
97724
97732
97734
97750
97768
97779
97834
97839
97844
97852
97860
97862
97874
97890
97920
97928
97938
97953
97955
97963
97975
97982
97989
97996
97999
98005
98013
98026
98031
98037
98041
98043
98048
98054
98061
98067
98090
98101
98103
98110
98117
98137
98138
98147
98185
98194
98197
98233
98240
98244
98263
98275
98285
98311
98315
98334
98334
98334
98341
98342
98368
98371
98407
98412
98426
98432
98441
98453
98457
98468
98470
98485
98497
98540
98548
98555
98571
98574
98577
98583
98593
98594
98607
98613
98625
98626
98641
98648
98659
98668
98682
98689
98710
98711
98720
98720
98723
98730
98737
98738
98738
98746
98753
98757
98763
98763
98765
98769
98769
98780
98783
98798
98804
98813
98822
98824
98834
98887
98906
98933
98943
98960
98974
98982
98988
98995
98996
99007
99010
99010
99013
99015
99033
99035
99044
99052
99055
99056
99069
99074
99076
99085
99107
99108
99132
99136
99147
99169
99184
99187
99192
99218
99222
99231
99237
99241
99269
99272
99272
99278
99289
99298
99322
99325
99325
99333
99340
99341
99364
99373
99379
99393
99395
99397
99401
99405
99408
99408
99424
99430
99448
99451
99463
99483
99495
99517
99518
99536
99545
99551
99560
99579
99580
99583
99584
99588
99618
99641
99641
99675
99697
99704
99729
99760
99771
99779
99780
99798
99821
99838
99844
99849
99852
99853
99860
99867
99869
99869
99879
99879
99886
99894
99907
99911
99922
99927
99950
99961
99966
99972
99973
99991
