34
44
47
47
47
50
65
78
79
84
88
95
109
127
129
130
152
156
186
193
196
198
201
208
213
215
229
230
230
239
239
256
260
276
281
289
291
293
324
326
328
356
357
364
389
404
406
422
450
463
466
478
479
486
490
492
501
512
514
516
531
550
560
563
566
570
575
586
589
590
596
614
622
624
629
642
646
648
654
657
660
664
667
673
676
685
707
737
745
757
762
767
773
776
778
785
785
792
794
806
820
821
826
827
836
839
846
892
899
929
974
991
1004
1008
1013
1026
1033
1047
1052
1058
1092
1092
1097
1097
1134
1142
1149
1170
1171
1181
1189
1192
1212
1233
1262
1263
1272
1280
1305
1354
1360
1361
1362
1366
1369
1372
1379
1381
1394
1427
1439
1456
1463
1474
1502
1507
1509
1536
1537
1546
1548
1552
1554
1563
1572
1584
1596
1606
1610
1674
1707
1712
1712
1719
1721
1723
1732
1745
1754
1754
1760
1761
1768
1780
1785
1790
1791
1802
1804
1814
1828
1833
1835
1863
1868
1908
1917
1919
1945
1948
1951
1952
1964
1968
1969
1982
1996
2000
2019
2070
2076
2101
2112
2122
2132
2142
2142
2176
2180
2185
2203
2211
2217
2224
2228
2235
2248
2250
2265
2271
2289
2290
2298
2306
2327
2328
2348
2358
2358
2376
2381
2399
2425
2435
2465
2466
2476
2478
2480
2491
2517
2546
2556
2558
2574
2591
2594
2607
2611
2625
2625
2626
2635
2638
2646
2653
2657
2657
2667
2668
2698
2738
2741
2744
2745
2747
2765
2769
2780
2781
2793
2799
2802
2805
2810
2815
2815
2850
2853
2854
2880
2884
2889
2912
2923
2951
2954
2956
2968
2977
3014
3021
3025
3028
3034
3054
3056
3093
3093
3107
3110
3139
3149
3183
3195
3198
3211
3212
3214
3222
3223
3223
3235
3244
3248
3249
3265
3287
3292
3304
3314
3344
3345
3349
3366
3375
3377
3380
3429
3447
3462
3472
3484
3485
3490
3490
3493
3507
3518
3519
3520
3521
3534
3543
3546
3549
3550
3559
3568
3573
3579
3582
3610
3629
3630
3633
3650
3655
3661
3664
3668
3678
3693
3708
3712
3716
3729
3738
3753
3757
3758
3769
3773
3781
3796
3820
3833
3847
3847
3850
3858
3860
3860
3862
3863
3877
3878
3894
3898
3915
3920
3939
3941
3946
3959
3961
3977
3988
4014
4021
4026
4034
4040
4057
4058
4071
4077
4081
4093
4098
4107
4117
4142
4143
4153
4167
4170
4172
4178
4202
4212
4238
4242
4248
4258
4270
4281
4283
4285
4287
4288
4291
4313
4324
4333
4342
4356
4356
4358
4417
4420
4421
4424
4431
4432
4434
4449
4452
4462
4471
4484
4492
4497
4523
4526
4530
4531
4538
4549
4550
4551
4560
4586
4588
4601
4605
4605
4608
4608
4632
4666
4676
4686
4690
4692
4711
4725
4734
4738
4756
4757
4758
4760
4768
4782
4789
4795
4805
4806
4810
4814
4827
4833
4847
4852
4866
4867
4883
4909
4914
4928
4928
4934
4945
4946
4954
4974
4993
5008
5014
5032
5034
5043
5055
5057
5064
5077
5078
5088
5090
5092
5129
5135
5163
5164
5165
5171
5179
5186
5191
5192
5205
5218
5220
5223
5223
5236
5258
5281
5288
5322
5327
5329
5334
5336
5340
5342
5348
5353
5373
5380
5395
5398
5402
5402
5405
5405
5418
5426
5431
5433
5434
5439
5448
5466
5469
5471
5486
5489
5510
5520
5521
5526
5528
5529
5533
5545
5554
5555
5556
5558
5574
5583
5598
5604
5606
5629
5645
5648
5666
5667
5674
5686
5687
5707
5713
5718
5721
5730
5742
5754
5755
5756
5769
5772
5780
5781
5807
5810
5850
5853
5884
5889
5893
5904
5913
5922
5934
5942
5961
5967
5973
5974
5983
5990
5999
6002
6005
6006
6019
6066
6067
6068
6085
6086
6088
6095
6101
6101
6104
6116
6121
6141
6141
6147
6151
6155
6158
6176
6189
6193
6198
6209
6212
6227
6227
6232
6279
6292
6292
6305
6307
6319
6324
6331
6350
6356
6359
6374
6384
6395
6408
6408
6414
6435
6442
6446
6454
6455
6459
6464
6472
6479
6488
6498
6510
6523
6538
6543
6557
6557
6565
6568
6591
6594
6605
6607
6612
6626
6646
6662
6699
6700
6705
6719
6720
6726
6727
6730
6740
6740
6741
6749
6752
6781
6781
6787
6808
6830
6844
6858
6869
6881
6896
6911
6912
6926
6937
6940
6942
6943
6943
6965
7018
7045
7061
7062
7069
7092
7094
7109
7113
7132
7137
7164
7171
7181
7181
7183
7184
7217
7221
7233
7242
7247
7252
7258
7267
7268
7301
7312
7320
7322
7324
7337
7342
7370
7374
7375
7378
7415
7424
7430
7436
7451
7454
7454
7482
7495
7502
7503
7549
7551
7570
7581
7589
7589
7619
7629
7650
7660
7666
7669
7670
7676
7682
7688
7698
7711
7714
7729
7737
7745
7751
7766
7768
7804
7807
7814
7815
7832
7833
7839
7846
7851
7866
7875
7881
7900
7902
7911
7915
7932
7940
7948
7949
7968
7969
7970
7973
7993
7996
8001
8003
8007
8015
8025
8036
8038
8044
8047
8056
8072
8083
8086
8092
8114
8119
8124
8125
8136
8136
8169
8178
8188
8204
8231
8247
8280
8306
8314
8328
8333
8367
8382
8403
8437
8453
8457
8464
8469
8473
8509
8521
8536
8539
8550
8563
8564
8580
8589
8595
8599
8604
8619
8638
8646
8654
8657
8665
8665
8677
8682
8685
8693
8697
8717
8722
8725
8735
8793
8798
8800
8815
8815
8820
8821
8828
8843
8852
8861
8862
8875
8882
8884
8888
8890
8928
8945
8983
8983
8984
8995
8998
9003
9007
9015
9018
9020
9020
9031
9035
9038
9042
9045
9048
9057
9062
9066
9076
9104
9108
9130
9137
9168
9170
9173
9174
9176
9203
9208
9211
9217
9226
9232
9239
9257
9257
9289
9296
9306
9306
9307
9308
9313
9318
9340
9342
9351
9360
9416
9417
9423
9426
9430
9436
9447
9474
9477
9477
9498
9498
9500
9511
9546
9550
9559
9565
9566
9567
9568
9570
9571
9579
9597
9597
9605
9607
9611
9619
9622
9625
9629
9630
9661
9687
9689
9690
9693
9706
9709
9711
9730
9744
9750
9755
9757
9758
9761
9763
9798
9823
9824
9827
9842
9858
9866
9875
9886
9889
9900
9924
9928
9943
9950
9952
9958
9971
9972
9991
9993
9995
9995
9999
10003
10008
10015
10017
10020
10039
10043
10048
10056
10065
10078
10079
10087
10092
10094
10098
10103
10108
10114
10115
10125
10136
10157
10158
10162
10168
10171
10175
10180
10188
10206
10226
10247
10248
10268
10270
10302
10309
10317
10323
10325
10333
10340
10389
10391
10392
10397
10410
10414
10443
10453
10454
10469
10473
10474
10489
10495
10498
10515
10531
10545
10570
10573
10578
10592
10611
10614
10631
10634
10642
10644
10646
10647
10649
10658
10679
10688
10688
10698
10720
10720
10738
10741
10750
10753
10753
10755
10763
10779
10795
10801
10822
10830
10841
10845
10851
10852
10854
10856
10863
10872
10875
10884
10888
10889
10899
10906
10910
10912
10949
10960
10973
10978
10982
10988
10997
11018
11021
11052
11064
11065
11068
11070
11078
11081
11083
11088
11096
11098
11121
11131
11143
11168
11169
11172
11176
11189
11189
11192
11196
11198
11207
11215
11220
11234
11234
11238
11284
11285
11295
11303
11318
11342
11344
11350
11366
11366
11372
11377
11378
11385
11391
11396
11406
11415
11415
11421
11426
11429
11430
11448
11460
11469
11477
11493
11496
11528
11535
11549
11566
11567
11571
11624
11637
11653
11661
11667
11671
11700
11716
11729
11737
11747
11747
11750
11781
11805
11808
11809
11810
11820
11825
11834
11848
11857
11883
11898
11911
11919
11938
11942
11944
11946
11957
11964
11969
11970
11979
11980
11985
11995
11996
12044
12049
12057
12083
12090
12112
12122
12126
12138
12141
12147
12153
12156
12167
12169
12180
12183
12192
12196
12207
12241
12244
12256
12278
12289
12290
12291
12292
12313
12324
12334
12337
12340
12340
12340
12361
12363
12383
12391
12395
12411
12424
12438
12444
12447
12454
12466
12473
12479
12480
12492
12492
12494
12498
12517
12526
12528
12543
12551
12555
12569
12573
12576
12579
12580
12583
12599
12612
12613
12617
12633
12638
12644
12644
12671
12680
12687
12702
12712
12717
12732
12739
12763
12772
12775
12797
12800
12801
12812
12835
12853
12853
12864
12864
12868
12873
12878
12896
12919
12932
12943
12959
12960
12976
13003
13027
13065
13070
13093
13097
13100
13111
13112
13115
13118
13131
13142
13147
13153
13154
13154
13157
13165
13178
13184
13194
13194
13202
13238
13238
13247
13252
13273
13275
13278
13283
13287
13290
13311
13312
13320
13332
13365
13376
13402
13403
13418
13426
13427
13430
13438
13445
13456
13466
13470
13476
13487
13494
13494
13502
13505
13507
13549
13566
13567
13571
13583
13612
13619
13625
13635
13642
13644
13658
13664
13669
13701
13702
13721
13745
13751
13771
13776
13776
13785
13794
13797
13802
13805
13805
13807
13814
13819
13822
13827
13836
13842
13843
13849
13861
13866
13867
13888
13909
13909
13912
13912
13928
13933
13941
13956
13959
13964
13965
13967
13978
14009
14020
14082
14085
14094
14105
14106
14108
14113
14117
14127
14137
14137
14157
14165
14176
14199
14203
14215
14224
14228
14228
14244
14244
14261
14272
14284
14288
14295
14307
14320
14341
14355
14358
14383
14388
14399
14399
14400
14404
14408
14415
14417
14423
14434
14469
14480
14486
14488
14490
14500
14500
14525
14525
14526
14533
14549
14565
14567
14577
14580
14605
14611
14620
14628
14631
14649
14652
14661
14668
14688
14690
14706
14707
14709
14717
14732
14746
14770
14773
14773
14794
14831
14839
14844
14849
14862
14889
14891
14892
14901
14908
14930
14957
14990
14997
15007
15016
15021
15025
15037
15051
15063
15065
15078
15102
15110
15130
15134
15134
15137
15138
15162
15183
15198
15212
15219
15220
15221
15225
15241
15241
15245
15264
15268
15268
15333
15337
15344
15368
15369
15378
15379
15380
15384
15389
15406
15416
15446
15449
15459
15469
15470
15479
15523
15526
15564
15574
15584
15586
15602
15605
15615
15616
15631
15634
15659
15662
15671
15677
15690
15700
15706
15719
15730
15740
15741
15747
15750
15762
15785
15799
15809
15820
15837
15842
15842
15871
15897
15900
15927
15938
15941
15956
15964
15977
15989
16000
16008
16019
16032
16036
16065
16075
16089
16097
16098
16120
16127
16141
16148
16151
16151
16153
16155
16162
16162
16162
16175
16176
16182
16196
16205
16207
16208
16212
16235
16256
16286
16296
16307
16311
16316
16321
16322
16325
16334
16356
16359
16392
16398
16417
16431
16440
16444
16451
16451
16465
16466
16487
16492
16498
16502
16506
16532
16534
16564
16569
16577
16580
16584
16590
16604
16618
16643
16658
16686
16690
16693
16712
16727
16728
16736
16748
16750
16758
16766
16774
16784
16796
16810
16815
16846
16862
16865
16885
16887
16898
16914
16923
16925
16938
16941
16949
16952
16956
16968
16974
16976
16991
16997
17012
17061
17078
17079
17083
17096
17096
17099
17112
17152
17160
17168
17181
17194
17195
17198
17198
17209
17214
17243
17244
17244
17255
17263
17267
17277
17282
17283
17286
17300
17303
17314
17317
17319
17322
17376
17394
17444
17447
17456
17463
17463
17472
17478
17484
17489
17492
17492
17493
17517
17525
17527
17531
17533
17537
17546
17549
17582
17594
17597
17605
17605
17629
17635
17656
17667
17674
17681
17681
17696
17745
17753
17761
17775
17795
17799
17811
17817
17830
17835
17847
17857
17867
17881
17882
17890
17893
17895
17904
17940
17977
18008
18027
18032
18034
18043
18046
18068
18069
18071
18088
18100
18117
18121
18130
18147
18153
18157
18157
18157
18169
18177
18179
18188
18201
18205
18212
18218
18227
18228
18235
18240
18240
18269
18269
18277
18281
18283
18283
18286
18294
18323
18335
18347
18362
18364
18373
18373
18394
18397
18400
18403
18409
18411
18434
18455
18465
18465
18494
18525
18534
18551
18564
18567
18583
18609
18646
18651
18658
18666
18679
18695
18696
18702
18712
18722
18730
18740
18746
18765
18773
18773
18784
18787
18790
18802
18815
18833
18840
18853
18861
18871
18897
18898
18899
18914
18925
18932
18944
18983
18997
19007
19008
19012
19026
19032
19033
19038
19039
19041
19056
19058
19060
19064
19067
19076
19080
19080
19106
19117
19162
19213
19224
19233
19273
19283
19294
19297
19304
19308
19311
19325
19365
19369
19376
19379
19397
19417
19419
19421
19431
19438
19444
19471
19494
19518
19518
19522
19523
19526
19572
19580
19598
19609
19614
19618
19631
19632
19643
19659
19669
19686
19689
19689
19708
19711
19728
19739
19744
19749
19749
19764
19768
19798
19810
19823
19832
19839
19844
19858
19867
19869
19869
19886
19891
19917
19922
19931
19942
19945
19959
19963
19971
19987
19988
20000
20024
20044
20048
20083
20092
20112
20116
20117
20124
20127
20134
20138
20150
20153
20155
20160
20171
20193
20195
20195
20196
20201
20204
20210
20225
20231
20256
20269
20272
20306
20310
20314
20330
20334
20343
20351
20361
20375
20388
20393
20394
20417
20442
20449
20452
20454
20456
20460
20466
20474
20479
20482
20501
20502
20507
20518
20523
20526
20530
20540
20540
20545
20554
20574
20586
20587
20594
20609
20611
20683
20685
20693
20693
20698
20711
20720
20723
20731
20764
20772
20784
20802
20813
20848
20850
20852
20867
20886
20921
20922
20926
20970
20989
20989
21005
21030
21046
21048
21059
21061
21080
21091
21093
21103
21128
21128
21132
21135
21135
21145
21149
21156
21159
21159
21160
21164
21194
21195
21213
21219
21227
21239
21266
21268
21274
21302
21308
21312
21320
21358
21379
21387
21387
21430
21431
21438
21448
21452
21464
21467
21492
21512
21517
21524
21533
21541
21548
21551
21552
21553
21558
21559
21564
21566
21572
21583
21586
21596
21600
21623
21630
21660
21676
21680
21684
21707
21710
21717
21719
21721
21769
21773
21784
21801
21804
21809
21815
21825
21826
21844
21850
21866
21877
21879
21885
21909
21910
21917
21922
21930
21933
21958
21962
21967
21987
21997
22015
22027
22069
22108
22113
22129
22141
22147
22159
22181
22189
22203
22204
22204
22217
22234
22250
22251
22257
22271
22282
22299
22319
22327
22330
22337
22377
22380
22390
22391
22397
22404
22414
22428
22447
22448
22450
22460
22462
22462
22466
22474
22487
22499
22519
22520
22521
22527
22528
22562
22572
22579
22582
22641
22650
22657
22661
22669
22686
22689
22691
22739
22742
22745
22755
22758
22761
22761
22770
22776
22803
22812
22816
22835
22864
22870
22875
22881
22886
22893
22902
22926
22926
22928
22929
22966
22969
22975
22976
22990
22992
22995
23005
23007
23022
23030
23035
23036
23044
23045
23051
23055
23064
23068
23095
23109
23119
23142
23148
23152
23163
23166
23175
23176
23194
23196
23213
23238
23256
23266
23292
23296
23304
23311
23319
23332
23347
23347
23366
23373
23375
23391
23408
23419
23426
23431
23436
23440
23452
23457
23458
23467
23472
23491
23499
23504
23514
23515
23532
23546
23559
23569
23584
23590
23597
23609
23618
23645
23666
23671
23687
23694
23699
23704
23715
23732
23735
23736
23738
23743
23763
23777
23789
23801
23830
23836
23838
23839
23842
23846
23849
23866
23869
23870
23885
23913
23928
23931
23931
23932
23941
23947
23949
23957
23981
23996
24002
24005
24006
24018
24027
24054
24080
24095
24111
24114
24118
24122
24135
24136
24142
24155
24172
24179
24188
24190
24205
24208
24228
24244
24264
24268
24278
24294
24304
24316
24319
24344
24352
24354
24358
24372
24375
24377
24378
24381
24386
24399
24420
24449
24460
24477
24478
24495
24495
24498
24511
24514
24514
24528
24533
24539
24543
24574
24586
24600
24610
24618
24636
24659
24666
24676
24677
24693
24716
24718
24726
24732
24739
24754
24762
24766
24773
24774
24784
24789
24789
24812
24818
24819
24825
24845
24851
24854
24857
24859
24872
24883
24891
24938
24942
24955
24955
24963
24979
24986
24988
25002
25025
25027
25039
25039
25043
25065
25066
25074
25154
25165
25170
25177
25193
25199
25210
25215
25219
25221
25226
25232
25235
25265
25276
25277
25289
25301
25367
25368
25375
25377
25381
25416
25417
25423
25437
25440
25450
25461
25463
25465
25479
25492
25501
25502
25525
25536
25538
25547
25556
25579
25580
25612
25617
25632
25632
25638
25639
25642
25665
25668
25686
25715
25763
25778
25786
25791
25808
25814
25837
25840
25862
25872
25877
25877
25880
25894
25911
25925
25926
25948
25957
25963
25970
25992
26011
26012
26051
26053
26055
26056
26077
26084
26121
26157
26165
26167
26178
26184
26189
26209
26220
26247
26319
26326
26344
26352
26355
26363
26369
26385
26393
26413
26422
26426
26430
26430
26431
26433
26439
26440
26441
26450
26450
26455
26458
26467
26482
26484
26510
26523
26523
26532
26536
26542
26566
26578
26593
26596
26597
26605
26606
26637
26648
26684
26685
26710
26711
26722
26725
26728
26740
26743
26748
26757
26765
26790
26825
26832
26841
26843
26843
26847
26849
26858
26867
26869
26888
26891
26896
26897
26897
26910
26911
26916
26918
26927
26934
26936
26949
26972
26979
26984
26987
26990
26990
26992
26994
27041
27056
27064
27065
27082
27099
27105
27106
27111
27115
27121
27126
27135
27141
27148
27153
27169
27208
27214
27241
27242
27243
27244
27244
27250
27251
27253
27257
27275
27288
27298
27306
27324
27324
27327
27328
27334
27335
27343
27360
27372
27374
27379
27400
27404
27409
27421
27429
27462
27486
27510
27511
27514
27537
27538
27543
27554
27558
27564
27566
27583
27605
27609
27631
27660
27688
27713
27727
27737
27753
27755
27769
27785
27786
27787
27803
27834
27856
27868
27899
27909
27912
27915
27916
27927
27934
27942
27960
27961
27967
27967
27968
27971
27974
27988
27989
27996
28004
28004
28012
28014
28017
28019
28026
28033
28037
28040
28043
28048
28050
28052
28055
28089
28104
28105
28117
28119
28124
28126
28133
28143
28145
28149
28150
28157
28164
28205
28209
28236
28242
28261
28310
28314
28320
28321
28329
28330
28337
28349
28352
28359
28359
28372
28380
28395
28416
28424
28440
28450
28451
28473
28487
28497
28499
28509
28511
28521
28534
28535
28556
28566
28575
28587
28590
28595
28626
28651
28654
28660
28666
28679
28701
28704
28735
28784
28788
28800
28809
28845
28862
28881
28890
28898
28903
28904
28909
28915
28934
28937
28940
28940
28961
28964
28965
28989
28993
29017
29021
29030
29030
29036
29053
29059
29064
29066
29067
29074
29077
29080
29087
29107
29112
29116
29117
29118
29125
29132
29133
29139
29141
29156
29165
29167
29175
29179
29186
29193
29201
29201
29220
29233
29236
29238
29258
29274
29276
29290
29301
29328
29332
29335
29342
29347
29355
29375
29379
29398
29399
29413
29433
29436
29446
29460
29460
29471
29488
29491
29494
29494
29516
29521
29525
29545
29551
29561
29576
29594
29616
29633
29642
29643
29654
29656
29681
29692
29712
29714
29716
29726
29738
29739
29748
29751
29756
29758
29766
29768
29774
29792
29795
29820
29825
29825
29831
29851
29876
29876
29877
29887
29917
29927
29935
29944
29975
29987
29989
29994
30010
30010
30012
30017
30039
30042
30047
30053
30054
30066
30066
30102
30104
30125
30135
30153
30165
30178
30182
30183
30191
30193
30200
30203
30220
30222
30225
30235
30248
30257
30268
30269
30270
30271
30284
30285
30286
30293
30294
30296
30297
30324
30328
30339
30341
30351
30364
30386
30405
30411
30416
30420
30457
30487
30497
30527
30531
30534
30540
30550
30555
30566
30566
30567
30573
30583
30604
30607
30609
30612
30616
30621
30636
30636
30679
30680
30707
30709
30712
30719
30737
30758
30772
30778
30794
30795
30810
30824
30828
30831
30835
30838
30850
30895
30903
30919
30924
30937
30944
30974
30983
30989
30990
30991
31013
31018
31029
31034
31040
31053
31065
31071
31075
31093
31094
31111
31140
31143
31162
31168
31172
31175
31185
31197
31201
31207
31236
31239
31241
31251
31255
31272
31280
31291
31301
31307
31314
31320
31322
31347
31350
31385
31399
31401
31403
31411
31414
31449
31461
31474
31478
31483
31488
31507
31519
31525
31534
31540
31542
31543
31554
31558
31567
31575
31588
31591
31601
31603
31613
31618
31625
31630
31632
31632
31633
31637
31645
31664
31667
31701
31704
31712
31719
31741
31775
31776
31779
31784
31791
31794
31815
31836
31837
31842
31845
31875
31913
31934
31943
31948
31967
31974
31987
31999
32002
32006
32033
32037
32050
32051
32051
32053
32065
32076
32079
32085
32096
32118
32126
32135
32143
32162
32164
32167
32174
32185
32196
32197
32203
32208
32235
32243
32246
32266
32272
32279
32289
32309
32338
32348
32358
32362
32367
32384
32388
32393
32395
32396
32397
32404
32406
32416
32441
32448
32449
32453
32470
32495
32508
32508
32510
32512
32519
32520
32530
32531
32546
32549
32560
32561
32575
32595
32604
32607
32611
32618
32630
32642
32642
32647
32650
32654
32667
32673
32689
32690
32704
32731
32749
32754
32758
32764
32771
32777
32778
32784
32793
32798
32801
32802
32803
32824
32831
32831
32842
32849
32858
32860
32867
32868
32899
32904
32923
32935
32936
32938
32939
32949
32962
32966
32966
32974
32977
32978
32990
33001
33012
33023
33033
33039
33044
33046
33074
33079
33083
33090
33094
33094
33102
33136
33143
33155
33157
33158
33163
33170
33182
33195
33201
33225
33238
33247
33283
33289
33300
33300
33307
33315
33330
33333
33338
33341
33373
33375
33404
33405
33407
33408
33427
33455
33475
33509
33510
33531
33541
33597
33598
33603
33621
33622
33628
33646
33656
33664
33677
33681
33682
33689
33704
33707
33708
33729
33740
33746
33753
33759
33760
33771
33774
33792
33795
33805
33817
33820
33826
33848
33854
33857
33863
33882
33890
33914
33917
33950
33951
33954
33959
33970
33977
33984
33994
34003
34024
34025
34029
34032
34033
34035
34048
34051
34060
34086
34086
34091
34095
34135
34149
34152
34154
34159
34174
34177
34186
34187
34195
34209
34222
34227
34231
34234
34247
34250
34264
34278
34282
34289
34291
34293
34312
34361
34361
34362
34374
34383
34387
34395
34402
34403
34413
34413
34417
34423
34439
34441
34455
34457
34464
34480
34494
34517
34529
34551
34555
34558
34561
34561
34609
34618
34626
34651
34654
34704
34705
34708
34709
34712
34722
34732
34732
34756
34789
34791
34802
34805
34810
34816
34833
34837
34839
34841
34847
34849
34851
34877
34901
34922
34929
34931
34933
34934
34950
34950
34951
34953
34976
34984
34995
35006
35009
35058
35088
35101
35103
35117
35119
35124
35127
35157
35158
35173
35188
35217
35220
35233
35238
35241
35257
35261
35269
35272
35278
35279
35290
35292
35293
35310
35312
35316
35323
35336
35344
35354
35356
35357
35366
35379
35388
35400
35411
35421
35424
35424
35432
35436
35457
35467
35469
35469
35470
35472
35473
35476
35478
35501
35503
35503
35539
35545
35562
35567
35567
35583
35586
35594
35601
35618
35621
35628
35645
35655
35656
35657
35675
35676
35689
35707
35710
35718
35729
35729
35734
35737
35743
35764
35773
35775
35780
35828
35832
35832
35834
35855
35863
35865
35881
35889
35891
35906
35907
35912
35932
35945
35947
35956
35958
35962
35995
36009
36012
36013
36015
36024
36024
36037
36040
36047
36125
36153
36154
36158
36160
36163
36166
36181
36197
36205
36224
36230
36237
36259
36260
36262
36265
36270
36270
36272
36283
36302
36306
36306
36323
36332
36354
36368
36376
36376
36382
36383
36407
36410
36413
36418
36427
36431
36431
36439
36439
36444
36445
36457
36478
36487
36490
36505
36535
36555
36567
36568
36569
36574
36574
36575
36579
36626
36627
36644
36656
36656
36661
36662
36683
36694
36696
36700
36705
36713
36726
36736
36737
36738
36742
36743
36760
36774
36783
36795
36807
36815
36818
36839
36850
36851
36867
36867
36867
36869
36870
36878
36879
36879
36879
36882
36897
36909
36909
36925
36929
36937
36946
36946
36951
36957
36961
36968
36974
36975
37015
37033
37035
37043
37046
37051
37058
37066
37068
37072
37087
37090
37098
37099
37101
37119
37124
37132
37135
37173
37182
37184
37194
37215
37224
37248
37261
37297
37302
37308
37316
37344
37351
37360
37389
37407
37409
37410
37410
37411
37417
37422
37427
37437
37458
37463
37488
37520
37526
37527
37540
37544
37547
37573
37600
37630
37645
37645
37656
37659
37663
37665
37683
37686
37690
37697
37705
37725
37757
37797
37809
37845
37847
37862
37871
37875
37905
37920
37942
37948
37983
38037
38042
38044
38045
38050
38066
38069
38079
38093
38122
38134
38138
38154
38161
38172
38183
38186
38190
38212
38231
38237
38242
38244
38251
38261
38272
38274
38281
38281
38283
38285
38299
38317
38341
38342
38347
38375
38409
38409
38412
38435
38468
38468
38471
38496
38496
38504
38508
38527
38530
38534
38553
38564
38571
38580
38597
38604
38621
38627
38633
38642
38660
38680
38694
38698
38713
38725
38746
38747
38751
38754
38760
38781
38783
38788
38792
38823
38826
38845
38852
38855
38863
38863
38874
38883
38898
38901
38901
38908
38918
38932
38945
38990
38997
39038
39050
39057
39063
39064
39076
39080
39090
39104
39110
39124
39126
39152
39152
39164
39169
39182
39199
39201
39218
39223
39241
39241
39247
39250
39254
39254
39257
39260
39276
39277
39284
39301
39302
39304
39313
39323
39324
39329
39334
39336
39338
39338
39347
39352
39359
39372
39372
39379
39420
39446
39456
39460
39462
39473
39475
39477
39477
39482
39489
39498
39536
39544
39544
39599
39605
39613
39624
39628
39630
39641
39647
39661
39681
39698
39728
39735
39739
39748
39779
39805
39807
39815
39823
39871
39872
39877
39887
39888
39892
39897
39905
39914
39916
39928
39940
39942
39943
39960
39961
39969
40012
40020
40023
40024
40034
40037
40044
40053
40058
40061
40064
40076
40089
40110
40131
40135
40139
40167
40175
40194
40218
40238
40244
40245
40288
40290
40291
40292
40302
40304
40328
40330
40340
40348
40357
40363
40364
40389
40402
40404
40405
40428
40431
40436
40451
40453
40454
40459
40482
40486
40491
40493
40493
40497
40517
40517
40533
40540
40545
40550
40572
40578
40585
40589
40592
40601
40615
40619
40637
40640
40662
40676
40683
40686
40692
40710
40711
40734
40740
40749
40769
40796
40804
40811
40816
40816
40816
40866
40878
40878
40880
40881
40906
40915
40930
40942
40943
40948
40949
40972
40972
40984
40991
40992
41020
41024
41025
41051
41051
41052
41084
41086
41117
41120
41123
41126
41131
41148
41176
41181
41202
41209
41226
41237
41247
41257
41275
41295
41308
41340
41348
41367
41371
41373
41374
41377
41379
41393
41401
41402
41403
41409
41411
41428
41438
41451
41454
41464
41474
41475
41479
41480
41480
41518
41541
41545
41546
41555
41577
41609
41611
41621
41622
41627
41631
41636
41636
41667
41676
41677
41707
41720
41720
41729
41731
41744
41746
41746
41746
41747
41786
41787
41793
41815
41816
41824
41828
41847
41851
41861
41877
41893
41900
41910
41918
41926
41944
41945
41946
41957
41963
41968
41969
41997
42017
42036
42041
42044
42062
42085
42088
42101
42106
42108
42110
42113
42121
42160
42174
42185
42190
42192
42227
42252
42273
42281
42323
42328
42328
42356
42359
42382
42387
42405
42436
42436
42437
42442
42451
42456
42506
42509
42530
42534
42541
42563
42569
42578
42587
42591
42609
42609
42612
42613
42626
42632
42636
42647
42650
42653
42656
42657
42663
42664
42682
42689
42716
42721
42732
42745
42765
42767
42796
42802
42821
42830
42835
42863
42870
42881
42898
42899
42904
42910
42910
42942
42953
42954
42971
42979
42997
42999
43009
43016
43039
43072
43090
43091
43103
43114
43119
43120
43128
43129
43142
43143
43146
43151
43169
43189
43197
43215
43231
43235
43237
43237
43248
43264
43276
43298
43306
43318
43327
43344
43345
43350
43351
43355
43356
43368
43388
43395
43409
43409
43416
43416
43419
43422
43428
43434
43445
43448
43458
43459
43467
43468
43470
43485
43492
43496
43497
43506
43509
43525
43537
43560
43609
43613
43618
43619
43649
43652
43659
43682
43687
43691
43691
43698
43717
43719
43719
43719
43723
43727
43740
43761
43770
43787
43791
43796
43801
43807
43827
43828
43828
43831
43844
43865
43867
43868
43875
43875
43883
43890
43909
43928
43937
43937
43940
43947
43969
43969
43972
43981
43986
43987
43999
44004
44006
44009
44021
44026
44029
44035
44036
44057
44081
44091
44096
44105
44114
44121
44143
44158
44163
44184
44191
44191
44197
44200
44223
44240
44251
44254
44272
44274
44282
44287
44296
44311
44313
44324
44325
44325
44341
44365
44379
44390
44391
44404
44414
44435
44440
44441
44441
44445
44464
44521
44523
44524
44528
44541
44541
44553
44557
44566
44591
44592
44611
44619
44624
44632
44652
44668
44670
44674
44686
44690
44692
44701
44717
44720
44721
44724
44759
44767
44785
44785
44791
44813
44817
44836
44867
44874
44879
44888
44938
44939
44944
44959
44960
45010
45019
45026
45029
45030
45037
45041
45086
45097
45098
45106
45108
45109
45114
45117
45121
45123
45133
45145
45146
45149
45154
45166
45171
45174
45181
45181
45198
45214
45253
45256
45272
45273
45275
45284
45285
45285
45302
45308
45309
45322
45327
45327
45341
45341
45363
45364
45367
45370
45377
45378
45383
45393
45421
45423
45426
45461
45479
45481
45495
45505
45510
45516
45521
45524
45532
45537
45541
45541
45544
45559
45565
45577
45581
45588
45606
45611
45617
45627
45651
45664
45671
45673
45693
45701
45708
45724
45744
45760
45770
45783
45783
45784
45790
45811
45822
45828
45856
45857
45864
45864
45865
45889
45907
45915
45916
45916
45927
45928
45932
45957
45959
45991
45996
46021
46041
46045
46059
46105
46130
46132
46136
46137
46152
46175
46177
46193
46248
46265
46269
46295
46303
46308
46314
46325
46328
46330
46364
46373
46390
46401
46411
46417
46417
46422
46424
46434
46443
46450
46457
46463
46485
46494
46507
46515
46525
46539
46539
46556
46570
46582
46588
46588
46616
46637
46650
46675
46675
46686
46694
46707
46710
46725
46725
46727
46727
46730
46748
46773
46801
46818
46822
46829
46855
46867
46872
46874
46875
46878
46889
46897
46904
46911
46911
46922
46934
46937
46942
46946
46960
46974
46977
46984
47019
47033
47046
47047
47051
47065
47072
47074
47096
47127
47127
47141
47153
47159
47161
47172
47184
47204
47206
47223
47236
47252
47273
47281
47295
47309
47310
47313
47318
47335
47336
47341
47343
47355
47372
47380
47393
47401
47404
47410
47415
47425
47439
47450
47458
47497
47507
47517
47522
47537
47548
47552
47555
47557
47558
47560
47575
47584
47598
47626
47631
47635
47645
47646
47657
47659
47659
47662
47669
47669
47671
47687
47697
47698
47704
47707
47722
47727
47764
47777
47789
47797
47804
47808
47826
47844
47883
47895
47896
47902
47905
47924
47929
47932
47939
47945
47948
47997
48017
48022
48040
48073
48074
48082
48086
48116
48117
48119
48135
48144
48162
48192
48234
48240
48254
48263
48273
48277
48290
48301
48302
48305
48308
48324
48328
48346
48349
48359
48367
48385
48390
48416
48435
48439
48441
48454
48484
48488
48503
48517
48522
48543
48553
48567
48579
48586
48600
48604
48608
48616
48629
48638
48643
48702
48715
48717
48731
48732
48768
48772
48779
48781
48782
48791
48792
48822
48826
48833
48846
48849
48851
48865
48866
48870
48885
48886
48908
48926
48929
48959
48962
48965
48975
48985
48986
49014
49016
49018
49057
49081
49081
49086
49096
49106
49115
49120
49124
49128
49143
49156
49165
49190
49204
49216
49217
49224
49224
49230
49234
49264
49272
49287
49294
49295
49301
49312
49315
49329
49329
49330
49337
49362
49384
49386
49386
49395
49396
49403
49413
49425
49430
49431
49436
49455
49456
49474
49478
49483
49503
49508
49509
49512
49523
49523
49524
49531
49536
49555
49573
49599
49614
49614
49618
49624
49634
49657
49670
49686
49695
49699
49703
49707
49712
49715
49724
49736
49738
49739
49743
49780
49793
49812
49818
49819
49832
49835
49869
49876
49899
49911
49915
49933
49944
49946
49950
50023
50040
50044
50049
50058
50062
50065
50098
50101
50111
50127
50128
50132
50132
50140
50165
50167
50201
50206
50241
50245
50254
50260
50279
50290
50295
50300
50308
50322
50324
50347
50354
50366
50387
50395
50401
50410
50415
50416
50421
50426
50441
50444
50451
50472
50475
50483
50491
50494
50532
50550
50566
50568
50576
50595
50602
50613
50622
50650
50652
50676
50692
50694
50705
50708
50721
50723
50725
50734
50737
50760
50762
50766
50769
50776
50778
50781
50781
50791
50793
50797
50809
50819
50842
50849
50854
50857
50861
50867
50876
50882
50883
50892
50912
50914
50927
50941
50944
50946
50952
50953
50960
50961
50972
50991
50992
51010
51040
51045
51057
51086
51087
51098
51138
51141
51143
51181
51194
51195
51204
51204
51221
51222
51237
51242
51262
51273
51282
51293
51293
51303
51304
51319
51322
51324
51342
51350
51364
51373
51376
51376
51379
51382
51393
51404
51409
51427
51432
51435
51445
51490
51500
51501
51503
51510
51510
51511
51519
51520
51528
51532
51542
51545
51573
51573
51581
51609
51617
51617
51625
51630
51634
51656
51668
51670
51698
51706
51718
51758
51759
51766
51774
51775
51777
51801
51802
51806
51808
51825
51834
51834
51835
51837
51846
51863
51867
51868
51872
51882
51893
51897
51900
51901
51919
51927
51945
51961
51963
51967
51979
52002
52004
52005
52010
52015
52019
52026
52041
52049
52053
52055
52061
52064
52070
52079
52112
52133
52143
52149
52158
52167
52202
52204
52211
52250
52257
52295
52298
52319
52326
52333
52347
52349
52364
52380
52380
52381
52394
52420
52429
52439
52450
52461
52466
52472
52477
52494
52500
52501
52537
52572
52598
52598
52599
52610
52649
52670
52674
52683
52684
52696
52700
52703
52706
52715
52721
52730
52732
52740
52745
52783
52789
52795
52806
52824
52825
52826
52832
52835
52869
52878
52888
52890
52892
52893
52896
52918
52923
52924
52925
52937
52938
52948
52951
52962
52967
52984
52992
53008
53019
53021
53021
53024
53045
53051
53065
53072
53077
53092
53093
53095
53097
53116
53117
53123
53141
53156
53161
53163
53174
53218
53227
53239
53243
53246
53246
53259
53260
53271
53272
53273
53273
53275
53290
53292
53309
53320
53372
53372
53373
53379
53381
53393
53395
53406
53406
53416
53417
53420
53431
53434
53441
53443
53464
53465
53473
53482
53484
53496
53511
53529
53531
53539
53540
53573
53581
53582
53589
53592
53595
53606
53619
53625
53643
53652
53665
53682
53683
53683
53685
53701
53703
53722
53731
53745
53750
53755
53756
53757
53775
53777
53778
53788
53803
53813
53821
53830
53838
53845
53848
53854
53900
53900
53905
53909
53926
53929
53941
53972
53978
53979
53980
54010
54028
54029
54031
54037
54065
54075
54077
54089
54091
54114
54129
54144
54147
54148
54152
54155
54172
54176
54180
54193
54194
54220
54242
54243
54243
54248
54275
54277
54284
54285
54298
54314
54322
54325
54341
54346
54356
54356
54374
54398
54403
54410
54411
54414
54424
54429
54431
54441
54446
54456
54463
54473
54474
54480
54488
54493
54494
54508
54519
54529
54541
54546
54564
54572
54573
54577
54589
54626
54634
54641
54645
54659
54669
54672
54676
54680
54683
54683
54695
54720
54722
54736
54768
54792
54796
54799
54800
54806
54813
54830
54834
54835
54835
54843
54861
54864
54885
54911
54922
54928
54929
54941
54950
54961
54980
54982
55024
55024
55033
55042
55047
55049
55054
55062
55071
55081
55082
55108
55115
55115
55130
55135
55153
55156
55158
55160
55172
55178
55188
55189
55192
55195
55199
55212
55216
55231
55241
55252
55255
55287
55304
55304
55321
55325
55343
55344
55345
55345
55372
55377
55394
55397
55399
55404
55408
55408
55417
55417
55438
55461
55468
55535
55536
55549
55552
55575
55595
55612
55634
55651
55654
55655
55660
55678
55678
55706
55710
55712
55720
55720
55721
55724
55741
55754
55758
55758
55763
55772
55809
55815
55824
55831
55831
55838
55850
55873
55903
55905
55912
55934
55953
55964
55967
55969
56013
56027
56033
56042
56042
56050
56061
56064
56067
56110
56129
56142
56144
56146
56178
56178
56198
56204
56210
56215
56226
56245
56250
56253
56255
56268
56296
56298
56329
56341
56360
56360
56381
56429
56446
56454
56459
56464
56473
56487
56487
56488
56492
56525
56530
56532
56544
56548
56557
56582
56603
56610
56612
56619
56629
56629
56641
56641
56655
56662
56666
56672
56690
56712
56712
56729
56738
56741
56778
56794
56814
56833
56844
56844
56859
56860
56866
56872
56884
56892
56914
56924
56946
56955
56969
56987
57008
57014
57016
57019
57046
57054
57059
57062
57068
57071
57079
57082
57117
57126
57134
57136
57145
57159
57167
57168
57193
57198
57200
57222
57244
57261
57278
57286
57292
57295
57311
57329
57336
57367
57369
57376
57383
57416
57418
57434
57453
57472
57472
57479
57493
57494
57499
57500
57501
57512
57522
57527
57549
57550
57559
57559
57570
57600
57622
57634
57647
57650
57651
57653
57671
57672
57674
57691
57701
57718
57719
57738
57739
57740
57740
57752
57764
57767
57770
57781
57801
57812
57835
57841
57855
57862
57866
57882
57888
57891
57900
57921
57935
57938
57946
57969
57977
57978
57981
57981
57992
57993
57996
58006
58021
58026
58031
58035
58041
58044
58066
58084
58137
58155
58163
58171
58184
58200
58223
58243
58260
58267
58268
58272
58275
58285
58293
58311
58312
58319
58320
58322
58323
58327
58337
58340
58344
58350
58361
58372
58401
58407
58423
58436
58443
58462
58463
58474
58486
58486
58490
58502
58505
58524
58530
58545
58570
58590
58592
58602
58629
58631
58633
58639
58649
58655
58660
58675
58677
58694
58697
58704
58706
58730
58746
58762
58779
58788
58790
58792
58798
58801
58810
58843
58852
58880
58892
58897
58907
58915
58919
58920
58936
58952
58971
58976
58982
59010
59019
59019
59027
59028
59031
59036
59040
59047
59063
59064
59074
59093
59093
59095
59112
59123
59134
59140
59143
59147
59153
59156
59185
59195
59196
59198
59202
59212
59220
59238
59257
59260
59261
59274
59283
59299
59306
59311
59315
59325
59341
59367
59387
59392
59423
59427
59437
59437
59457
59471
59479
59489
59501
59530
59540
59555
59573
59574
59604
59604
59606
59615
59616
59638
59640
59649
59653
59657
59666
59682
59697
59704
59704
59708
59720
59721
59732
59734
59747
59756
59768
59789
59801
59819
59819
59838
59845
59845
59845
59853
59873
59881
59881
59897
59901
59908
59908
59914
59916
59926
59937
59943
59967
59993
60006
60019
60024
60027
60040
60045
60061
60090
60110
60128
60132
60138
60172
60173
60189
60211
60214
60273
60285
60296
60296
60297
60297
60313
60339
60342
60351
60351
60386
60411
60436
60438
60454
60456
60462
60479
60496
60509
60510
60510
60514
60524
60540
60541
60545
60549
60556
60557
60583
60593
60597
60606
60613
60652
60664
60672
60675
60688
60695
60709
60720
60723
60745
60750
60795
60801
60820
60828
60829
60844
60851
60853
60865
60874
60889
60890
60899
60912
60915
60917
60918
60920
60941
60944
60953
60960
60993
61003
61014
61026
61046
61057
61063
61088
61111
61135
61145
61160
61164
61169
61176
61192
61194
61197
61213
61225
61234
61235
61263
61266
61274
61285
61288
61293
61319
61322
61323
61331
61331
61349
61355
61377
61385
61393
61402
61419
61438
61442
61445
61475
61477
61501
61524
61536
61539
61564
61585
61608
61624
61624
61643
61656
61661
61668
61678
61685
61695
61713
61720
61721
61733
61733
61746
61750
61752
61763
61764
61768
61806
61809
61817
61821
61830
61837
61839
61847
61865
61868
61875
61878
61899
61904
61904
61904
61915
61917
61937
61941
61941
61942
61965
61965
61981
61981
62004
62020
62045
62054
62065
62105
62109
62118
62124
62126
62135
62150
62150
62156
62181
62189
62189
62193
62208
62223
62231
62232
62246
62265
62266
62277
62297
62312
62313
62313
62317
62317
62321
62324
62334
62339
62344
62348
62355
62357
62357
62361
62366
62367
62372
62375
62386
62389
62442
62447
62454
62464
62472
62490
62505
62510
62528
62529
62539
62545
62546
62553
62559
62562
62597
62614
62625
62627
62643
62644
62657
62665
62674
62678
62699
62706
62708
62717
62717
62734
62740
62745
62753
62761
62768
62776
62809
62817
62828
62849
62870
62895
62896
62897
62900
62915
62951
62954
62966
62984
62985
62988
62992
63002
63005
63011
63022
63026
63038
63039
63043
63056
63057
63066
63072
63074
63083
63087
63087
63102
63117
63121
63144
63149
63150
63189
63201
63203
63221
63226
63227
63236
63237
63248
63252
63257
63290
63293
63293
63320
63322
63323
63325
63343
63357
63361
63366
63368
63385
63387
63389
63392
63395
63413
63421
63424
63438
63450
63455
63472
63520
63527
63527
63530
63532
63540
63543
63555
63571
63593
63599
63600
63639
63642
63645
63658
63662
63662
63666
63667
63680
63689
63690
63691
63701
63713
63717
63734
63738
63746
63773
63785
63785
63788
63798
63811
63812
63812
63832
63836
63846
63850
63856
63896
63907
63912
63933
63934
63934
63946
63952
63962
63970
63978
63978
63998
64074
64087
64144
64155
64157
64163
64171
64177
64187
64190
64193
64206
64207
64218
64221
64229
64229
64251
64267
64272
64273
64289
64324
64332
64338
64338
64350
64365
64367
64379
64404
64404
64418
64422
64427
64433
64436
64439
64441
64449
64456
64459
64467
64471
64509
64515
64522
64539
64555
64574
64602
64613
64653
64670
64672
64679
64692
64704
64705
64711
64719
64720
64722
64737
64742
64749
64750
64772
64800
64804
64820
64824
64827
64844
64862
64875
64879
64881
64886
64892
64893
64895
64903
64939
64942
64945
64951
64962
64964
64984
64993
64998
65002
65007
65022
65044
65045
65046
65079
65087
65088
65089
65094
65105
65116
65124
65138
65146
65154
65157
65167
65173
65173
65173
65204
65205
65208
65208
65223
65228
65234
65254
65259
65272
65274
65276
65286
65291
65295
65306
65311
65315
65317
65320
65339
65341
65358
65372
65388
65391
65395
65399
65402
65407
65442
65450
65454
65475
65480
65488
65494
65494
65501
65502
65505
65521
65525
65544
65548
65572
65573
65585
65588
65590
65599
65604
65605
65622
65639
65655
65666
65677
65681
65693
65742
65755
65757
65760
65795
65808
65814
65823
65843
65845
65852
65854
65856
65857
65871
65891
65916
65922
65924
65930
65931
65932
65940
65963
65966
65972
65982
65996
66004
66004
66056
66056
66067
66091
66126
66149
66164
66177
66210
66213
66220
66223
66238
66240
66246
66248
66248
66251
66263
66282
66285
66306
66323
66323
66334
66336
66340
66349
66361
66368
66372
66376
66389
66390
66391
66401
66403
66408
66452
66465
66476
66485
66512
66514
66517
66527
66569
66577
66590
66590
66609
66610
66617
66626
66638
66640
66641
66657
66659
66662
66664
66671
66678
66684
66693
66696
66699
66708
66714
66725
66735
66748
66754
66755
66762
66762
66775
66776
66779
66782
66783
66786
66802
66811
66834
66842
66843
66853
66867
66870
66873
66890
66892
66895
66903
66918
66923
66924
66945
66968
66976
66980
66990
66998
67004
67006
67016
67023
67030
67031
67034
67043
67047
67049
67057
67073
67086
67127
67141
67141
67145
67149
67158
67177
67185
67199
67212
67212
67215
67232
67243
67244
67289
67332
67343
67373
67378
67396
67399
67412
67415
67424
67426
67427
67442
67455
67475
67507
67513
67527
67539
67543
67547
67551
67557
67566
67570
67585
67588
67592
67604
67606
67613
67633
67639
67644
67660
67668
67688
67689
67692
67693
67707
67716
67727
67739
67767
67788
67819
67824
67827
67828
67831
67835
67858
67864
67889
67898
67902
67908
67914
67918
67919
67922
67932
67945
67949
67964
67969
67971
67986
67987
67996
68009
68017
68032
68039
68041
68068
68076
68080
68090
68113
68115
68125
68132
68135
68150
68152
68183
68192
68206
68207
68211
68222
68230
68234
68237
68257
68264
68277
68286
68300
68303
68304
68305
68322
68343
68357
68358
68358
68368
68378
68398
68414
68421
68443
68444
68527
68568
68591
68600
68607
68629
68634
68650
68661
68671
68673
68684
68689
68696
68702
68706
68723
68728
68740
68745
68762
68765
68767
68767
68779
68787
68825
68831
68839
68839
68841
68846
68849
68853
68864
68894
68902
68918
68919
68928
68930
68950
68969
68998
69023
69024
69033
69036
69046
69047
69052
69054
69074
69082
69091
69115
69121
69122
69124
69124
69148
69169
69175
69176
69182
69190
69191
69191
69199
69212
69231
69234
69235
69241
69258
69259
69271
69277
69292
69296
69301
69302
69307
69310
69324
69326
69332
69338
69346
69395
69406
69410
69422
69425
69428
69467
69471
69476
69486
69504
69512
69524
69529
69570
69595
69615
69619
69632
69653
69660
69673
69674
69675
69677
69680
69696
69713
69751
69751
69752
69755
69787
69788
69797
69798
69817
69818
69860
69863
69868
69869
69884
69902
69910
69944
69953
69967
69973
69975
69981
70011
70049
70055
70063
70064
70080
70083
70084
70086
70086
70100
70109
70116
70116
70133
70155
70170
70175
70178
70181
70182
70196
70196
70253
70255
70263
70263
70292
70301
70306
70326
70339
70349
70367
70372
70373
70375
70389
70390
70396
70397
70400
70406
70418
70421
70436
70437
70441
70447
70454
70455
70457
70459
70459
70462
70462
70487
70497
70503
70504
70528
70573
70581
70599
70606
70621
70623
70643
70655
70657
70662
70666
70669
70672
70718
70719
70741
70745
70746
70754
70757
70767
70770
70785
70787
70798
70800
70816
70817
70822
70831
70832
70839
70840
70842
70845
70864
70872
70875
70893
70895
70927
70932
70934
70939
70955
70961
70971
70976
70993
71000
71003
71009
71010
71023
71023
71024
71029
71032
71051
71055
71056
71057
71065
71069
71088
71092
71103
71113
71134
71152
71158
71159
71161
71169
71171
71184
71206
71223
71226
71231
71235
71252
71286
71286
71337
71353
71361
71364
71386
71388
71392
71393
71401
71470
71484
71484
71488
71495
71510
71528
71536
71552
71556
71559
71579
71595
71595
71596
71614
71624
71628
71633
71636
71640
71653
71657
71675
71676
71700
71703
71710
71724
71725
71749
71761
71771
71796
71802
71808
71818
71837
71844
71858
71881
71904
71908
71918
71931
71951
71968
71970
71971
71981
71993
71994
72004
72005
72008
72009
72015
72016
72035
72037
72080
72091
72111
72115
72118
72126
72154
72157
72159
72208
72212
72214
72218
72221
72226
72233
72240
72244
72247
72255
72265
72271
72273
72294
72299
72350
72351
72358
72361
72374
72385
72412
72423
72439
72460
72462
72471
72480
72483
72492
72495
72521
72535
72543
72557
72565
72569
72575
72585
72594
72626
72674
72703
72711
72712
72728
72729
72739
72745
72747
72755
72767
72775
72777
72778
72794
72802
72806
72819
72819
72832
72847
72847
72853
72860
72871
72876
72889
72892
72892
72912
72915
72920
72923
72933
72940
72943
72943
72957
72962
72975
72983
72999
73021
73044
73046
73056
73085
73088
73092
73092
73105
73121
73124
73125
73132
73136
73159
73161
73162
73186
73214
73219
73244
73251
73254
73258
73266
73275
73277
73286
73292
73296
73320
73323
73323
73350
73363
73364
73371
73394
73415
73420
73422
73437
73444
73446
73455
73463
73463
73482
73482
73486
73489
73490
73495
73501
73503
73510
73530
73535
73547
73547
73568
73585
73591
73595
73622
73649
73650
73659
73665
73667
73667
73680
73690
73691
73702
73721
73725
73758
73762
73765
73784
73791
73825
73838
73848
73895
73896
73901
73907
73911
73925
73937
73952
73954
73955
73969
73975
73975
73981
73981
73985
73988
73989
74015
74032
74044
74079
74085
74087
74092
74096
74114
74116
74138
74159
74162
74168
74189
74195
74200
74200
74242
74250
74254
74285
74307
74327
74332
74338
74366
74385
74386
74394
74398
74412
74417
74421
74423
74434
74450
74455
74463
74479
74482
74505
74511
74511
74529
74531
74540
74554
74558
74558
74563
74565
74567
74603
74609
74650
74658
74659
74662
74671
74672
74684
74699
74709
74716
74730
74733
74739
74739
74750
74755
74784
74784
74801
74814
74829
74834
74849
74863
74864
74873
74913
74917
74919
74932
74952
74958
74969
74971
74981
74982
75003
75004
75009
75010
75013
75017
75035
75047
75073
75092
75097
75099
75129
75153
75164
75182
75190
75220
75225
75236
75245
75246
75258
75271
75290
75292
75293
75298
75298
75317
75319
75329
75367
75384
75388
75390
75412
75417
75425
75441
75444
75446
75453
75465
75475
75496
75496
75496
75498
75499
75506
75515
75522
75540
75560
75577
75595
75599
75608
75610
75620
75625
75631
75641
75651
75658
75674
75684
75687
75709
75710
75722
75723
75738
75760
75791
75816
75830
75832
75835
75854
75865
75874
75890
75898
75925
75933
75941
75955
75988
75993
76009
76019
76030
76056
76063
76066
76079
76081
76099
76113
76135
76143
76146
76153
76160
76166
76171
76178
76180
76189
76193
76199
76208
76226
76241
76242
76251
76267
76279
76299
76306
76320
76346
76358
76361
76407
76407
76417
76419
76420
76426
76427
76457
76465
76467
76505
76513
76513
76517
76520
76556
76559
76582
76588
76595
76598
76605
76611
76619
76628
76670
76681
76692
76698
76707
76724
76725
76743
76748
76753
76775
76788
76789
76829
76835
76836
76845
76850
76851
76874
76878
76880
76888
76903
76914
76920
76925
76928
76928
76937
76937
76942
76956
76964
76970
76982
76987
76988
76999
77002
77028
77029
77052
77053
77059
77070
77073
77077
77085
77094
77095
77128
77165
77180
77181
77181
77203
77221
77233
77236
77245
77261
77274
77278
77299
77314
77322
77357
77358
77373
77388
77393
77419
77420
77429
77439
77439
77440
77450
77454
77471
77472
77485
77487
77487
77504
77510
77522
77524
77525
77559
77568
77570
77572
77593
77602
77631
77634
77641
77650
77664
77698
77702
77734
77785
77824
77835
77852
77869
77874
77878
77883
77888
77896
77902
77925
77938
77946
77962
77964
77985
78003
78006
78022
78054
78072
78074
78079
78086
78093
78127
78137
78138
78148
78149
78156
78164
78168
78176
78181
78189
78190
78195
78201
78208
78212
78215
78215
78219
78241
78245
78259
78266
78294
78310
78311
78315
78318
78335
78356
78403
78406
78416
78430
78441
78442
78442
78465
78480
78488
78489
78495
78539
78548
78563
78572
78594
78597
78597
78598
78616
78617
78621
78637
78643
78644
78662
78687
78700
78727
78751
78755
78765
78778
78781
78835
78839
78849
78867
78868
78872
78882
78885
78888
78897
78904
78904
78944
78949
78965
78978
78979
79004
79020
79034
79045
79050
79050
79055
79100
79111
79113
79114
79124
79185
79191
79228
79230
79246
79253
79281
79281
79288
79291
79317
79319
79353
79354
79371
79371
79391
79394
79405
79406
79423
79445
79445
79457
79476
79488
79489
79524
79529
79530
79534
79539
79549
79577
79592
79599
79603
79629
79632
79646
79650
79656
79667
79673
79680
79692
79693
79694
79695
79715
79715
79719
79721
79727
79727
79747
79759
79765
79777
79792
79795
79815
79836
79867
79872
79885
79904
79906
79909
79910
79931
79937
79939
79941
79965
79979
80021
80032
80043
80057
80063
80064
80066
80070
80085
80091
80099
80116
80117
80118
80120
80132
80133
80135
80135
80138
80154
80158
80166
80186
80187
80189
80195
80208
80211
80233
80241
80255
80283
80284
80286
80299
80307
80309
80314
80323
80324
80335
80364
80372
80373
80388
80388
80393
80400
80406
80429
80438
80446
80451
80466
80468
80477
80500
80501
80501
80502
80512
80517
80517
80520
80528
80549
80551
80554
80562
80570
80571
80582
80589
80604
80618
80618
80624
80628
80637
80645
80646
80651
80657
80658
80659
80707
80708
80720
80739
80744
80755
80770
80781
80783
80784
80788
80805
80827
80827
80828
80832
80856
80862
80875
80875
80882
80893
80911
80924
80928
80947
80953
80957
80982
80991
80994
80997
81024
81063
81073
81074
81075
81095
81144
81145
81155
81164
81172
81177
81198
81230
81247
81253
81260
81263
81264
81265
81268
81270
81281
81282
81287
81291
81303
81303
81319
81336
81336
81350
81384
81386
81397
81400
81402
81410
81415
81424
81439
81466
81472
81481
81491
81493
81518
81526
81555
81565
81576
81581
81582
81592
81593
81618
81635
81641
81664
81683
81700
81704
81710
81718
81729
81733
81766
81769
81778
81783
81785
81793
81802
81850
81861
81888
81898
81900
81903
81917
81930
81952
81953
81953
81956
81960
82013
82019
82054
82085
82090
82093
82100
82100
82107
82123
82131
82134
82134
82155
82174
82175
82179
82180
82196
82199
82202
82222
82261
82275
82276
82279
82281
82295
82305
82335
82337
82344
82344
82354
82363
82364
82369
82371
82374
82378
82388
82391
82395
82399
82411
82413
82426
82441
82452
82460
82471
82545
82550
82592
82626
82638
82666
82676
82683
82701
82712
82717
82720
82738
82742
82752
82755
82766
82781
82784
82794
82796
82797
82802
82807
82807
82819
82827
82830
82836
82857
82864
82867
82897
82898
82917
82920
82930
82953
82962
82964
82981
82987
82998
83005
83007
83023
83026
83029
83039
83040
83049
83062
83070
83081
83088
83088
83098
83101
83112
83115
83121
83127
83153
83153
83166
83168
83169
83190
83192
83209
83220
83287
83292
83301
83302
83323
83351
83360
83364
83377
83387
83391
83396
83396
83420
83421
83442
83447
83448
83462
83464
83492
83493
83495
83496
83502
83514
83516
83516
83523
83524
83529
83530
83534
83541
83563
83602
83610
83624
83627
83648
83653
83663
83669
83713
83721
83746
83760
83766
83768
83797
83813
83842
83854
83855
83863
83873
83874
83883
83890
83899
83904
83913
83927
83928
83937
83939
83940
83942
83965
83971
83973
83980
83983
83993
83995
84007
84013
84014
84014
84030
84032
84048
84049
84052
84064
84065
84087
84091
84093
84097
84097
84103
84112
84113
84117
84124
84135
84136
84138
84148
84184
84185
84194
84209
84213
84240
84255
84269
84289
84310
84333
84339
84348
84348
84361
84411
84414
84417
84418
84424
84425
84432
84441
84452
84455
84480
84482
84484
84487
84492
84512
84530
84536
84537
84551
84559
84563
84569
84576
84586
84606
84616
84617
84619
84652
84663
84664
84667
84667
84670
84694
84697
84702
84705
84705
84750
84750
84755
84772
84775
84778
84778
84780
84782
84787
84802
84818
84833
84847
84852
84861
84877
84878
84880
84888
84904
84942
84960
84964
84966
84971
85020
85053
85057
85058
85075
85089
85110
85112
85118
85133
85134
85148
85169
85172
85173
85191
85199
85202
85210
85252
85273
85286
85288
85293
85293
85308
85308
85365
85391
85391
85404
85417
85428
85436
85440
85459
85459
85461
85499
85504
85523
85527
85539
85591
85592
85596
85599
85611
85613
85615
85620
85626
85634
85653
85654
85668
85702
85707
85708
85768
85778
85792
85847
85856
85866
85866
85870
85881
85898
85899
85903
85922
85929
85930
85938
85949
85959
85977
86004
86022
86023
86100
86101
86102
86113
86114
86160
86190
86197
86205
86214
86242
86249
86257
86272
86283
86286
86289
86300
86325
86338
86350
86352
86359
86361
86373
86379
86380
86392
86395
86410
86431
86432
86435
86436
86443
86479
86487
86488
86512
86515
86517
86521
86573
86579
86587
86632
86637
86641
86651
86684
86693
86725
86729
86748
86777
86779
86816
86826
86826
86829
86837
86838
86840
86852
86862
86872
86876
86889
86895
86915
86924
86926
86967
86969
86973
86997
87005
87021
87021
87023
87033
87058
87091
87097
87115
87119
87163
87163
87173
87187
87209
87212
87214
87241
87244
87245
87261
87268
87316
87326
87329
87353
87354
87368
87371
87441
87454
87462
87465
87473
87475
87485
87487
87493
87494
87515
87517
87517
87526
87526
87542
87549
87559
87562
87570
87572
87593
87606
87616
87618
87628
87637
87638
87645
87656
87669
87670
87675
87696
87701
87703
87709
87715
87726
87727
87753
87774
87811
87812
87816
87833
87842
87844
87851
87873
87879
87893
87903
87905
87924
87928
87956
87959
87978
87983
87985
88006
88015
88016
88025
88032
88037
88041
88056
88083
88086
88088
88089
88096
88105
88116
88133
88140
88151
88166
88173
88173
88176
88196
88200
88201
88227
88227
88240
88244
88285
88297
88307
88311
88318
88320
88328
88338
88339
88346
88355
88368
88370
88374
88383
88387
88387
88395
88406
88417
88457
88527
88567
88567
88570
88577
88590
88592
88609
88660
88670
88672
88675
88680
88684
88704
88707
88784
88791
88801
88825
88829
88839
88846
88852
88859
88903
88916
88919
88921
88921
88929
88932
88943
88949
88952
88968
88977
88982
88986
88988
89012
89030
89035
89070
89099
89110
89114
89172
89177
89199
89199
89204
89213
89214
89216
89230
89235
89237
89259
89261
89263
89275
89313
89316
89330
89336
89337
89370
89395
89397
89412
89414
89415
89424
89427
89481
89488
89494
89503
89507
89508
89513
89516
89516
89555
89603
89608
89623
89644
89645
89650
89666
89684
89693
89694
89695
89702
89719
89722
89723
89746
89755
89767
89770
89770
89780
89784
89798
89816
89837
89839
89840
89842
89846
89847
89853
89873
89891
89904
89914
89920
89937
89945
89960
89970
89973
89993
89994
89999
90005
90005
90023
90037
90044
90061
90066
90071
90072
90073
90079
90079
90085
90094
90108
90114
90119
90128
90131
90135
90163
90164
90175
90177
90179
90187
90190
90193
90202
90213
90224
90226
90259
90296
90302
90316
90324
90327
90332
90333
90348
90349
90351
90366
90379
90380
90395
90396
90418
90425
90442
90483
90492
90501
90507
90510
90513
90515
90519
90520
90533
90533
90560
90561
90568
90577
90583
90583
90627
90653
90655
90663
90669
90679
90681
90693
90696
90697
90718
90729
90735
90738
90759
90770
90782
90795
90806
90816
90816
90824
90829
90832
90842
90844
90854
90884
90884
90925
90943
90958
90965
90976
90997
91000
91007
91034
91034
91048
91055
91072
91087
91094
91101
91106
91111
91130
91153
91154
91164
91189
91195
91209
91228
91243
91254
91257
91265
91278
91283
91302
91310
91325
91342
91343
91348
91363
91403
91409
91414
91414
91422
91426
91436
91456
91457
91459
91464
91465
91467
91471
91472
91500
91508
91516
91521
91538
91540
91559
91559
91562
91563
91567
91571
91578
91579
91618
91639
91640
91652
91677
91683
91684
91688
91690
91693
91694
91721
91723
91734
91734
91737
91737
91764
91769
91779
91781
91796
91802
91804
91817
91824
91830
91831
91834
91878
91881
91888
91891
91897
91898
91902
91908
91916
91924
91937
91960
91993
92022
92035
92038
92042
92073
92073
92075
92099
92113
92143
92157
92165
92171
92190
92196
92199
92199
92250
92269
92292
92297
92297
92300
92302
92346
92352
92354
92354
92388
92406
92414
92424
92436
92471
92473
92479
92495
92503
92504
92508
92510
92521
92527
92532
92547
92549
92550
92561
92578
92581
92627
92636
92652
92664
92718
92725
92729
92745
92750
92768
92773
92780
92785
92827
92831
92869
92883
92920
92927
92947
92954
92958
92967
92988
92989
92990
92999
93005
93009
93009
93033
93045
93073
93077
93080
93097
93108
93111
93112
93117
93117
93126
93162
93164
93168
93177
93184
93185
93194
93195
93224
93233
93235
93263
93276
93306
93317
93319
93320
93328
93332
93338
93349
93365
93380
93382
93389
93396
93398
93414
93424
93426
93429
93440
93441
93451
93454
93458
93460
93488
93489
93495
93496
93504
93510
93528
93533
93546
93547
93547
93549
93571
93579
93589
93594
93596
93603
93605
93612
93613
93623
93646
93660
93665
93665
93676
93677
93681
93688
93691
93692
93699
93722
93723
93725
93769
93780
93816
93846
93867
93880
93880
93903
93914
93922
93932
93945
93948
93955
93967
93987
93989
94001
94007
94009
94032
94033
94050
94074
94089
94092
94094
94099
94110
94130
94133
94142
94156
94178
94183
94188
94193
94207
94209
94212
94220
94221
94226
94228
94243
94249
94261
94276
94287
94302
94309
94327
94335
94337
94374
94384
94401
94414
94419
94423
94428
94449
94468
94471
94476
94482
94495
94495
94510
94512
94516
94529
94545
94550
94561
94562
94565
94568
94578
94585
94597
94612
94621
94661
94664
94664
94691
94693
94696
94719
94720
94721
94729
94730
94744
94748
94753
94761
94765
94778
94786
94788
94797
94825
94852
94855
94858
94866
94870
94874
94901
94914
94938
94941
94947
94985
94987
95010
95020
95027
95031
95046
95047
95049
95052
95055
95058
95060
95061
95079
95095
95097
95100
95101
95109
95121
95125
95126
95135
95139
95146
95146
95157
95191
95205
95205
95206
95211
95215
95217
95222
95225
95227
95248
95273
95278
95280
95283
95291
95305
95313
95323
95324
95339
95339
95340
95367
95382
95391
95396
95411
95415
95428
95440
95454
95454
95464
95486
95492
95499
95500
95501
95506
95508
95510
95513
95514
95515
95543
95546
95547
95566
95596
95599
95608
95612
95616
95624
95625
95630
95633
95634
95636
95653
95665
95672
95677
95689
95700
95702
95753
95760
95765
95788
95788
95807
95827
95844
95852
95853
95871
95872
95877
95899
95899
95931
95941
95951
95956
95956
95974
95975
95983
95986
95992
96002
96015
96018
96023
96033
96054
96056
96057
96057
96057
96060
96062
96073
96074
96081
96090
96095
96098
96102
96104
96128
96131
96141
96145
96150
96155
96160
96172
96181
96193
96208
96221
96248
96250
96258
96264
96273
96276
96291
96294
96294
96297
96320
96333
96335
96337
96341
96343
96345
96351
96372
96397
96415
96416
96433
96435
96456
96456
96486
96491
96500
96502
96505
96506
96522
96524
96534
96534
96536
96557
96571
96576
96608
96615
96617
96617
96620
96621
96627
96638
96639
96650
96662
96678
96722
96730
96731
96732
96733
96734
96737
96737
96740
96757
96777
96793
96808
96825
96848
96864
96887
96908
96910
96915
96926
96927
96932
96943
96957
96963
96971
96989
96991
97007
97026
97029
97040
97043
97043
97044
97045
97056
97062
97078
97090
97101
97110
97116
97127
97135
97140
97157
97180
97180
97185
97192
97200
97208
97219
97246
97347
97372
97375
97375
97377
97408
97412
97432
97435
97436
97443
97456
97460
97462
97466
97468
97484
97484
97491
97501
97504
97509
97566
97569
97573
97592
97594
97604
97610
97618
97624
97630
97640
97643
97656
97657
97671
97680
97681
97681
97681
97684
97696
97717
97723
97729
97733
97744
97757
97768
97772
97799
97805
97808
97810
97818
97820
97831
97835
97847
97855
97867
97877
97893
97911
97919
97921
97926
97943
97945
97960
97977
97991
97991
98005
98011
98013
98033
98035
98051
98055
98058
98061
98072
98075
98084
98091
98113
98116
98122
98124
98134
98137
98148
98169
98178
98184
98202
98220
98266
98288
98292
98309
98315
98315
98319
98339
98358
98381
98385
98389
98396
98397
98415
98416
98416
98418
98419
98424
98428
98437
98446
98449
98477
98506
98510
98519
98523
98524
98554
98561
98562
98568
98576
98576
98580
98584
98602
98619
98646
98662
98665
98666
98674
98696
98739
98759
98763
98767
98768
98797
98813
98818
98823
98825
98828
98834
98835
98847
98855
98857
98866
98868
98870
98875
98884
98884
98885
98911
98919
98920
98938
98961
99001
99001
99003
99011
99015
99033
99042
99049
99051
99054
99081
99084
99088
99090
99094
99101
99116
99139
99169
99181
99205
99209
99225
99226
99232
99254
99267
99277
99291
99318
99319
99331
99336
99340
99342
99346
99354
99355
99356
99358
99362
99374
99383
99385
99386
99392
99395
99400
99408
99412
99417
99430
99438
99438
99440
99442
99443
99454
99476
99496
99506
99529
99532
99532
99550
99554
99556
99563
99571
99577
99585
99624
99627
99633
99646
99650
99654
99667
99674
99682
99684
99716
99731
99735
99737
99737
99760
99764
99766
99767
99769
99788
99788
99811
99824
99827
99829
99831
99884
99886
99898
99905
99905
99923
99927
99930
99940
99987
99988
99992
