23
28
34
34
55
94
100
101
113
121
126
134
146
156
160
164
182
189
213
217
250
258
261
269
290
294
298
298
302
307
322
329
333
340
345
350
353
360
383
387
410
416
423
443
457
459
462
479
483
484
494
510
511
534
538
554
557
586
587
616
617
624
628
639
640
652
652
663
689
690
711
725
732
733
740
745
751
765
774
790
792
821
821
839
843
865
865
870
904
910
915
916
920
945
959
961
966
968
979
988
997
1011
1044
1046
1055
1063
1063
1063
1075
1093
1106
1117
1142
1150
1152
1189
1207
1218
1225
1239
1294
1294
1315
1337
1347
1359
1366
1379
1391
1391
1392
1415
1428
1428
1438
1450
1454
1460
1465
1473
1473
1475
1485
1486
1486
1495
1504
1506
1506
1514
1526
1528
1544
1552
1572
1601
1627
1702
1706
1721
1731
1744
1749
1749
1755
1756
1763
1765
1771
1771
1777
1780
1784
1795
1796
1799
1804
1814
1819
1824
1836
1840
1849
1860
1861
1877
1880
1882
1883
1898
1899
1918
1919
1924
1925
1925
1929
1930
1931
1939
1940
1953
1954
1960
1972
1979
1994
2026
2033
2040
2051
2070
2116
2178
2185
2208
2216
2229
2230
2234
2236
2277
2289
2303
2318
2345
2355
2368
2380
2388
2392
2393
2401
2429
2444
2448
2453
2454
2463
2466
2467
2469
2472
2492
2503
2503
2507
2507
2519
2532
2532
2557
2578
2579
2588
2590
2595
2601
2618
2620
2634
2652
2653
2662
2664
2666
2666
2683
2688
2713
2716
2727
2736
2748
2779
2805
2819
2829
2837
2849
2849
2861
2861
2875
2888
2893
2896
2903
2907
2939
2941
2943
2981
2989
2991
3041
3045
3047
3062
3079
3087
3100
3106
3120
3124
3158
3159
3168
3176
3184
3185
3190
3202
3218
3223
3237
3239
3240
3243
3280
3285
3293
3304
3305
3307
3309
3312
3315
3331
3343
3356
3357
3362
3369
3413
3414
3421
3429
3466
3482
3484
3486
3487
3488
3492
3492
3514
3526
3559
3569
3575
3604
3604
3608
3608
3609
3620
3629
3630
3652
3672
3689
3691
3714
3717
3734
3748
3752
3764
3764
3770
3794
3794
3801
3819
3822
3834
3844
3851
3864
3884
3886
3889
3900
3905
3918
3934
3959
3960
3962
3991
3992
4016
4016
4028
4043
4045
4062
4080
4105
4110
4116
4131
4134
4140
4148
4155
4173
4174
4179
4187
4196
4216
4218
4229
4231
4232
4235
4237
4244
4247
4248
4256
4270
4274
4298
4321
4329
4330
4336
4354
4364
4367
4380
4381
4418
4432
4440
4454
4477
4491
4496
4510
4516
4531
4543
4554
4561
4589
4596
4598
4615
4637
4651
4657
4674
4689
4690
4691
4701
4727
4733
4736
4750
4758
4759
4774
4777
4781
4782
4796
4819
4829
4838
4857
4861
4873
4885
4886
4891
4893
4918
4921
4956
4975
4994
4996
5005
5007
5057
5066
5070
5075
5087
5094
5102
5103
5114
5118
5128
5129
5133
5153
5156
5156
5182
5186
5187
5188
5200
5206
5210
5214
5218
5218
5225
5227
5243
5269
5270
5271
5272
5277
5290
5300
5304
5305
5315
5319
5331
5358
5380
5393
5400
5414
5444
5444
5449
5462
5466
5482
5486
5493
5493
5495
5520
5521
5548
5550
5587
5602
5607
5629
5654
5654
5656
5656
5665
5669
5675
5676
5683
5692
5694
5694
5707
5735
5736
5745
5752
5771
5816
5834
5845
5858
5859
5860
5861
5883
5887
5894
5901
5908
5924
5941
5941
5949
5957
5992
6000
6009
6031
6034
6045
6054
6054
6054
6063
6064
6077
6079
6090
6100
6103
6111
6122
6124
6135
6141
6143
6143
6146
6153
6165
6171
6172
6185
6203
6242
6252
6286
6291
6292
6298
6341
6369
6371
6385
6391
6395
6399
6418
6427
6476
6479
6510
6557
6573
6578
6589
6607
6608
6611
6620
6636
6653
6654
6664
6665
6690
6706
6720
6734
6749
6753
6767
6768
6769
6770
6771
6772
6776
6777
6778
6803
6807
6812
6817
6817
6861
6871
6882
6883
6898
6906
6910
6914
6919
6945
6951
6952
6956
6964
6972
6982
6998
6999
7000
7015
7018
7019
7032
7040
7048
7075
7089
7096
7096
7101
7102
7114
7133
7148
7151
7154
7165
7171
7177
7182
7185
7191
7195
7209
7216
7222
7236
7238
7273
7308
7313
7315
7316
7325
7348
7352
7355
7364
7369
7372
7373
7374
7382
7383
7388
7462
7487
7500
7524
7529
7534
7537
7541
7543
7551
7561
7566
7577
7598
7612
7613
7617
7621
7634
7643
7647
7649
7658
7675
7676
7694
7699
7709
7719
7723
7727
7729
7759
7760
7763
7786
7787
7794
7795
7814
7815
7816
7841
7845
7850
7853
7867
7876
7880
7896
7916
7926
7929
7930
7937
7946
7952
8011
8015
8018
8028
8032
8034
8046
8048
8069
8072
8080
8083
8126
8173
8174
8185
8186
8195
8206
8207
8210
8231
8233
8235
8241
8300
8302
8303
8319
8338
8350
8351
8356
8361
8371
8374
8381
8395
8401
8401
8405
8412
8422
8428
8440
8440
8469
8483
8485
8487
8487
8487
8488
8500
8509
8512
8519
8526
8528
8529
8531
8532
8544
8562
8573
8580
8599
8608
8614
8615
8628
8633
8645
8649
8659
8663
8666
8681
8699
8714
8725
8732
8758
8770
8780
8782
8799
8807
8809
8814
8818
8820
8843
8862
8868
8900
8935
8942
8958
8958
8960
8969
8974
8977
8999
9002
9016
9017
9022
9024
9025
9046
9052
9076
9078
9084
9092
9094
9105
9111
9120
9123
9129
9140
9154
9163
9165
9165
9169
9179
9182
9195
9214
9220
9227
9227
9234
9242
9248
9251
9257
9260
9269
9270
9277
9283
9285
9303
9321
9341
9356
9359
9361
9370
9380
9393
9402
9417
9434
9457
9461
9472
9477
9483
9488
9489
9497
9499
9516
9517
9524
9529
9532
9541
9544
9558
9559
9570
9619
9646
9676
9698
9712
9720
9729
9731
9733
9733
9743
9745
9762
9774
9777
9784
9793
9795
9798
9808
9828
9831
9863
9865
9867
9869
9877
9881
9897
9909
9921
9928
9934
9935
9937
9937
9942
9947
9951
10000
10009
10010
10036
10047
10065
10072
10079
10087
10088
10091
10091
10094
10113
10116
10121
10141
10182
10208
10248
10250
10252
10254
10255
10273
10293
10297
10299
10304
10310
10311
10332
10336
10344
10356
10361
10364
10375
10376
10398
10408
10411
10417
10456
10464
10481
10493
10500
10500
10505
10513
10554
10566
10567
10577
10578
10578
10583
10593
10598
10617
10625
10628
10632
10649
10657
10659
10668
10672
10678
10686
10711
10732
10748
10768
10769
10771
10780
10783
10794
10814
10838
10844
10864
10877
10877
10881
10898
10901
10941
10947
10950
10963
10965
10972
10975
10977
10977
10991
10993
11025
11040
11064
11082
11085
11107
11119
11129
11134
11142
11146
11153
11181
11190
11193
11199
11204
11209
11229
11240
11256
11260
11284
11290
11305
11309
11320
11339
11352
11368
11379
11380
11391
11396
11400
11403
11407
11434
11442
11449
11472
11479
11483
11486
11488
11491
11491
11501
11503
11514
11517
11527
11530
11544
11571
11581
11581
11586
11588
11616
11617
11620
11645
11673
11677
11684
11707
11711
11712
11714
11728
11729
11740
11740
11745
11752
11763
11769
11774
11811
11840
11841
11851
11860
11864
11864
11876
11890
11937
11973
11975
11994
11996
12003
12007
12010
12011
12023
12027
12046
12046
12048
12050
12057
12063
12066
12076
12084
12097
12105
12116
12119
12120
12138
12140
12156
12170
12174
12193
12208
12227
12236
12249
12250
12268
12280
12292
12296
12297
12322
12328
12336
12346
12367
12392
12394
12400
12416
12418
12423
12465
12470
12508
12510
12590
12651
12676
12690
12711
12726
12732
12735
12735
12736
12752
12756
12763
12767
12773
12783
12786
12795
12821
12848
12862
12889
12901
12906
12910
12929
12933
12942
12943
12949
12957
12971
12979
12989
12992
12999
13008
13021
13023
13024
13056
13057
13058
13061
13073
13076
13081
13098
13105
13106
13116
13123
13160
13174
13176
13180
13190
13195
13204
13207
13217
13224
13225
13236
13239
13245
13251
13299
13301
13301
13322
13354
13363
13372
13387
13397
13400
13405
13421
13446
13461
13484
13508
13509
13526
13570
13580
13582
13588
13592
13605
13612
13619
13621
13629
13641
13644
13653
13666
13677
13679
13683
13685
13698
13707
13710
13728
13736
13755
13759
13784
13794
13798
13803
13808
13814
13829
13831
13852
13861
13889
13893
13904
13910
13917
13929
13932
13945
13957
13960
13966
13970
13971
13986
13988
13992
13992
14001
14003
14014
14018
14024
14075
14078
14082
14090
14093
14110
14115
14120
14125
14143
14155
14156
14161
14180
14204
14205
14232
14232
14236
14245
14252
14253
14256
14259
14265
14267
14283
14285
14287
14288
14293
14296
14309
14319
14341
14360
14363
14365
14383
14389
14390
14391
14396
14399
14432
14434
14444
14451
14452
14466
14473
14474
14479
14480
14487
14499
14527
14575
14583
14599
14608
14615
14618
14621
14651
14671
14689
14717
14718
14721
14745
14748
14758
14778
14792
14820
14830
14855
14867
14890
14891
14914
14916
14925
14960
14978
14980
14981
14982
14988
15002
15010
15023
15030
15031
15047
15054
15063
15065
15065
15076
15078
15090
15095
15108
15114
15121
15131
15149
15153
15157
15170
15174
15174
15181
15189
15189
15194
15237
15247
15258
15268
15269
15274
15284
15306
15316
15318
15332
15338
15349
15356
15357
15393
15401
15417
15429
15443
15450
15468
15474
15479
15485
15489
15504
15515
15542
15551
15560
15572
15576
15595
15601
15601
15626
15627
15632
15636
15647
15654
15685
15696
15701
15716
15727
15736
15736
15738
15746
15752
15760
15766
15799
15821
15837
15857
15862
15871
15875
15876
15880
15888
15898
15906
15925
15933
15939
15941
15949
15955
15955
15980
15988
15989
15998
16005
16012
16014
16019
16025
16025
16044
16046
16063
16070
16084
16096
16101
16105
16107
16113
16117
16119
16124
16131
16138
16138
16139
16141
16154
16156
16169
16193
16196
16198
16200
16211
16214
16221
16223
16238
16251
16266
16273
16277
16278
16283
16289
16293
16312
16337
16356
16360
16362
16366
16395
16404
16414
16416
16421
16421
16421
16425
16448
16473
16480
16489
16495
16498
16514
16515
16530
16535
16561
16570
16575
16598
16602
16603
16603
16637
16650
16685
16690
16698
16703
16706
16712
16713
16714
16715
16717
16743
16764
16773
16775
16777
16787
16796
16846
16852
16856
16860
16874
16875
16878
16886
16889
16894
16909
16922
16924
16926
16928
16932
16935
16938
16955
16969
16984
17009
17010
17013
17027
17038
17041
17044
17056
17060
17064
17065
17070
17071
17071
17084
17105
17110
17112
17116
17125
17130
17144
17149
17167
17230
17238
17245
17250
17267
17267
17269
17290
17290
17293
17336
17345
17349
17353
17380
17380
17395
17401
17408
17414
17433
17442
17449
17457
17474
17481
17528
17529
17547
17550
17582
17597
17600
17603
17614
17616
17617
17619
17620
17625
17626
17635
17663
17663
17667
17685
17698
17702
17715
17719
17721
17741
17743
17751
17753
17772
17782
17789
17819
17865
17874
17879
17881
17886
17902
17908
17916
17928
17941
17951
17961
17970
18009
18010
18014
18030
18037
18042
18056
18067
18104
18115
18121
18129
18132
18135
18147
18159
18163
18175
18178
18228
18230
18232
18269
18270
18301
18316
18330
18339
18364
18375
18378
18386
18418
18479
18481
18481
18505
18506
18516
18526
18533
18535
18536
18544
18562
18580
18585
18589
18600
18601
18608
18614
18627
18630
18642
18648
18667
18668
18708
18708
18733
18733
18740
18743
18747
18761
18762
18766
18786
18795
18797
18806
18831
18845
18846
18855
18857
18934
18944
18975
19021
19025
19026
19040
19049
19063
19067
19068
19089
19093
19097
19131
19134
19138
19156
19157
19185
19199
19203
19206
19208
19214
19215
19219
19237
19239
19242
19264
19267
19279
19283
19288
19290
19293
19295
19296
19297
19316
19331
19334
19371
19372
19407
19410
19413
19417
19449
19450
19452
19457
19463
19467
19474
19485
19489
19514
19543
19551
19556
19556
19566
19574
19577
19577
19595
19596
19597
19612
19674
19681
19691
19695
19695
19702
19710
19716
19728
19745
19757
19760
19766
19791
19806
19816
19816
19818
19819
19821
19838
19845
19853
19861
19869
19906
19906
19929
19945
19948
19952
19954
19969
19974
19980
19986
19999
20000
20005
20031
20031
20033
20043
20044
20056
20057
20070
20071
20077
20088
20091
20098
20112
20115
20118
20120
20135
20142
20146
20155
20158
20179
20185
20198
20209
20210
20222
20247
20256
20267
20270
20271
20283
20285
20292
20294
20299
20300
20310
20317
20324
20325
20328
20343
20343
20345
20346
20347
20352
20356
20361
20364
20365
20368
20369
20406
20414
20425
20449
20453
20459
20472
20483
20500
20504
20508
20518
20530
20538
20551
20557
20592
20594
20603
20604
20608
20643
20646
20693
20693
20697
20697
20712
20713
20713
20718
20729
20733
20744
20745
20755
20757
20774
20776
20777
20794
20794
20795
20805
20813
20818
20832
20849
20864
20921
20934
20949
20951
20957
20957
20968
20980
20995
21003
21010
21020
21035
21044
21054
21057
21058
21063
21070
21097
21097
21101
21103
21110
21111
21112
21129
21156
21162
21168
21172
21184
21191
21204
21224
21238
21242
21243
21246
21275
21276
21277
21279
21297
21299
21329
21361
21363
21365
21378
21393
21417
21423
21446
21455
21460
21480
21504
21504
21507
21531
21550
21551
21558
21568
21568
21594
21600
21609
21610
21625
21629
21646
21667
21684
21686
21689
21702
21707
21712
21713
21740
21754
21776
21785
21786
21788
21802
21817
21818
21827
21829
21840
21845
21846
21847
21855
21876
21898
21898
21911
21914
21929
21939
21946
21947
21951
21963
21968
21972
21993
21998
22006
22040
22045
22045
22066
22075
22090
22107
22112
22131
22145
22146
22146
22158
22164
22171
22180
22191
22199
22207
22209
22210
22211
22243
22259
22264
22265
22266
22268
22277
22278
22282
22290
22295
22299
22302
22319
22332
22335
22336
22364
22372
22378
22383
22404
22409
22414
22428
22435
22439
22446
22449
22473
22476
22488
22497
22534
22536
22560
22565
22589
22592
22600
22629
22641
22692
22698
22699
22706
22715
22743
22745
22751
22751
22762
22764
22769
22776
22800
22805
22810
22813
22815
22818
22822
22835
22859
22870
22873
22875
22875
22891
22918
22927
22951
22958
22959
22964
22979
23000
23010
23013
23038
23042
23050
23050
23058
23059
23067
23074
23095
23122
23124
23124
23141
23147
23169
23177
23190
23194
23207
23214
23220
23237
23245
23251
23256
23267
23293
23314
23324
23328
23341
23348
23352
23369
23369
23371
23380
23391
23392
23398
23400
23434
23436
23438
23446
23462
23463
23466
23471
23474
23479
23513
23514
23517
23520
23521
23524
23528
23528
23529
23537
23556
23562
23568
23585
23586
23587
23596
23614
23617
23620
23624
23629
23639
23671
23682
23684
23684
23692
23696
23699
23707
23708
23739
23744
23749
23752
23757
23762
23793
23796
23814
23828
23830
23851
23867
23888
23890
23904
23915
23915
23922
23943
23945
23952
23958
23966
23981
23996
24046
24048
24055
24063
24066
24076
24124
24136
24150
24159
24179
24207
24227
24238
24241
24274
24276
24289
24322
24329
24332
24351
24353
24367
24372
24380
24380
24382
24385
24388
24389
24392
24393
24400
24417
24417
24431
24437
24456
24483
24493
24494
24500
24520
24526
24535
24547
24554
24586
24588
24594
24634
24639
24641
24644
24649
24654
24661
24678
24698
24708
24712
24715
24715
24732
24751
24753
24781
24793
24805
24812
24818
24821
24830
24840
24850
24863
24870
24889
24932
24941
24948
24954
24954
24958
24971
24984
24994
24998
25003
25005
25012
25043
25050
25057
25061
25069
25073
25078
25085
25107
25114
25120
25123
25124
25124
25142
25154
25199
25218
25224
25249
25252
25287
25291
25300
25301
25311
25326
25327
25342
25357
25375
25380
25391
25392
25398
25407
25411
25419
25428
25433
25451
25456
25461
25465
25482
25510
25511
25521
25545
25546
25550
25556
25560
25584
25590
25615
25624
25640
25644
25647
25664
25668
25673
25708
25715
25736
25737
25744
25750
25779
25784
25794
25805
25806
25812
25813
25818
25827
25832
25834
25841
25844
25855
25873
25879
25912
25926
25937
25944
25951
25952
25978
25986
25988
25991
25995
25998
25998
26047
26051
26053
26053
26055
26057
26066
26068
26073
26089
26104
26108
26132
26132
26136
26136
26153
26163
26163
26171
26218
26236
26243
26245
26246
26254
26276
26276
26288
26293
26297
26297
26308
26308
26317
26326
26360
26383
26400
26405
26407
26417
26433
26436
26443
26444
26481
26482
26488
26493
26515
26517
26520
26523
26553
26568
26575
26587
26593
26604
26608
26625
26626
26627
26629
26642
26646
26647
26676
26680
26685
26703
26704
26707
26709
26746
26747
26760
26765
26769
26776
26783
26804
26812
26813
26816
26826
26827
26833
26870
26885
26892
26905
26921
26922
26930
26934
26947
26951
26953
26957
26962
26969
27005
27008
27019
27023
27052
27061
27064
27079
27080
27080
27084
27095
27101
27103
27104
27111
27118
27121
27124
27125
27125
27142
27145
27164
27183
27198
27223
27247
27258
27265
27265
27290
27312
27313
27321
27332
27332
27342
27369
27376
27384
27388
27409
27413
27426
27431
27442
27448
27465
27505
27522
27524
27528
27554
27557
27561
27563
27574
27584
27601
27603
27612
27614
27616
27618
27623
27629
27629
27651
27654
27663
27676
27676
27677
27692
27703
27727
27737
27743
27747
27751
27775
27780
27790
27810
27816
27844
27859
27867
27873
27884
27893
27926
27930
27937
27953
27966
27972
27990
27991
28007
28014
28019
28039
28040
28058
28062
28069
28090
28094
28099
28101
28102
28105
28113
28123
28149
28150
28160
28178
28188
28217
28224
28237
28237
28242
28257
28271
28287
28301
28302
28303
28312
28318
28320
28332
28335
28340
28341
28342
28347
28369
28376
28405
28412
28425
28426
28431
28434
28469
28477
28478
28511
28514
28528
28546
28553
28556
28572
28573
28600
28604
28614
28629
28638
28645
28659
28663
28670
28767
28769
28774
28782
28782
28794
28795
28805
28811
28822
28827
28830
28844
28848
28887
28889
28899
28907
28908
28931
28974
28978
29000
29015
29038
29048
29059
29067
29068
29081
29087
29093
29111
29119
29213
29214
29222
29237
29250
29260
29278
29282
29284
29295
29299
29303
29303
29304
29314
29328
29343
29354
29355
29383
29428
29436
29438
29442
29452
29456
29459
29465
29467
29477
29485
29495
29499
29504
29504
29515
29525
29572
29591
29609
29621
29625
29627
29632
29636
29672
29700
29711
29713
29732
29743
29745
29759
29765
29796
29797
29800
29812
29825
29826
29827
29830
29853
29856
29869
29878
29906
29919
29940
29953
29963
29966
29970
29981
29988
30014
30015
30022
30033
30043
30050
30068
30088
30095
30095
30110
30127
30136
30154
30156
30171
30185
30187
30204
30213
30216
30224
30254
30276
30330
30345
30351
30363
30385
30396
30396
30401
30401
30418
30422
30425
30437
30471
30471
30472
30498
30515
30532
30537
30548
30587
30588
30591
30605
30616
30631
30633
30633
30641
30646
30650
30658
30664
30672
30673
30680
30700
30705
30712
30722
30732
30744
30749
30763
30766
30777
30783
30786
30802
30834
30839
30856
30857
30870
30871
30873
30881
30882
30889
30900
30918
30922
30929
30943
30943
30951
30994
31000
31005
31009
31031
31036
31040
31041
31047
31050
31056
31086
31086
31087
31100
31104
31105
31118
31131
31143
31146
31153
31154
31168
31178
31181
31181
31192
31201
31207
31221
31230
31235
31290
31298
31304
31327
31338
31344
31360
31394
31394
31396
31404
31419
31444
31447
31479
31481
31487
31492
31492
31493
31502
31514
31515
31525
31538
31540
31550
31569
31573
31580
31585
31597
31603
31610
31611
31632
31636
31655
31657
31662
31669
31673
31680
31690
31694
31707
31727
31743
31745
31765
31773
31775
31782
31788
31804
31805
31806
31811
31819
31825
31857
31866
31901
31903
31907
31914
31923
31944
31969
31982
31982
31982
31983
31987
31993
31994
32000
32020
32041
32048
32050
32065
32074
32074
32078
32079
32093
32093
32103
32129
32143
32145
32165
32181
32201
32213
32223
32228
32232
32233
32233
32242
32245
32278
32292
32337
32347
32377
32385
32405
32413
32419
32431
32442
32447
32447
32448
32452
32462
32463
32476
32493
32498
32499
32509
32534
32582
32598
32599
32600
32601
32628
32630
32634
32640
32648
32652
32675
32675
32682
32699
32706
32707
32715
32730
32738
32740
32743
32747
32748
32770
32778
32779
32789
32796
32799
32800
32830
32838
32839
32870
32875
32879
32894
32895
32907
32910
32940
32949
32967
32987
33016
33029
33037
33054
33068
33069
33074
33074
33079
33135
33138
33140
33150
33156
33160
33175
33179
33182
33204
33208
33215
33223
33224
33235
33236
33250
33263
33270
33284
33285
33311
33312
33317
33328
33336
33343
33352
33354
33358
33396
33427
33430
33433
33436
33441
33453
33462
33483
33488
33492
33508
33521
33533
33538
33539
33542
33568
33572
33597
33609
33613
33622
33642
33643
33648
33650
33654
33677
33689
33696
33696
33709
33720
33743
33749
33770
33770
33793
33799
33800
33811
33838
33851
33851
33858
33858
33862
33884
33885
33889
33907
33924
33924
33957
33971
33999
34008
34017
34021
34028
34030
34042
34071
34075
34086
34093
34095
34095
34098
34099
34115
34134
34152
34159
34178
34178
34189
34193
34213
34238
34242
34276
34280
34284
34311
34330
34341
34372
34375
34402
34407
34410
34411
34422
34426
34438
34441
34453
34462
34465
34470
34496
34500
34505
34515
34545
34546
34551
34567
34575
34593
34596
34601
34610
34624
34631
34640
34649
34652
34682
34684
34687
34698
34699
34703
34736
34741
34744
34748
34748
34756
34789
34806
34807
34828
34846
34870
34872
34873
34883
34900
34912
34927
34946
34969
34970
34975
34995
34998
35017
35025
35027
35030
35052
35062
35080
35085
35096
35099
35101
35123
35138
35162
35170
35190
35191
35195
35217
35219
35241
35250
35257
35263
35287
35302
35304
35311
35322
35326
35331
35343
35359
35360
35363
35366
35377
35380
35382
35382
35392
35396
35400
35407
35428
35438
35454
35483
35487
35489
35492
35492
35496
35505
35517
35521
35528
35535
35558
35561
35572
35572
35578
35580
35581
35584
35597
35603
35627
35638
35649
35651
35674
35686
35691
35692
35695
35701
35701
35703
35705
35715
35719
35727
35736
35738
35742
35745
35748
35749
35756
35756
35758
35786
35787
35799
35821
35834
35835
35842
35861
35863
35869
35876
35876
35891
35903
35903
35904
35917
35923
35930
35931
35938
35941
35992
36017
36020
36044
36053
36058
36069
36070
36074
36089
36104
36119
36122
36140
36153
36154
36158
36171
36182
36185
36194
36202
36211
36211
36218
36232
36233
36242
36243
36252
36255
36258
36266
36305
36349
36352
36355
36357
36363
36378
36393
36393
36397
36407
36414
36421
36425
36449
36452
36460
36497
36499
36502
36506
36512
36517
36524
36534
36549
36572
36577
36580
36590
36600
36601
36606
36607
36614
36616
36634
36641
36661
36665
36683
36685
36694
36711
36726
36739
36745
36745
36756
36784
36797
36818
36831
36842
36856
36884
36891
36896
36918
36919
36934
36940
36959
36963
36966
36976
36982
37002
37007
37008
37018
37020
37023
37025
37027
37031
37046
37050
37053
37071
37073
37088
37093
37096
37097
37098
37114
37114
37121
37137
37153
37165
37170
37196
37197
37201
37213
37220
37221
37227
37243
37252
37259
37263
37268
37276
37295
37303
37308
37315
37321
37335
37350
37351
37361
37375
37381
37383
37390
37391
37394
37398
37400
37403
37435
37447
37449
37457
37464
37510
37520
37531
37565
37576
37590
37607
37614
37622
37625
37630
37639
37646
37671
37674
37679
37700
37718
37724
37734
37739
37741
37762
37806
37810
37835
37838
37857
37861
37868
37878
37885
37887
37888
37902
37922
37927
37936
37948
37954
37968
37971
37991
37992
38005
38007
38010
38040
38064
38099
38104
38138
38158
38160
38169
38179
38200
38209
38224
38234
38247
38270
38271
38284
38291
38299
38305
38317
38319
38343
38352
38355
38389
38411
38419
38434
38434
38436
38438
38448
38487
38490
38502
38510
38533
38557
38563
38564
38574
38585
38598
38607
38638
38642
38647
38656
38664
38666
38695
38697
38699
38713
38729
38741
38744
38756
38763
38775
38780
38782
38794
38799
38809
38810
38816
38830
38845
38855
38857
38872
38873
38885
38893
38903
38930
38930
38946
38966
38966
38970
38974
38981
38985
38995
39006
39010
39014
39027
39028
39032
39035
39044
39051
39078
39085
39103
39116
39124
39127
39131
39161
39165
39166
39170
39181
39187
39194
39196
39196
39198
39203
39213
39223
39259
39278
39280
39298
39301
39305
39308
39330
39340
39366
39378
39386
39386
39386
39399
39410
39420
39445
39473
39479
39481
39485
39499
39510
39511
39513
39519
39522
39538
39549
39559
39584
39590
39590
39597
39606
39608
39641
39651
39681
39691
39698
39704
39707
39711
39750
39750
39771
39773
39785
39800
39802
39804
39809
39835
39852
39857
39869
39890
39904
39908
39922
39925
39940
39961
39966
39967
39997
40014
40030
40050
40078
40081
40087
40095
40125
40130
40151
40155
40169
40171
40174
40198
40200
40243
40285
40295
40305
40313
40331
40340
40354
40354
40381
40391
40391
40403
40407
40409
40410
40428
40431
40446
40457
40460
40460
40476
40482
40499
40507
40513
40523
40530
40542
40543
40548
40548
40553
40562
40565
40586
40592
40592
40602
40619
40636
40638
40641
40641
40650
40651
40662
40665
40666
40670
40690
40715
40725
40729
40743
40744
40762
40762
40765
40795
40821
40822
40824
40833
40874
40878
40887
40909
40910
40916
40917
40917
40922
40933
40937
40939
40941
40955
40965
40968
40991
40998
41039
41042
41069
41070
41071
41078
41080
41085
41085
41098
41103
41106
41123
41127
41136
41172
41192
41209
41226
41255
41270
41281
41296
41297
41306
41355
41364
41376
41389
41399
41417
41431
41433
41436
41437
41446
41446
41483
41487
41498
41498
41527
41534
41535
41557
41593
41607
41609
41622
41640
41654
41665
41675
41695
41704
41704
41716
41726
41732
41739
41744
41763
41764
41793
41796
41802
41815
41825
41839
41877
41886
41892
41926
41928
41952
41955
41967
41972
41975
41985
41994
42002
42041
42055
42079
42084
42105
42111
42117
42118
42121
42136
42139
42140
42155
42160
42167
42174
42175
42178
42203
42205
42224
42228
42241
42273
42276
42277
42281
42287
42288
42298
42305
42320
42323
42325
42336
42341
42369
42369
42375
42383
42398
42423
42440
42446
42467
42469
42471
42473
42542
42546
42547
42550
42584
42592
42597
42613
42624
42624
42635
42638
42649
42650
42661
42674
42674
42693
42695
42695
42698
42710
42717
42731
42732
42750
42756
42764
42769
42774
42792
42797
42819
42833
42864
42884
42888
42914
42917
42919
42921
42922
42931
42947
42948
42965
42966
42967
42981
42992
43007
43019
43028
43036
43045
43051
43064
43066
43093
43102
43114
43116
43148
43165
43168
43172
43195
43201
43211
43223
43224
43229
43243
43258
43259
43271
43275
43277
43280
43281
43282
43288
43308
43322
43326
43369
43370
43380
43391
43410
43423
43436
43453
43471
43477
43477
43567
43574
43593
43613
43615
43624
43626
43636
43650
43672
43679
43682
43692
43694
43694
43711
43719
43729
43735
43738
43756
43791
43796
43798
43804
43809
43816
43819
43825
43895
43906
43912
43933
43947
43959
43962
43969
43972
43980
43993
43994
43997
44004
44007
44019
44045
44069
44075
44101
44104
44104
44107
44108
44112
44116
44118
44131
44137
44144
44164
44164
44167
44170
44182
44200
44254
44257
44273
44275
44306
44313
44330
44335
44342
44348
44377
44379
44394
44402
44406
44417
44421
44425
44432
44433
44453
44471
44472
44483
44500
44502
44503
44520
44522
44523
44553
44579
44588
44590
44610
44616
44627
44654
44669
44677
44677
44678
44680
44687
44696
44703
44708
44718
44723
44740
44759
44783
44799
44811
44818
44825
44831
44835
44858
44860
44862
44872
44872
44893
44904
44906
44917
44928
44941
44954
44958
44958
44973
44974
44980
44994
44995
45005
45011
45012
45014
45028
45037
45039
45045
45058
45062
45072
45098
45113
45136
45141
45145
45145
45150
45168
45184
45187
45207
45220
45244
45250
45273
45281
45286
45292
45296
45297
45302
45311
45316
45320
45331
45336
45371
45374
45379
45384
45391
45404
45411
45416
45420
45431
45447
45448
45450
45459
45464
45469
45493
45503
45523
45523
45531
45535
45547
45555
45558
45558
45569
45573
45603
45607
45609
45610
45619
45629
45642
45651
45686
45687
45697
45704
45706
45722
45724
45734
45749
45784
45785
45798
45801
45801
45815
45823
45825
45838
45842
45844
45866
45868
45873
45878
45880
45912
45930
45937
45940
45953
45959
45965
45976
45978
46003
46011
46013
46021
46037
46052
46105
46112
46132
46143
46143
46163
46166
46169
46171
46185
46188
46197
46211
46244
46258
46260
46266
46267
46273
46274
46276
46309
46313
46339
46345
46353
46357
46370
46378
46381
46384
46403
46408
46410
46412
46439
46464
46492
46500
46512
46528
46529
46542
46548
46548
46555
46571
46578
46584
46587
46603
46623
46629
46647
46649
46658
46660
46661
46672
46674
46698
46699
46708
46712
46713
46733
46743
46743
46743
46752
46753
46756
46762
46763
46766
46770
46772
46773
46774
46780
46781
46783
46789
46790
46797
46826
46827
46847
46847
46862
46863
46873
46896
46899
46904
46905
46911
46917
46926
46928
46932
46935
46965
46972
46990
46992
47025
47029
47066
47073
47091
47103
47115
47122
47128
47150
47157
47160
47174
47175
47185
47207
47209
47212
47236
47243
47253
47256
47261
47267
47268
47269
47271
47278
47285
47290
47296
47311
47337
47350
47386
47386
47391
47401
47402
47412
47414
47417
47424
47427
47433
47447
47458
47472
47472
47501
47515
47538
47568
47570
47574
47577
47580
47611
47619
47631
47637
47655
47680
47681
47691
47692
47707
47709
47714
47718
47721
47724
47755
47755
47760
47770
47774
47788
47790
47795
47795
47796
47819
47838
47851
47858
47860
47860
47872
47874
47877
47878
47883
47889
47891
47902
47903
47909
47920
47926
47926
47940
47953
47967
47983
47985
47986
48002
48006
48020
48021
48028
48046
48050
48067
48078
48095
48109
48111
48113
48119
48131
48140
48144
48156
48157
48166
48179
48191
48198
48210
48217
48218
48228
48249
48260
48277
48305
48365
48370
48384
48384
48389
48390
48392
48406
48406
48411
48417
48436
48438
48441
48447
48447
48450
48453
48458
48510
48514
48527
48563
48566
48568
48582
48590
48613
48615
48619
48622
48625
48627
48651
48652
48656
48659
48676
48683
48717
48731
48771
48780
48808
48808
48820
48822
48836
48871
48874
48879
48898
48901
48921
48937
48940
48942
48951
48968
48968
48995
49037
49047
49047
49049
49072
49077
49105
49107
49111
49115
49136
49162
49175
49190
49206
49214
49215
49241
49241
49252
49252
49254
49266
49288
49313
49326
49333
49337
49377
49380
49428
49430
49434
49440
49447
49447
49462
49482
49483
49490
49511
49522
49527
49542
49546
49567
49577
49600
49619
49622
49625
49656
49672
49685
49687
49699
49709
49718
49722
49722
49723
49747
49749
49753
49768
49773
49784
49797
49802
49802
49810
49827
49835
49839
49846
49847
49853
49857
49867
49873
49876
49877
49897
49898
49905
49918
49949
49963
49967
49983
50009
50012
50018
50029
50035
50045
50047
50054
50067
50075
50095
50113
50124
50125
50144
50171
50171
50173
50174
50183
50187
50194
50197
50199
50199
50202
50210
50251
50258
50280
50290
50292
50292
50305
50344
50349
50350
50357
50362
50383
50386
50414
50416
50468
50470
50482
50486
50503
50513
50567
50568
50573
50591
50613
50617
50620
50621
50627
50633
50644
50645
50657
50659
50661
50668
50713
50718
50722
50729
50770
50775
50792
50796
50806
50816
50823
50824
50832
50834
50837
50840
50861
50862
50883
50883
50886
50900
50903
50925
50930
50935
50944
50947
50964
50966
50969
50977
50980
50983
50994
51007
51011
51023
51034
51034
51044
51047
51049
51062
51090
51109
51143
51163
51172
51183
51190
51207
51211
51214
51216
51227
51230
51235
51261
51279
51282
51284
51287
51290
51290
51295
51303
51307
51313
51316
51321
51337
51339
51340
51359
51360
51375
51388
51390
51403
51406
51410
51414
51426
51432
51451
51452
51457
51465
51476
51509
51520
51534
51556
51567
51577
51584
51593
51605
51619
51622
51657
51686
51696
51696
51697
51704
51735
51736
51741
51754
51758
51759
51765
51766
51766
51768
51772
51781
51782
51782
51786
51792
51797
51799
51808
51810
51813
51818
51822
51848
51849
51890
51902
51906
51938
51942
51947
51954
51967
51983
51990
51992
52012
52045
52056
52058
52061
52063
52069
52071
52073
52092
52094
52108
52108
52108
52112
52119
52121
52122
52152
52164
52169
52180
52189
52201
52206
52241
52243
52256
52259
52271
52273
52281
52285
52288
52325
52328
52330
52337
52348
52353
52365
52367
52377
52380
52385
52395
52399
52404
52410
52412
52423
52434
52438
52452
52475
52481
52505
52521
52533
52538
52550
52554
52556
52573
52576
52577
52580
52583
52644
52654
52662
52668
52696
52703
52716
52727
52728
52767
52769
52771
52777
52793
52809
52827
52849
52850
52869
52873
52876
52886
52909
52918
52930
52931
52947
52948
52969
52973
52980
52980
52983
52997
53017
53026
53026
53030
53031
53038
53044
53045
53047
53054
53062
53079
53081
53103
53114
53125
53132
53133
53139
53149
53163
53164
53202
53204
53210
53217
53224
53245
53246
53255
53262
53263
53266
53273
53299
53313
53326
53326
53335
53353
53369
53374
53385
53393
53407
53412
53415
53437
53439
53441
53445
53462
53469
53470
53475
53480
53499
53512
53517
53522
53523
53528
53532
53533
53541
53549
53562
53572
53579
53599
53610
53615
53625
53631
53631
53636
53654
53657
53659
53663
53665
53677
53693
53699
53707
53727
53729
53729
53759
53759
53764
53774
53777
53785
53789
53797
53803
53807
53809
53843
53853
53903
53917
53928
53944
53955
53962
53969
53974
53980
53981
53993
54006
54010
54025
54035
54040
54050
54060
54064
54071
54077
54092
54092
54094
54109
54110
54112
54126
54126
54131
54140
54190
54196
54220
54243
54246
54253
54262
54272
54274
54279
54285
54289
54293
54298
54315
54328
54332
54335
54343
54362
54379
54382
54400
54405
54426
54428
54434
54441
54450
54452
54484
54490
54507
54507
54508
54539
54553
54569
54578
54587
54591
54602
54603
54610
54611
54614
54639
54644
54649
54651
54661
54679
54697
54700
54704
54706
54721
54740
54750
54764
54767
54778
54780
54854
54855
54864
54867
54871
54890
54899
54924
54930
54937
54945
54955
54992
54997
55010
55023
55026
55045
55051
55088
55090
55098
55102
55109
55111
55123
55144
55149
55150
55166
55179
55198
55203
55209
55220
55229
55247
55261
55272
55274
55279
55289
55322
55331
55333
55352
55360
55364
55375
55383
55390
55390
55407
55408
55424
55437
55458
55476
55485
55485
55489
55508
55543
55545
55548
55561
55571
55573
55583
55588
55595
55600
55604
55605
55623
55650
55655
55663
55671
55684
55716
55718
55720
55734
55738
55750
55751
55756
55770
55772
55791
55807
55811
55820
55827
55829
55838
55843
55844
55859
55879
55899
55909
55915
55935
55964
55976
56008
56011
56012
56030
56052
56060
56062
56086
56099
56123
56132
56132
56135
56136
56166
56170
56173
56204
56207
56251
56305
56331
56339
56355
56363
56368
56379
56384
56392
56405
56419
56426
56432
56451
56474
56474
56481
56482
56485
56497
56502
56509
56523
56525
56539
56541
56545
56548
56552
56553
56560
56586
56592
56593
56599
56611
56636
56639
56655
56664
56670
56670
56694
56696
56723
56732
56738
56744
56760
56761
56781
56785
56795
56801
56824
56824
56841
56856
56856
56902
56906
56916
56930
56932
56944
56959
56960
56978
56987
57017
57017
57028
57053
57059
57060
57064
57078
57081
57085
57100
57120
57139
57146
57149
57162
57164
57166
57166
57168
57173
57174
57174
57196
57196
57203
57213
57225
57231
57242
57251
57271
57272
57287
57287
57289
57302
57305
57323
57325
57328
57351
57352
57355
57372
57383
57402
57410
57419
57420
57422
57434
57435
57436
57442
57450
57468
57475
57508
57534
57537
57566
57574
57575
57576
57662
57674
57691
57713
57722
57728
57734
57743
57772
57774
57782
57786
57802
57807
57817
57819
57830
57832
57834
57840
57855
57862
57870
57872
57875
57886
57889
57926
57939
57943
57956
57971
57986
57996
58013
58014
58015
58024
58025
58029
58045
58074
58075
58089
58094
58108
58127
58139
58148
58167
58192
58196
58203
58204
58220
58224
58234
58250
58252
58262
58267
58272
58273
58291
58299
58300
58307
58326
58326
58327
58339
58355
58374
58374
58376
58377
58386
58388
58388
58397
58430
58446
58462
58477
58497
58497
58511
58518
58521
58529
58537
58538
58551
58555
58566
58583
58584
58584
58585
58588
58596
58600
58605
58629
58629
58632
58639
58680
58682
58686
58713
58729
58763
58777
58778
58793
58800
58801
58818
58825
58854
58869
58877
58887
58893
58901
58928
58941
58950
58954
58959
58991
58994
58995
58998
59003
59003
59006
59009
59019
59029
59055
59082
59094
59102
59105
59112
59112
59139
59141
59142
59156
59159
59170
59174
59177
59180
59183
59186
59203
59207
59213
59214
59221
59228
59229
59235
59239
59242
59247
59266
59272
59288
59291
59321
59326
59340
59342
59359
59374
59415
59444
59453
59458
59466
59469
59470
59475
59476
59494
59529
59553
59557
59579
59598
59599
59602
59615
59623
59627
59631
59638
59645
59650
59653
59663
59666
59688
59691
59704
59707
59708
59708
59715
59715
59721
59739
59749
59754
59762
59775
59781
59797
59828
59837
59856
59857
59867
59867
59874
59878
59883
59890
59904
59908
59918
59921
59926
59926
59930
59930
59954
59956
59964
59975
59980
59986
59995
60007
60009
60034
60037
60083
60096
60103
60107
60111
60118
60151
60152
60154
60158
60193
60199
60212
60216
60238
60252
60255
60282
60286
60290
60293
60323
60324
60348
60355
60361
60361
60362
60365
60379
60381
60383
60398
60410
60441
60442
60452
60459
60465
60469
60470
60477
60477
60481
60484
60500
60504
60517
60540
60542
60543
60544
60550
60570
60589
60595
60597
60603
60610
60613
60619
60631
60643
60656
60662
60665
60673
60675
60686
60703
60704
60719
60751
60754
60755
60762
60769
60772
60777
60778
60791
60810
60814
60842
60844
60845
60848
60863
60864
60865
60873
60881
60885
60899
60925
60926
60949
60953
60962
60973
60978
60980
60983
61005
61006
61008
61011
61012
61012
61019
61029
61036
61043
61045
61071
61081
61108
61121
61121
61125
61150
61150
61151
61160
61161
61169
61170
61176
61194
61202
61203
61206
61207
61209
61253
61276
61307
61312
61316
61337
61339
61359
61361
61388
61389
61395
61403
61409
61432
61482
61500
61507
61517
61520
61524
61531
61534
61534
61546
61548
61571
61579
61592
61598
61618
61625
61628
61638
61648
61648
61649
61660
61685
61699
61699
61705
61717
61717
61718
61727
61730
61736
61736
61759
61760
61765
61770
61788
61789
61794
61799
61814
61816
61818
61826
61827
61830
61840
61846
61850
61863
61870
61874
61883
61901
61911
61917
61945
61951
61965
61969
61972
61984
61997
62019
62031
62032
62035
62053
62066
62067
62074
62077
62087
62099
62102
62108
62112
62114
62115
62117
62118
62135
62142
62145
62146
62152
62159
62165
62165
62170
62192
62195
62214
62217
62217
62217
62236
62237
62271
62290
62295
62298
62300
62301
62307
62362
62400
62409
62411
62416
62437
62462
62465
62474
62506
62513
62519
62531
62537
62570
62570
62570
62609
62621
62641
62644
62646
62650
62657
62662
62680
62684
62703
62705
62714
62715
62723
62732
62741
62770
62780
62798
62800
62852
62868
62869
62871
62895
62899
62904
62907
62908
62921
62924
62928
62929
62933
62938
62940
62945
62946
62984
62988
62994
63031
63034
63036
63044
63057
63061
63079
63085
63099
63106
63115
63131
63146
63150
63156
63161
63163
63165
63172
63181
63188
63209
63210
63211
63229
63240
63255
63273
63293
63302
63305
63306
63311
63311
63316
63318
63331
63336
63336
63351
63370
63392
63423
63433
63433
63441
63453
63467
63474
63477
63483
63494
63501
63515
63519
63529
63529
63530
63548
63554
63561
63573
63574
63585
63600
63601
63615
63634
63634
63635
63637
63637
63666
63674
63676
63689
63697
63698
63706
63709
63722
63746
63761
63762
63765
63772
63779
63793
63804
63807
63822
63827
63835
63839
63842
63845
63885
63886
63906
63914
63921
63926
63939
63955
63964
63967
63968
63973
63987
63988
64017
64023
64028
64048
64056
64056
64061
64067
64080
64083
64084
64103
64105
64107
64130
64136
64137
64154
64160
64163
64163
64166
64173
64179
64191
64192
64201
64204
64215
64222
64224
64256
64262
64263
64265
64278
64281
64294
64327
64328
64328
64341
64342
64345
64374
64375
64379
64391
64428
64441
64446
64456
64487
64494
64525
64528
64538
64546
64549
64561
64564
64582
64590
64599
64599
64612
64615
64615
64637
64655
64661
64661
64666
64667
64684
64688
64693
64694
64694
64713
64716
64735
64736
64743
64748
64757
64763
64792
64806
64814
64826
64829
64839
64842
64844
64875
64892
64897
64906
64910
64914
64920
64949
64954
64959
64961
64968
64973
64986
64987
64993
65006
65006
65010
65019
65036
65038
65043
65049
65055
65065
65091
65110
65112
65129
65136
65145
65165
65171
65183
65190
65204
65206
65213
65224
65229
65233
65259
65265
65279
65292
65300
65303
65305
65325
65340
65348
65350
65373
65383
65398
65443
65444
65468
65477
65488
65491
65497
65519
65519
65534
65538
65543
65548
65556
65567
65585
65603
65607
65618
65633
65641
65645
65651
65654
65656
65662
65663
65680
65682
65685
65694
65698
65703
65714
65736
65738
65755
65766
65800
65808
65823
65826
65837
65838
65859
65863
65868
65870
65902
65906
65925
65927
65953
65977
65977
65980
66006
66018
66031
66036
66053
66063
66066
66072
66073
66095
66098
66103
66114
66117
66131
66133
66152
66166
66167
66167
66167
66171
66176
66180
66185
66203
66204
66216
66217
66226
66229
66238
66246
66265
66267
66292
66302
66305
66308
66317
66322
66324
66325
66331
66350
66351
66373
66377
66384
66389
66413
66419
66436
66442
66442
66444
66451
66455
66456
66459
66479
66492
66510
66551
66558
66560
66568
66581
66604
66605
66609
66626
66640
66652
66654
66657
66657
66676
66680
66699
66701
66712
66726
66727
66742
66750
66751
66764
66780
66795
66807
66808
66814
66825
66834
66836
66836
66853
66859
66864
66879
66883
66883
66889
66891
66903
66915
66925
66928
66929
66963
66970
66978
66983
66992
66993
67025
67036
67045
67063
67071
67076
67082
67089
67093
67097
67105
67106
67119
67128
67142
67153
67156
67156
67158
67160
67162
67168
67170
67178
67187
67192
67200
67203
67214
67216
67227
67255
67274
67287
67300
67300
67302
67306
67309
67312
67323
67333
67343
67358
67362
67392
67399
67420
67441
67450
67457
67466
67479
67483
67484
67498
67506
67527
67556
67560
67569
67573
67574
67578
67589
67594
67602
67608
67608
67615
67621
67654
67662
67675
67676
67679
67705
67708
67722
67723
67730
67772
67792
67804
67804
67818
67828
67840
67847
67851
67856
67874
67876
67878
67878
67898
67912
67914
67919
67952
67953
67963
67977
67978
67994
68020
68032
68036
68038
68039
68052
68052
68054
68055
68063
68069
68070
68070
68090
68090
68092
68131
68138
68141
68146
68152
68158
68160
68206
68206
68224
68231
68242
68245
68245
68272
68281
68286
68313
68341
68364
68367
68367
68368
68376
68377
68384
68394
68394
68396
68419
68423
68423
68424
68452
68454
68484
68486
68489
68496
68543
68553
68575
68602
68606
68607
68614
68658
68663
68673
68673
68686
68687
68689
68691
68737
68743
68744
68755
68763
68766
68777
68785
68786
68792
68799
68822
68825
68826
68841
68857
68863
68869
68878
68881
68883
68884
68899
68900
68931
68967
68969
68980
68984
68985
68990
68991
69014
69021
69050
69054
69071
69072
69083
69086
69089
69097
69108
69125
69146
69159
69166
69172
69197
69197
69219
69253
69271
69278
69295
69297
69302
69329
69341
69341
69343
69351
69438
69452
69455
69455
69477
69497
69501
69512
69521
69527
69528
69536
69544
69549
69551
69562
69565
69575
69578
69584
69587
69596
69604
69612
69614
69648
69652
69672
69682
69684
69688
69695
69701
69704
69712
69725
69745
69757
69761
69762
69775
69776
69778
69789
69792
69794
69795
69798
69801
69821
69836
69859
69861
69885
69901
69921
69931
69955
69959
69964
69984
69996
70001
70001
70011
70026
70050
70053
70066
70070
70072
70097
70109
70110
70124
70125
70157
70179
70188
70190
70199
70205
70207
70233
70233
70234
70237
70267
70309
70310
70313
70329
70330
70339
70343
70347
70354
70357
70385
70387
70405
70427
70432
70442
70454
70473
70496
70498
70499
70512
70517
70528
70528
70534
70540
70569
70578
70587
70588
70592
70600
70619
70632
70635
70646
70646
70649
70660
70687
70704
70715
70724
70734
70739
70753
70756
70775
70776
70791
70806
70823
70824
70840
70842
70846
70846
70853
70862
70874
70881
70886
70887
70943
70951
70975
70977
71004
71005
71015
71017
71023
71025
71043
71051
71058
71059
71059
71065
71072
71113
71115
71145
71163
71176
71212
71214
71215
71251
71259
71260
71270
71286
71294
71304
71319
71321
71321
71335
71347
71384
71386
71392
71395
71405
71414
71418
71426
71431
71431
71472
71474
71475
71495
71500
71502
71513
71516
71519
71521
71525
71530
71553
71560
71573
71574
71580
71583
71587
71598
71606
71625
71636
71638
71663
71682
71689
71701
71709
71729
71733
71735
71740
71756
71761
71771
71783
71792
71792
71794
71813
71820
71827
71828
71834
71849
71862
71867
71877
71877
71908
71917
71930
71937
71952
71982
71986
71988
71992
72011
72024
72043
72047
72064
72069
72095
72097
72099
72124
72136
72142
72146
72154
72163
72165
72210
72218
72225
72243
72243
72245
72248
72250
72253
72254
72261
72280
72281
72282
72290
72304
72313
72328
72340
72354
72357
72357
72360
72366
72422
72436
72450
72458
72463
72472
72484
72505
72517
72533
72545
72553
72558
72571
72596
72598
72598
72602
72633
72644
72669
72687
72691
72700
72704
72706
72718
72732
72745
72749
72752
72752
72761
72762
72763
72766
72768
72778
72789
72793
72801
72816
72817
72841
72844
72849
72855
72870
72871
72873
72905
72930
72936
72938
72938
72941
72961
73024
73025
73045
73046
73059
73073
73075
73076
73084
73090
73096
73104
73104
73106
73126
73154
73155
73163
73167
73178
73181
73187
73202
73205
73206
73217
73221
73227
73237
73241
73310
73320
73324
73332
73332
73372
73373
73374
73383
73393
73425
73441
73443
73453
73461
73466
73470
73489
73502
73521
73554
73556
73576
73586
73589
73603
73637
73678
73679
73682
73697
73739
73741
73755
73757
73757
73758
73772
73773
73775
73797
73802
73812
73818
73824
73841
73844
73852
73854
73864
73866
73883
73890
73892
73900
73907
73926
73927
73927
73935
73938
73959
73960
73964
73971
73995
74009
74013
74022
74031
74043
74066
74092
74103
74105
74109
74111
74127
74138
74143
74153
74153
74170
74172
74176
74177
74184
74191
74194
74195
74195
74200
74203
74211
74220
74220
74226
74227
74228
74228
74229
74241
74258
74286
74301
74355
74367
74374
74389
74417
74423
74425
74429
74430
74436
74474
74493
74513
74516
74517
74528
74533
74538
74539
74550
74551
74564
74567
74610
74617
74622
74640
74652
74664
74687
74695
74703
74710
74725
74733
74738
74738
74740
74740
74747
74761
74807
74817
74821
74823
74868
74870
74872
74873
74877
74877
74885
74887
74896
74900
74906
74913
74920
74921
74928
74940
74942
74943
74954
74960
74964
74983
74988
74991
74994
74999
75050
75057
75064
75069
75087
75102
75140
75145
75158
75159
75160
75163
75184
75184
75200
75201
75211
75213
75240
75244
75249
75250
75253
75263
75268
75274
75278
75281
75293
75305
75367
75378
75388
75395
75397
75397
75428
75431
75433
75441
75446
75450
75459
75470
75472
75473
75493
75495
75496
75501
75521
75530
75553
75558
75564
75575
75589
75609
75617
75622
75624
75667
75669
75689
75690
75707
75715
75725
75729
75732
75735
75749
75758
75766
75783
75790
75794
75802
75803
75835
75867
75868
75874
75895
75926
75933
75939
75976
75987
76002
76013
76014
76028
76030
76032
76034
76058
76062
76066
76066
76072
76089
76100
76110
76117
76119
76135
76138
76139
76171
76172
76175
76185
76187
76190
76199
76210
76222
76253
76264
76299
76304
76312
76339
76346
76361
76370
76375
76379
76385
76388
76389
76398
76403
76408
76418
76419
76448
76461
76463
76480
76529
76529
76532
76534
76550
76553
76554
76578
76581
76597
76606
76607
76614
76617
76620
76626
76630
76639
76643
76650
76653
76661
76664
76677
76688
76702
76706
76719
76734
76745
76757
76759
76759
76766
76766
76772
76778
76779
76789
76801
76806
76828
76833
76845
76877
76883
76916
76930
76933
76934
76934
76934
76938
76943
76943
76944
76945
76954
76966
76969
76973
76990
76998
77002
77021
77025
77053
77055
77061
77071
77078
77081
77086
77092
77103
77104
77107
77116
77125
77134
77138
77139
77192
77195
77199
77210
77212
77213
77232
77234
77238
77245
77311
77312
77320
77324
77342
77360
77360
77362
77411
77416
77442
77448
77455
77471
77484
77491
77497
77503
77512
77534
77543
77544
77547
77548
77558
77562
77583
77593
77606
77616
77632
77633
77633
77635
77654
77682
77683
77685
77690
77731
77800
77808
77811
77815
77816
77843
77877
77882
77902
77910
77953
77955
77962
77963
77975
77985
77987
77987
78020
78021
78025
78027
78039
78045
78051
78071
78074
78080
78087
78088
78089
78101
78130
78131
78141
78145
78163
78168
78196
78198
78200
78207
78208
78221
78229
78239
78254
78256
78261
78267
78273
78274
78279
78293
78304
78320
78329
78345
78346
78354
78360
78370
78379
78385
78400
78402
78407
78414
78429
78440
78445
78447
78456
78463
78467
78467
78468
78472
78480
78496
78502
78510
78537
78559
78561
78579
78580
78581
78615
78616
78640
78643
78658
78663
78666
78675
78714
78715
78719
78720
78724
78735
78736
78748
78763
78769
78774
78777
78800
78800
78807
78813
78816
78820
78824
78825
78840
78847
78887
78891
78892
78899
78920
78927
78933
78951
78957
78978
78990
78992
79037
79078
79085
79100
79101
79107
79107
79119
79123
79124
79129
79130
79137
79141
79170
79171
79180
79184
79189
79189
79207
79210
79229
79239
79264
79267
79268
79273
79279
79288
79290
79302
79353
79356
79380
79389
79395
79397
79415
79418
79420
79432
79434
79438
79442
79457
79458
79464
79467
79511
79517
79522
79530
79544
79562
79570
79588
79589
79596
79613
79618
79622
79623
79628
79640
79646
79647
79659
79660
79674
79674
79720
79739
79749
79773
79781
79788
79789
79808
79819
79826
79826
79843
79857
79872
79886
79930
79943
79957
80006
80020
80048
80060
80063
80074
80076
80102
80108
80119
80130
80136
80140
80141
80153
80181
80181
80181
80198
80202
80204
80216
80223
80223
80239
80241
80247
80256
80258
80261
80299
80301
80304
80307
80316
80323
80325
80329
80339
80347
80349
80356
80356
80373
80395
80397
80398
80404
80446
80447
80463
80469
80481
80482
80486
80505
80508
80514
80539
80542
80568
80611
80611
80614
80636
80641
80645
80647
80682
80725
80725
80733
80743
80743
80746
80746
80746
80768
80772
80773
80788
80795
80797
80799
80802
80827
80841
80854
80861
80875
80883
80893
80897
80901
80908
80930
80939
80941
80949
80961
80968
80970
80979
80992
81002
81012
81015
81019
81047
81051
81060
81136
81137
81141
81141
81164
81166
81171
81190
81194
81194
81195
81199
81218
81220
81225
81232
81235
81236
81236
81252
81257
81258
81268
81270
81297
81299
81299
81306
81309
81318
81320
81339
81372
81377
81398
81409
81412
81421
81435
81436
81465
81467
81474
81479
81488
81488
81496
81502
81508
81512
81525
81526
81552
81556
81558
81561
81575
81577
81594
81595
81603
81620
81624
81627
81649
81652
81661
81669
81672
81691
81709
81709
81737
81740
81741
81745
81747
81749
81759
81775
81776
81779
81790
81796
81802
81854
81868
81874
81880
81885
81890
81898
81904
81905
81909
81920
81936
81936
81948
81966
81967
81980
81985
81990
81991
81994
81994
82006
82011
82012
82014
82024
82030
82045
82050
82060
82060
82072
82092
82092
82093
82107
82112
82114
82130
82139
82170
82183
82184
82203
82204
82214
82233
82253
82254
82257
82275
82307
82309
82341
82357
82365
82395
82409
82410
82422
82430
82461
82483
82491
82492
82508
82522
82531
82535
82538
82549
82549
82566
82573
82579
82581
82582
82589
82593
82596
82601
82617
82618
82623
82637
82638
82639
82647
82649
82652
82654
82659
82660
82675
82681
82686
82706
82721
82721
82740
82767
82795
82811
82819
82819
82825
82872
82889
82894
82902
82905
82926
82929
82938
82942
82944
82955
82969
82981
82982
82983
82993
83002
83009
83027
83037
83050
83058
83071
83117
83123
83135
83148
83156
83161
83168
83186
83197
83207
83227
83250
83250
83268
83280
83288
83295
83302
83304
83307
83312
83325
83332
83333
83344
83347
83363
83366
83366
83366
83370
83378
83384
83400
83404
83408
83426
83428
83456
83458
83488
83493
83533
83539
83549
83574
83580
83587
83595
83605
83619
83619
83623
83650
83665
83674
83700
83704
83706
83721
83727
83729
83731
83755
83763
83764
83767
83787
83788
83792
83798
83802
83822
83874
83884
83890
83898
83919
83923
83928
83933
83937
83942
83965
83978
83980
83995
84009
84014
84018
84021
84022
84041
84048
84053
84062
84098
84105
84123
84124
84128
84142
84145
84148
84150
84151
84160
84168
84171
84191
84197
84200
84202
84232
84243
84247
84263
84292
84303
84338
84352
84363
84364
84371
84377
84386
84389
84392
84399
84407
84414
84419
84440
84447
84457
84471
84477
84478
84479
84509
84530
84533
84549
84560
84565
84568
84586
84614
84614
84615
84645
84655
84664
84665
84674
84683
84686
84718
84726
84733
84751
84754
84765
84789
84795
84810
84817
84860
84866
84874
84898
84898
84901
84904
84909
84938
84949
84953
84955
84960
84983
84991
85001
85021
85024
85025
85029
85041
85051
85053
85055
85056
85059
85062
85078
85079
85088
85096
85098
85098
85132
85144
85154
85164
85164
85187
85211
85215
85222
85229
85279
85300
85320
85332
85340
85356
85357
85363
85366
85393
85401
85419
85437
85442
85454
85459
85482
85505
85514
85519
85524
85533
85546
85553
85561
85575
85579
85581
85586
85630
85635
85637
85638
85654
85655
85657
85657
85657
85667
85675
85677
85677
85680
85683
85692
85700
85717
85722
85740
85757
85766
85770
85785
85792
85793
85795
85800
85804
85809
85827
85854
85881
85888
85900
85915
85937
85942
85960
85962
85963
85981
86010
86013
86035
86037
86037
86037
86050
86079
86100
86119
86141
86161
86163
86189
86198
86207
86210
86223
86235
86239
86249
86253
86270
86284
86292
86324
86337
86362
86372
86378
86381
86383
86397
86424
86428
86437
86443
86451
86455
86461
86485
86494
86504
86505
86509
86510
86560
86562
86567
86570
86578
86584
86588
86593
86601
86619
86625
86626
86630
86641
86641
86651
86664
86666
86676
86691
86710
86718
86726
86730
86741
86758
86768
86769
86793
86817
86825
86831
86838
86838
86857
86884
86892
86896
86902
86904
86950
86985
86986
86990
87001
87005
87008
87010
87030
87036
87039
87103
87103
87106
87110
87111
87113
87166
87193
87206
87215
87215
87232
87242
87245
87250
87264
87265
87278
87281
87287
87302
87303
87332
87334
87355
87418
87419
87453
87455
87462
87464
87465
87469
87511
87515
87517
87529
87571
87586
87598
87602
87629
87645
87664
87666
87687
87698
87700
87709
87712
87722
87726
87736
87753
87754
87801
87810
87812
87822
87830
87841
87851
87881
87885
87917
87919
87937
87955
87977
87988
87998
88020
88026
88027
88036
88065
88073
88075
88082
88087
88108
88112
88119
88137
88151
88156
88156
88180
88185
88187
88209
88220
88238
88256
88257
88270
88272
88279
88282
88313
88315
88317
88322
88331
88339
88351
88353
88359
88361
88370
88383
88391
88392
88393
88395
88409
88420
88437
88443
88449
88450
88453
88467
88470
88475
88494
88501
88534
88544
88546
88548
88551
88560
88567
88570
88577
88592
88596
88601
88605
88620
88625
88625
88630
88633
88635
88638
88660
88660
88704
88713
88727
88734
88745
88766
88772
88780
88808
88829
88833
88852
88856
88858
88869
88872
88898
88898
88903
88907
88922
88944
88946
88949
88950
88955
88957
88968
88970
88974
89012
89012
89014
89017
89018
89025
89026
89030
89037
89045
89058
89105
89106
89118
89118
89134
89134
89165
89167
89171
89196
89206
89209
89221
89221
89223
89228
89229
89244
89251
89283
89292
89302
89310
89343
89351
89364
89365
89370
89393
89394
89415
89441
89442
89452
89452
89500
89503
89515
89537
89544
89573
89574
89592
89599
89600
89608
89614
89617
89637
89654
89665
89683
89687
89687
89694
89698
89703
89717
89732
89763
89780
89787
89791
89797
89798
89817
89821
89843
89844
89877
89878
89882
89884
89888
89890
89897
89900
89901
89902
89903
89933
89935
89945
89970
89972
89982
90050
90050
90053
90054
90089
90092
90102
90102
90103
90118
90121
90124
90139
90149
90161
90176
90201
90234
90255
90258
90269
90299
90302
90321
90323
90338
90338
90340
90355
90356
90364
90369
90420
90447
90447
90453
90455
90476
90491
90511
90517
90525
90525
90545
90557
90581
90591
90601
90603
90626
90633
90635
90637
90644
90656
90665
90717
90731
90733
90736
90747
90752
90752
90783
90796
90800
90805
90825
90830
90840
90866
90869
90881
90884
90909
90912
90929
90934
90941
90953
90976
90993
90995
90996
90997
91006
91008
91032
91042
91063
91065
91077
91081
91085
91112
91133
91137
91170
91177
91186
91192
91194
91196
91199
91200
91201
91212
91226
91260
91290
91304
91316
91334
91337
91341
91342
91349
91349
91351
91363
91373
91385
91386
91386
91407
91409
91414
91416
91428
91479
91486
91494
91502
91523
91538
91553
91586
91594
91614
91624
91629
91634
91656
91657
91658
91664
91666
91690
91694
91700
91713
91722
91749
91756
91768
91782
91794
91795
91801
91805
91809
91814
91816
91823
91843
91851
91855
91856
91864
91869
91877
91886
91896
91900
91908
91919
91938
91940
91943
91944
91948
91956
91969
91970
91970
91979
92009
92018
92020
92036
92071
92072
92077
92079
92083
92086
92096
92122
92126
92133
92151
92154
92157
92159
92160
92165
92182
92193
92195
92197
92207
92244
92248
92255
92266
92267
92270
92294
92306
92307
92310
92316
92321
92323
92323
92345
92346
92353
92355
92355
92359
92361
92378
92384
92398
92398
92406
92412
92418
92433
92438
92451
92452
92457
92460
92462
92464
92468
92489
92495
92516
92524
92539
92542
92554
92574
92594
92594
92605
92608
92611
92614
92618
92643
92643
92650
92654
92655
92656
92691
92697
92711
92720
92725
92727
92735
92740
92752
92763
92773
92783
92799
92800
92803
92815
92819
92831
92832
92834
92835
92840
92845
92868
92885
92889
92909
92921
92935
92940
92955
92963
92975
92983
92994
93019
93026
93027
93045
93050
93054
93070
93074
93080
93092
93117
93176
93195
93212
93212
93223
93225
93243
93306
93307
93312
93319
93340
93350
93358
93370
93389
93398
93402
93420
93453
93463
93473
93493
93495
93518
93538
93551
93593
93595
93655
93659
93669
93669
93670
93676
93692
93700
93702
93710
93714
93734
93737
93738
93747
93750
93752
93756
93765
93775
93776
93808
93810
93828
93838
93838
93845
93861
93862
93868
93873
93899
93908
93929
93931
93932
93933
93944
93949
93951
93961
93970
93975
93986
93992
93996
94012
94031
94072
94078
94086
94096
94102
94106
94116
94129
94130
94133
94138
94140
94140
94141
94166
94173
94193
94207
94210
94211
94215
94225
94229
94230
94233
94243
94243
94249
94274
94296
94312
94343
94366
94375
94383
94384
94400
94431
94432
94434
94434
94441
94444
94455
94475
94477
94491
94493
94495
94496
94497
94501
94504
94514
94524
94538
94541
94583
94591
94615
94617
94621
94642
94656
94666
94668
94691
94712
94774
94776
94795
94811
94811
94815
94820
94829
94832
94844
94851
94865
94885
94901
94902
94907
94909
94911
94988
94994
94997
95019
95021
95027
95027
95039
95061
95063
95067
95073
95073
95078
95086
95102
95110
95114
95177
95191
95193
95198
95198
95202
95207
95215
95230
95231
95239
95245
95257
95263
95269
95278
95282
95284
95285
95288
95293
95295
95300
95312
95318
95331
95335
95336
95349
95351
95352
95386
95390
95395
95410
95411
95412
95412
95413
95428
95431
95464
95466
95480
95486
95492
95494
95503
95514
95517
95545
95568
95572
95585
95586
95591
95621
95623
95637
95646
95664
95667
95677
95721
95723
95729
95752
95761
95763
95774
95779
95783
95809
95837
95850
95857
95859
95869
95872
95873
95876
95880
95887
95888
95903
95918
95920
95930
95937
95939
95944
95946
95953
95962
95969
95971
95971
95978
95981
95983
95990
95993
95995
96026
96043
96062
96067
96075
96084
96087
96105
96117
96123
96145
96193
96195
96196
96204
96206
96206
96218
96220
96226
96253
96270
96282
96297
96312
96312
96318
96324
96324
96340
96346
96348
96355
96357
96390
96395
96408
96421
96426
96443
96443
96469
96471
96509
96527
96534
96534
96543
96546
96547
96570
96575
96585
96594
96594
96600
96601
96610
96614
96617
96626
96626
96647
96649
96650
96662
96678
96688
96710
96735
96779
96784
96807
96808
96812
96820
96833
96837
96841
96849
96851
96853
96854
96862
96865
96873
96878
96883
96898
96900
96902
96904
96905
96918
96937
96945
97007
97018
97018
97036
97037
97049
97054
97058
97063
97110
97113
97115
97116
97118
97128
97141
97144
97158
97167
97167
97179
97189
97194
97217
97222
97232
97238
97239
97251
97259
97266
97286
97333
97343
97369
97373
97382
97406
97418
97421
97455
97475
97493
97501
97502
97506
97507
97529
97536
97537
97540
97556
97556
97561
97584
97595
97608
97610
97621
97621
97628
97629
97642
97644
97666
97672
97676
97695
97704
97705
97711
97716
97721
97736
97740
97742
97761
97763
97770
97779
97782
97798
97801
97811
97827
97831
97831
97838
97855
97856
97868
97876
97882
97883
97898
97912
97923
97959
97964
97969
97993
97995
97997
98002
98004
98014
98021
98023
98038
98039
98048
98055
98073
98078
98079
98089
98092
98097
98120
98122
98124
98124
98146
98156
98157
98163
98168
98175
98196
98203
98204
98208
98216
98222
98227
98229
98230
98234
98242
98258
98260
98306
98307
98310
98319
98345
98361
98363
98382
98390
98400
98404
98404
98405
98408
98414
98423
98432
98437
98437
98449
98463
98467
98470
98481
98483
98494
98510
98517
98518
98521
98523
98529
98541
98547
98557
98563
98582
98596
98604
98606
98613
98625
98629
98632
98638
98640
98658
98659
98678
98705
98711
98719
98726
98730
98741
98746
98749
98753
98779
98817
98818
98829
98837
98852
98859
98859
98859
98866
98870
98871
98874
98891
98893
98926
98951
98962
98985
98991
98991
99004
99020
99044
99046
99047
99053
99078
99108
99118
99122
99125
99137
99146
99148
99190
99199
99214
99214
99227
99228
99229
99258
99265
99268
99281
99286
99286
99311
99317
99329
99330
99342
99351
99360
99384
99385
99442
99447
99468
99475
99475
99488
99509
99510
99511
99544
99550
99563
99566
99574
99592
99612
99621
99631
99635
99649
99653
99662
99663
99680
99695
99710
99712
99718
99724
99725
99733
99738
99740
99747
99757
99790
99809
99830
99837
99839
99841
99848
99872
99878
99883
99890
99894
99895
99900
99903
99905
99906
99907
99908
99912
99913
99941
99983
99987
99992
