14
19
29
48
52
61
75
81
95
99
116
118
120
120
121
128
135
135
156
157
159
171
182
199
220
234
235
245
250
271
278
279
291
301
311
316
320
323
329
346
350
360
365
366
367
376
397
408
410
421
423
431
454
463
464
470
471
477
481
508
523
523
530
541
544
545
559
567
569
594
600
610
634
639
641
643
677
680
687
694
699
710
718
732
743
744
745
753
764
765
767
780
789
793
830
832
847
852
854
871
878
885
885
887
890
898
900
913
922
937
946
963
979
985
987
992
1009
1021
1047
1051
1060
1075
1117
1123
1130
1148
1166
1175
1181
1190
1194
1199
1205
1222
1286
1290
1300
1303
1306
1312
1313
1317
1335
1338
1339
1346
1353
1355
1356
1385
1404
1409
1434
1456
1463
1468
1491
1506
1512
1513
1539
1566
1584
1591
1594
1608
1620
1633
1637
1643
1644
1646
1648
1654
1657
1661
1700
1707
1718
1720
1724
1735
1737
1737
1742
1749
1749
1751
1764
1768
1769
1780
1780
1791
1797
1802
1803
1829
1834
1835
1842
1844
1848
1859
1879
1880
1915
1916
1924
1943
1945
1952
1956
1997
2006
2012
2021
2024
2042
2063
2063
2076
2077
2104
2117
2144
2151
2166
2171
2184
2224
2227
2228
2247
2249
2250
2262
2264
2283
2288
2294
2298
2306
2322
2328
2337
2359
2359
2364
2390
2391
2398
2404
2414
2428
2434
2467
2470
2497
2499
2499
2518
2527
2546
2559
2594
2598
2612
2614
2635
2638
2641
2655
2677
2682
2683
2693
2695
2705
2718
2719
2732
2736
2738
2742
2745
2756
2764
2767
2767
2779
2806
2808
2808
2828
2849
2861
2861
2862
2870
2876
2877
2881
2883
2903
2908
2912
2916
2918
2966
2969
2975
2978
2985
2994
3017
3019
3030
3045
3051
3059
3071
3087
3092
3095
3104
3108
3113
3117
3121
3130
3131
3132
3152
3178
3198
3207
3222
3250
3252
3254
3256
3257
3260
3260
3263
3267
3307
3333
3334
3335
3374
3385
3391
3422
3426
3454
3468
3530
3553
3560
3570
3577
3592
3600
3606
3613
3624
3627
3628
3637
3650
3654
3668
3679
3694
3722
3723
3728
3738
3740
3746
3756
3774
3786
3787
3789
3795
3796
3801
3807
3814
3826
3844
3852
3880
3885
3904
3906
3906
3913
3914
3916
3917
3928
3947
3961
4000
4016
4035
4041
4050
4068
4069
4072
4072
4091
4103
4106
4115
4118
4120
4138
4157
4173
4184
4186
4193
4204
4211
4224
4248
4274
4288
4290
4298
4309
4311
4313
4328
4345
4360
4361
4365
4375
4378
4379
4391
4392
4395
4410
4420
4421
4437
4449
4476
4478
4496
4502
4502
4512
4521
4523
4560
4572
4573
4584
4593
4593
4595
4596
4602
4621
4629
4632
4651
4672
4679
4687
4690
4695
4699
4705
4757
4771
4772
4780
4794
4821
4821
4823
4823
4844
4846
4869
4870
4897
4951
4977
4985
5036
5037
5046
5072
5084
5086
5089
5118
5122
5130
5135
5146
5156
5172
5190
5202
5210
5230
5231
5243
5261
5261
5281
5282
5284
5310
5317
5324
5326
5330
5340
5358
5368
5381
5415
5428
5431
5434
5439
5456
5472
5477
5494
5501
5534
5538
5556
5571
5575
5580
5580
5607
5618
5619
5620
5622
5623
5625
5625
5626
5630
5641
5649
5665
5667
5687
5697
5718
5721
5722
5725
5726
5733
5735
5738
5747
5747
5761
5787
5799
5802
5819
5829
5837
5840
5844
5852
5854
5871
5889
5891
5909
5914
5915
5928
5930
5931
5931
5937
5941
5944
5946
5955
5955
5991
6000
6001
6005
6009
6017
6017
6024
6039
6044
6045
6081
6082
6085
6087
6098
6112
6123
6174
6176
6190
6192
6211
6211
6217
6220
6228
6242
6243
6245
6247
6252
6272
6275
6280
6306
6313
6327
6333
6334
6338
6342
6344
6344
6354
6359
6380
6388
6414
6424
6439
6451
6465
6475
6480
6484
6490
6521
6522
6542
6547
6548
6568
6569
6570
6577
6587
6589
6590
6591
6592
6601
6606
6611
6624
6629
6636
6637
6640
6667
6671
6672
6674
6674
6684
6689
6707
6713
6726
6732
6739
6739
6740
6740
6742
6745
6747
6759
6761
6769
6774
6775
6779
6806
6810
6838
6840
6842
6845
6873
6877
6886
6889
6899
6901
6903
6906
6934
6936
6946
6956
6975
6978
6978
6988
7014
7023
7033
7035
7057
7070
7104
7120
7124
7146
7165
7168
7171
7173
7216
7251
7256
7263
7270
7276
7280
7302
7304
7319
7323
7349
7351
7362
7365
7372
7374
7379
7384
7391
7395
7421
7423
7423
7435
7436
7438
7439
7446
7450
7450
7451
7456
7457
7497
7507
7515
7516
7552
7553
7555
7555
7558
7559
7561
7561
7566
7572
7578
7581
7583
7583
7584
7611
7614
7614
7627
7642
7644
7662
7664
7666
7684
7715
7721
7727
7745
7796
7834
7872
7900
7915
7922
7923
7927
7931
7959
7959
7974
8015
8018
8019
8026
8034
8042
8062
8062
8064
8065
8072
8080
8094
8103
8120
8125
8129
8151
8159
8187
8189
8198
8201
8203
8207
8212
8223
8256
8257
8268
8280
8290
8293
8330
8330
8339
8342
8348
8358
8371
8374
8384
8390
8399
8415
8418
8496
8532
8536
8538
8539
8539
8555
8572
8573
8578
8588
8606
8645
8661
8682
8688
8694
8699
8702
8712
8721
8725
8727
8732
8735
8762
8765
8767
8780
8781
8788
8828
8831
8834
8839
8843
8870
8881
8988
8994
9022
9023
9025
9030
9032
9039
9045
9045
9064
9082
9084
9091
9108
9142
9146
9146
9155
9159
9171
9182
9196
9208
9214
9239
9262
9267
9272
9272
9277
9306
9331
9339
9339
9357
9365
9369
9370
9394
9404
9429
9442
9461
9464
9468
9478
9484
9501
9512
9522
9547
9557
9560
9567
9583
9587
9593
9597
9598
9637
9646
9654
9663
9699
9706
9713
9719
9719
9791
9812
9823
9835
9839
9849
9852
9870
9878
9880
9902
9905
9908
9920
9925
9960
9976
10000
10005
10010
10014
10020
10038
10073
10074
10084
10101
10114
10130
10133
10145
10184
10186
10190
10202
10206
10206
10212
10213
10236
10240
10247
10258
10267
10267
10271
10273
10296
10299
10305
10307
10311
10320
10330
10332
10335
10360
10377
10408
10408
10421
10462
10463
10465
10472
10477
10481
10482
10487
10500
10500
10511
10532
10540
10573
10583
10591
10598
10624
10626
10648
10658
10664
10674
10676
10679
10683
10702
10711
10722
10730
10737
10745
10747
10749
10756
10777
10797
10803
10805
10810
10813
10845
10845
10878
10885
10891
10899
10904
10905
10911
10912
10914
10922
10975
10978
10980
10986
10991
11005
11013
11021
11038
11059
11069
11070
11072
11074
11078
11085
11101
11101
11120
11121
11128
11140
11140
11184
11185
11197
11210
11216
11217
11229
11233
11257
11264
11269
11273
11274
11288
11288
11290
11294
11295
11302
11305
11316
11320
11325
11338
11351
11353
11360
11367
11381
11383
11390
11414
11435
11436
11450
11511
11533
11535
11550
11555
11558
11569
11570
11572
11576
11577
11593
11597
11613
11636
11662
11673
11693
11707
11710
11753
11759
11762
11789
11802
11853
11866
11869
11875
11883
11906
11914
11914
11929
11951
11957
11975
11997
12005
12006
12012
12013
12022
12026
12027
12028
12040
12044
12046
12047
12055
12057
12065
12074
12087
12098
12101
12104
12106
12108
12115
12126
12128
12128
12133
12138
12141
12147
12148
12148
12150
12157
12179
12179
12184
12186
12189
12199
12200
12218
12220
12222
12225
12226
12228
12231
12257
12266
12276
12306
12343
12366
12378
12385
12399
12431
12452
12461
12474
12474
12475
12500
12513
12515
12546
12546
12548
12549
12566
12568
12580
12582
12587
12590
12591
12599
12610
12639
12648
12654
12655
12680
12716
12730
12733
12739
12755
12756
12762
12772
12777
12785
12793
12796
12798
12805
12806
12815
12825
12856
12858
12861
12874
12876
12899
12901
12909
12917
12923
12928
12931
12942
12943
12962
12966
12976
12978
12990
13044
13055
13064
13073
13088
13093
13102
13108
13125
13140
13148
13154
13156
13159
13172
13177
13178
13180
13183
13202
13206
13209
13218
13249
13282
13282
13287
13301
13330
13332
13338
13343
13350
13355
13364
13370
13376
13378
13386
13393
13411
13417
13417
13420
13432
13446
13465
13475
13489
13504
13505
13521
13548
13553
13554
13561
13569
13572
13575
13586
13589
13592
13597
13599
13606
13608
13610
13613
13620
13622
13625
13644
13665
13674
13690
13697
13702
13704
13707
13718
13720
13721
13723
13725
13730
13731
13734
13738
13754
13761
13764
13767
13770
13773
13777
13782
13785
13785
13789
13802
13806
13819
13819
13860
13882
13915
13922
13934
13951
13955
13959
13972
13981
13995
13999
14007
14020
14025
14033
14042
14049
14084
14090
14092
14099
14099
14103
14108
14109
14110
14122
14125
14126
14142
14146
14164
14197
14213
14214
14214
14215
14219
14251
14252
14278
14286
14294
14294
14300
14318
14321
14333
14334
14348
14376
14381
14393
14404
14406
14411
14413
14423
14441
14444
14450
14467
14470
14472
14473
14479
14490
14493
14504
14510
14513
14518
14521
14528
14534
14552
14600
14605
14615
14622
14630
14639
14642
14644
14645
14647
14653
14654
14658
14660
14676
14682
14690
14715
14716
14723
14735
14754
14758
14762
14789
14827
14843
14844
14860
14880
14938
14959
14966
14980
14980
14983
14990
15008
15022
15057
15083
15084
15088
15089
15089
15092
15118
15123
15140
15144
15153
15154
15155
15156
15165
15183
15192
15192
15199
15206
15207
15209
15209
15211
15211
15223
15227
15230
15235
15247
15254
15257
15268
15286
15295
15322
15327
15329
15330
15353
15367
15370
15394
15413
15424
15428
15447
15450
15451
15471
15486
15502
15503
15531
15534
15535
15540
15566
15567
15569
15599
15600
15603
15611
15612
15669
15673
15673
15673
15677
15702
15717
15725
15732
15733
15737
15744
15751
15758
15763
15766
15770
15777
15780
15808
15808
15815
15816
15831
15833
15841
15845
15846
15846
15849
15851
15867
15880
15902
15917
15925
15929
15956
15964
15968
16003
16011
16016
16021
16039
16077
16102
16132
16132
16133
16142
16164
16164
16171
16176
16185
16195
16202
16229
16237
16246
16254
16258
16290
16309
16314
16316
16321
16329
16334
16376
16381
16392
16425
16442
16444
16457
16469
16479
16486
16499
16506
16568
16590
16591
16593
16616
16635
16635
16642
16652
16656
16665
16673
16673
16677
16694
16720
16726
16733
16760
16783
16789
16810
16829
16862
16868
16877
16879
16880
16882
16884
16904
16918
16933
16950
16952
16962
16963
16965
16984
17001
17012
17017
17021
17024
17046
17064
17066
17072
17074
17079
17091
17093
17110
17130
17144
17152
17170
17170
17177
17179
17184
17186
17196
17230
17233
17238
17248
17255
17269
17279
17280
17284
17284
17286
17291
17304
17319
17328
17351
17385
17394
17401
17403
17410
17421
17426
17430
17443
17461
17464
17471
17488
17505
17509
17509
17527
17542
17573
17580
17582
17588
17593
17607
17617
17619
17650
17651
17653
17665
17674
17676
17685
17697
17699
17711
17718
17739
17744
17762
17763
17777
17778
17791
17804
17811
17821
17852
17853
17856
17868
17875
17881
17892
17899
17906
17909
17922
17928
17930
17932
17936
17936
17957
17958
17969
17983
17985
17985
17990
18005
18014
18029
18040
18044
18045
18080
18102
18103
18104
18108
18109
18114
18121
18129
18130
18140
18141
18143
18157
18173
18179
18196
18200
18217
18221
18228
18245
18254
18258
18258
18273
18281
18289
18298
18299
18320
18327
18344
18353
18361
18380
18387
18389
18393
18395
18400
18403
18404
18428
18431
18433
18438
18445
18450
18456
18459
18461
18502
18513
18516
18518
18526
18540
18540
18553
18555
18565
18567
18587
18592
18598
18601
18608
18619
18631
18645
18669
18671
18675
18676
18685
18690
18728
18732
18735
18738
18762
18778
18805
18806
18820
18843
18846
18854
18879
18886
18916
18939
18945
18949
18961
18962
18964
18978
18979
18983
18983
18985
19033
19043
19049
19059
19084
19099
19105
19125
19142
19148
19161
19170
19183
19193
19197
19258
19262
19264
19279
19279
19283
19315
19322
19326
19327
19327
19333
19335
19346
19373
19391
19400
19400
19401
19410
19413
19427
19441
19441
19445
19452
19455
19455
19464
19478
19479
19484
19490
19500
19507
19512
19515
19526
19527
19542
19565
19571
19573
19576
19585
19607
19616
19618
19624
19637
19651
19658
19660
19665
19667
19669
19669
19670
19671
19682
19691
19713
19714
19745
19753
19779
19786
19796
19796
19821
19821
19834
19841
19849
19869
19906
19918
19919
19922
19955
19968
19974
19975
19980
19981
19983
20018
20051
20051
20062
20066
20067
20070
20074
20082
20083
20086
20088
20095
20108
20117
20119
20119
20158
20160
20163
20175
20177
20188
20204
20206
20225
20245
20257
20270
20285
20294
20314
20320
20325
20332
20339
20353
20388
20388
20400
20406
20408
20411
20414
20423
20429
20431
20431
20436
20437
20461
20481
20493
20494
20505
20516
20518
20539
20544
20548
20557
20572
20576
20580
20581
20590
20592
20594
20607
20624
20647
20647
20651
20677
20683
20684
20740
20740
20793
20795
20795
20798
20803
20807
20807
20841
20854
20861
20864
20872
20893
20893
20929
20933
20936
20964
20976
20979
20986
20987
21016
21016
21018
21042
21052
21053
21061
21061
21072
21074
21099
21100
21102
21111
21115
21122
21124
21142
21154
21155
21163
21191
21218
21229
21230
21235
21254
21254
21261
21262
21299
21303
21312
21317
21370
21371
21394
21402
21419
21423
21434
21445
21461
21462
21477
21480
21485
21508
21518
21527
21535
21549
21560
21567
21572
21587
21593
21593
21610
21611
21612
21615
21647
21662
21664
21674
21677
21678
21687
21705
21718
21723
21724
21736
21736
21737
21738
21739
21768
21768
21774
21776
21777
21778
21778
21778
21783
21785
21800
21820
21830
21833
21853
21854
21857
21861
21876
21877
21891
21902
21916
21925
21929
21931
21934
21944
21947
21974
21977
22006
22024
22024
22034
22034
22050
22060
22067
22074
22079
22087
22091
22099
22102
22103
22103
22107
22130
22138
22177
22185
22186
22195
22200
22201
22206
22209
22218
22222
22226
22230
22233
22235
22241
22246
22265
22277
22278
22288
22292
22298
22301
22330
22338
22355
22368
22373
22374
22389
22391
22409
22416
22422
22450
22457
22460
22485
22512
22522
22530
22530
22534
22555
22568
22578
22581
22613
22615
22618
22620
22623
22626
22687
22689
22696
22705
22717
22722
22732
22735
22739
22745
22747
22760
22781
22785
22787
22828
22838
22838
22842
22852
22854
22860
22869
22874
22884
22884
22899
22905
22908
22936
22940
22964
22978
22979
22982
22987
22988
22994
22998
23006
23008
23011
23013
23048
23052
23058
23065
23071
23099
23106
23130
23136
23141
23143
23149
23169
23193
23196
23200
23216
23219
23222
23225
23227
23236
23245
23254
23258
23263
23267
23270
23273
23325
23341
23345
23350
23350
23352
23364
23374
23380
23383
23385
23388
23389
23431
23435
23445
23455
23456
23474
23487
23492
23510
23520
23530
23535
23537
23548
23548
23549
23554
23578
23583
23589
23605
23611
23611
23617
23624
23638
23642
23661
23667
23685
23695
23700
23703
23714
23718
23746
23752
23763
23768
23776
23779
23782
23785
23789
23790
23797
23800
23807
23815
23853
23866
23885
23887
23897
23925
23939
23946
23960
23962
23971
23976
23994
24004
24024
24053
24064
24069
24123
24148
24151
24153
24157
24159
24184
24189
24219
24270
24276
24276
24282
24286
24291
24293
24305
24308
24309
24310
24330
24331
24332
24339
24375
24378
24381
24399
24417
24422
24430
24430
24436
24445
24449
24459
24494
24499
24506
24540
24551
24556
24559
24565
24574
24578
24592
24592
24593
24594
24602
24605
24607
24613
24620
24629
24637
24663
24673
24683
24685
24696
24704
24707
24726
24727
24728
24738
24745
24749
24750
24771
24777
24786
24789
24805
24808
24814
24849
24876
24880
24887
24890
24900
24907
24913
24916
24925
24931
25003
25009
25018
25020
25025
25028
25032
25036
25042
25058
25069
25084
25088
25098
25104
25119
25143
25157
25161
25164
25167
25171
25176
25184
25192
25196
25217
25222
25223
25233
25237
25249
25250
25262
25277
25282
25293
25310
25324
25325
25330
25335
25339
25345
25355
25361
25369
25406
25416
25423
25431
25446
25462
25470
25492
25510
25515
25543
25554
25555
25563
25563
25618
25622
25623
25624
25626
25629
25640
25642
25677
25681
25687
25695
25711
25716
25722
25726
25732
25739
25753
25763
25764
25765
25767
25774
25776
25781
25788
25791
25800
25804
25819
25823
25829
25829
25835
25844
25846
25855
25884
25892
25900
25907
25913
25927
25935
25948
25966
25971
25974
25982
25991
25995
25996
26009
26012
26038
26042
26050
26060
26062
26078
26084
26086
26090
26109
26113
26113
26132
26151
26168
26178
26183
26197
26235
26242
26263
26275
26276
26277
26298
26300
26301
26303
26312
26320
26371
26372
26403
26404
26407
26431
26443
26451
26452
26460
26460
26479
26506
26525
26530
26546
26554
26561
26564
26579
26591
26593
26608
26610
26639
26644
26648
26657
26667
26702
26703
26704
26734
26735
26744
26748
26758
26762
26762
26782
26790
26796
26797
26823
26843
26852
26872
26888
26897
26899
26910
26910
26913
26933
26952
26958
26966
26978
26983
26985
26999
27016
27025
27027
27045
27074
27083
27091
27117
27117
27144
27149
27155
27174
27175
27224
27243
27253
27266
27291
27295
27300
27302
27306
27327
27345
27347
27359
27375
27376
27381
27382
27389
27399
27408
27413
27424
27427
27432
27432
27451
27451
27475
27527
27579
27599
27614
27636
27640
27649
27650
27659
27663
27679
27684
27723
27728
27736
27739
27739
27751
27753
27766
27766
27780
27791
27803
27818
27843
27851
27852
27856
27876
27877
27885
27892
27914
27917
27919
27923
27931
27945
27947
27948
27967
27991
27993
28004
28005
28015
28031
28035
28059
28059
28065
28079
28086
28092
28105
28113
28124
28132
28134
28136
28150
28194
28197
28201
28203
28212
28223
28248
28264
28271
28279
28280
28294
28310
28316
28317
28324
28328
28328
28365
28376
28384
28403
28406
28408
28413
28416
28419
28423
28423
28427
28450
28468
28517
28528
28531
28545
28545
28546
28558
28562
28564
28568
28581
28586
28590
28606
28631
28656
28690
28737
28738
28744
28745
28748
28753
28760
28764
28765
28789
28792
28798
28799
28804
28813
28819
28820
28824
28828
28832
28835
28839
28854
28863
28866
28890
28893
28897
28899
28990
28995
29016
29016
29023
29039
29051
29057
29060
29063
29073
29080
29084
29085
29090
29093
29104
29104
29113
29127
29175
29178
29193
29202
29202
29222
29224
29230
29239
29274
29304
29305
29322
29329
29335
29335
29344
29369
29375
29391
29399
29402
29423
29461
29469
29473
29474
29479
29514
29536
29536
29539
29548
29556
29574
29575
29578
29589
29597
29608
29611
29623
29624
29628
29633
29637
29638
29665
29675
29690
29694
29703
29711
29713
29719
29726
29745
29746
29746
29766
29778
29785
29809
29815
29835
29841
29842
29845
29850
29850
29867
29871
29883
29883
29896
29897
29897
29911
29921
29926
29926
29939
29945
29946
29979
29980
29989
30003
30060
30062
30070
30072
30072
30086
30094
30100
30110
30116
30117
30118
30130
30144
30151
30164
30174
30175
30180
30196
30215
30216
30254
30288
30303
30318
30320
30335
30349
30355
30361
30370
30375
30390
30391
30399
30410
30420
30437
30441
30450
30457
30463
30465
30467
30478
30479
30505
30513
30531
30533
30554
30571
30588
30589
30600
30611
30615
30617
30629
30640
30642
30667
30670
30676
30678
30700
30711
30756
30783
30791
30805
30807
30814
30826
30831
30860
30895
30903
30909
30916
30939
30943
30952
30993
31005
31006
31023
31046
31047
31056
31077
31102
31109
31119
31136
31137
31142
31159
31169
31170
31187
31195
31208
31235
31239
31252
31256
31269
31277
31315
31320
31325
31351
31353
31355
31376
31387
31394
31395
31411
31412
31414
31429
31432
31432
31456
31469
31481
31483
31488
31488
31542
31544
31561
31567
31572
31590
31603
31615
31621
31622
31623
31635
31638
31644
31645
31647
31657
31677
31685
31705
31705
31713
31716
31726
31738
31749
31777
31793
31812
31823
31827
31834
31837
31846
31852
31852
31866
31868
31895
31896
31900
31903
31913
31922
31929
31940
31946
31950
31956
31962
31968
31978
31979
31980
31991
32012
32014
32021
32041
32043
32074
32102
32111
32115
32118
32127
32155
32164
32168
32169
32181
32197
32200
32220
32225
32233
32238
32240
32271
32289
32300
32305
32311
32322
32325
32332
32345
32346
32384
32386
32389
32440
32454
32487
32493
32493
32499
32527
32530
32548
32552
32558
32559
32563
32563
32568
32573
32585
32590
32606
32626
32637
32645
32648
32662
32694
32702
32704
32712
32734
32742
32761
32774
32779
32781
32782
32794
32798
32799
32802
32824
32830
32838
32844
32852
32856
32888
32889
32897
32898
32899
32909
32909
32910
32914
32915
32955
32975
32994
32995
32995
33016
33030
33031
33050
33054
33063
33070
33074
33077
33078
33083
33089
33091
33093
33094
33102
33103
33104
33120
33121
33141
33164
33165
33166
33169
33169
33185
33187
33202
33209
33220
33244
33251
33256
33277
33278
33281
33284
33305
33315
33317
33321
33322
33345
33372
33384
33386
33388
33393
33395
33401
33424
33430
33431
33434
33477
33482
33494
33501
33515
33520
33524
33531
33537
33539
33543
33545
33553
33555
33575
33605
33608
33614
33625
33636
33642
33659
33682
33683
33695
33709
33717
33730
33747
33749
33777
33781
33788
33801
33808
33830
33834
33836
33855
33868
33871
33899
33901
33935
33937
33944
33965
33979
33998
33999
34010
34030
34044
34045
34046
34050
34054
34074
34075
34081
34086
34115
34120
34129
34138
34142
34155
34169
34184
34189
34194
34200
34210
34221
34224
34227
34256
34285
34286
34293
34297
34319
34323
34352
34365
34369
34371
34390
34393
34415
34428
34432
34443
34455
34458
34466
34468
34471
34515
34517
34537
34537
34546
34550
34564
34590
34592
34593
34596
34598
34612
34619
34623
34628
34638
34665
34672
34677
34677
34687
34729
34732
34740
34749
34750
34757
34765
34766
34792
34793
34794
34834
34839
34857
34859
34885
34893
34904
34904
34911
34918
34919
34924
34953
34960
34968
34974
34984
34994
34995
34996
35006
35010
35032
35052
35059
35066
35069
35106
35108
35139
35149
35157
35172
35193
35213
35214
35221
35291
35309
35313
35321
35326
35355
35355
35377
35379
35383
35387
35391
35396
35405
35408
35416
35431
35446
35453
35456
35478
35484
35489
35491
35499
35505
35534
35544
35553
35569
35589
35599
35602
35610
35623
35624
35627
35641
35650
35656
35659
35680
35696
35712
35713
35719
35724
35731
35735
35735
35743
35752
35775
35776
35783
35795
35808
35821
35842
35845
35851
35868
35898
35919
35922
35928
35942
35966
35970
35982
35985
35986
35991
35996
35996
36005
36005
36006
36007
36023
36074
36084
36100
36102
36107
36137
36147
36161
36180
36186
36204
36224
36238
36246
36258
36271
36282
36283
36286
36298
36305
36311
36318
36326
36327
36343
36359
36363
36363
36369
36378
36393
36400
36403
36403
36429
36430
36435
36439
36471
36489
36492
36517
36537
36550
36553
36566
36568
36577
36584
36607
36618
36632
36644
36654
36659
36665
36679
36699
36703
36706
36719
36721
36735
36739
36746
36751
36757
36761
36764
36777
36805
36810
36825
36833
36837
36843
36855
36898
36903
36903
36907
36909
36921
36931
36931
36947
36947
36962
36963
36979
36996
37012
37024
37031
37045
37054
37056
37063
37070
37079
37088
37108
37114
37117
37123
37127
37134
37142
37146
37151
37153
37162
37167
37181
37186
37225
37241
37242
37247
37264
37269
37275
37286
37293
37308
37310
37314
37326
37328
37330
37338
37343
37346
37351
37381
37393
37397
37405
37408
37413
37440
37444
37458
37458
37481
37501
37502
37520
37520
37522
37528
37539
37544
37563
37565
37586
37589
37593
37601
37605
37606
37614
37619
37632
37637
37647
37650
37657
37661
37664
37665
37692
37699
37714
37716
37718
37733
37735
37742
37763
37780
37784
37793
37823
37829
37896
37900
37930
37948
37962
37970
37978
37985
37998
37998
38010
38037
38046
38060
38064
38075
38088
38091
38091
38097
38099
38118
38120
38125
38129
38148
38153
38159
38174
38202
38209
38232
38232
38233
38242
38250
38256
38270
38278
38279
38299
38316
38329
38346
38357
38362
38366
38367
38378
38415
38433
38441
38456
38469
38482
38500
38509
38528
38572
38603
38603
38624
38626
38647
38659
38660
38662
38682
38701
38702
38712
38713
38734
38736
38737
38760
38770
38784
38792
38796
38801
38809
38839
38847
38862
38864
38874
38875
38882
38884
38895
38924
38936
38937
38941
38953
38962
38965
38969
38984
38991
38993
38996
39000
39000
39020
39027
39028
39042
39044
39050
39051
39053
39079
39113
39129
39144
39151
39151
39153
39176
39176
39177
39192
39196
39201
39208
39209
39217
39218
39236
39237
39254
39265
39276
39279
39279
39283
39288
39291
39294
39314
39326
39336
39337
39349
39360
39362
39372
39377
39382
39416
39418
39420
39424
39427
39433
39443
39450
39451
39453
39477
39481
39489
39518
39521
39528
39532
39557
39564
39569
39574
39583
39592
39594
39606
39619
39628
39629
39640
39660
39664
39672
39685
39700
39702
39712
39718
39744
39750
39763
39773
39789
39818
39818
39831
39834
39840
39843
39848
39855
39865
39881
39884
39909
39922
39934
39935
39943
39951
39953
39956
39957
39960
39963
39968
39981
39992
40002
40016
40019
40021
40028
40030
40077
40085
40088
40101
40114
40127
40136
40145
40148
40149
40165
40171
40218
40226
40236
40269
40285
40294
40304
40337
40340
40344
40355
40357
40357
40357
40367
40371
40374
40382
40393
40397
40399
40414
40416
40417
40429
40429
40436
40453
40454
40458
40459
40462
40465
40471
40491
40493
40500
40501
40513
40530
40533
40542
40555
40561
40572
40586
40590
40597
40607
40608
40617
40625
40626
40633
40636
40639
40641
40657
40678
40691
40698
40705
40723
40728
40743
40747
40761
40771
40772
40772
40772
40783
40795
40801
40804
40810
40811
40822
40831
40832
40839
40852
40856
40856
40866
40867
40869
40878
40881
40881
40883
40896
40901
40910
40917
40919
40920
40925
40951
40958
40978
40985
40986
40991
40994
41007
41012
41019
41022
41030
41040
41049
41057
41067
41071
41076
41082
41084
41103
41107
41113
41115
41133
41152
41157
41159
41163
41173
41175
41186
41254
41286
41291
41304
41339
41341
41352
41353
41355
41359
41360
41371
41380
41382
41383
41384
41391
41407
41408
41420
41427
41429
41467
41477
41487
41493
41496
41529
41533
41544
41559
41566
41570
41575
41583
41588
41590
41598
41608
41617
41634
41650
41685
41694
41694
41697
41699
41710
41732
41760
41761
41769
41787
41788
41793
41808
41824
41825
41833
41843
41857
41883
41885
41899
41900
41902
41910
41921
41945
41947
41956
41961
41967
41971
41989
41991
42022
42024
42039
42045
42045
42045
42045
42056
42056
42094
42094
42098
42099
42103
42109
42113
42127
42128
42137
42151
42165
42177
42186
42197
42206
42230
42236
42238
42243
42255
42269
42294
42302
42308
42312
42313
42324
42328
42338
42359
42389
42397
42406
42407
42447
42468
42468
42470
42485
42495
42497
42532
42550
42551
42557
42560
42569
42574
42582
42595
42598
42603
42613
42621
42624
42656
42658
42660
42662
42666
42673
42678
42690
42696
42698
42700
42733
42733
42734
42740
42742
42742
42751
42758
42768
42795
42810
42814
42827
42855
42857
42864
42866
42874
42898
42898
42919
42929
42941
42941
42959
42986
43006
43008
43045
43054
43060
43068
43077
43085
43095
43114
43124
43129
43133
43143
43157
43168
43178
43200
43207
43210
43222
43230
43252
43263
43265
43266
43274
43278
43285
43294
43304
43325
43330
43332
43359
43360
43364
43369
43379
43408
43411
43411
43413
43420
43423
43433
43446
43450
43484
43493
43495
43498
43526
43537
43538
43551
43560
43560
43561
43569
43584
43587
43598
43609
43610
43622
43627
43628
43643
43643
43646
43652
43660
43660
43665
43669
43687
43692
43696
43706
43712
43723
43728
43730
43747
43754
43777
43778
43789
43808
43833
43838
43853
43858
43876
43894
43897
43909
43912
43939
43941
43943
43950
43951
43960
43984
43986
43988
44005
44012
44018
44019
44020
44024
44034
44036
44044
44069
44076
44078
44082
44087
44093
44097
44120
44122
44142
44145
44155
44164
44186
44194
44207
44219
44224
44227
44230
44237
44241
44241
44243
44268
44276
44286
44287
44312
44316
44325
44335
44350
44380
44412
44437
44445
44461
44497
44498
44504
44509
44533
44548
44550
44555
44557
44565
44592
44597
44603
44604
44613
44639
44641
44642
44672
44676
44677
44695
44703
44713
44718
44725
44731
44746
44752
44754
44756
44788
44793
44801
44812
44819
44839
44850
44857
44869
44870
44876
44918
44920
44931
44938
44942
44958
44966
44979
44986
44992
45008
45010
45025
45026
45030
45056
45062
45065
45080
45109
45110
45111
45119
45132
45136
45145
45161
45163
45178
45191
45211
45216
45219
45261
45264
45294
45302
45307
45324
45329
45336
45342
45344
45354
45368
45374
45377
45377
45393
45403
45409
45411
45414
45461
45461
45470
45483
45496
45499
45527
45530
45534
45548
45552
45565
45591
45596
45609
45648
45714
45721
45756
45761
45762
45771
45786
45806
45807
45814
45825
45832
45834
45860
45868
45872
45879
45890
45894
45904
45907
45912
45917
45924
45943
45947
45947
45952
45967
45969
45976
45982
45983
45996
46003
46015
46032
46072
46103
46116
46120
46128
46136
46151
46156
46168
46180
46183
46204
46204
46212
46238
46242
46246
46247
46250
46250
46257
46261
46269
46303
46317
46333
46353
46357
46360
46376
46380
46382
46383
46394
46403
46405
46407
46417
46501
46501
46520
46523
46540
46545
46560
46578
46591
46606
46611
46612
46624
46640
46644
46653
46677
46704
46704
46711
46725
46725
46730
46742
46744
46767
46791
46802
46805
46811
46835
46837
46847
46848
46859
46865
46875
46888
46897
46920
46927
46935
46942
46943
46943
46955
46969
46970
46981
46989
46991
46995
46995
47002
47037
47058
47067
47069
47080
47083
47172
47179
47198
47208
47235
47243
47253
47269
47271
47283
47304
47306
47309
47357
47364
47373
47375
47388
47412
47423
47433
47439
47458
47459
47470
47491
47500
47542
47567
47575
47575
47581
47593
47601
47603
47605
47614
47623
47633
47645
47649
47661
47662
47665
47666
47679
47679
47701
47708
47722
47725
47729
47736
47745
47754
47768
47768
47778
47780
47811
47824
47825
47857
47858
47887
47895
47898
47900
47907
47921
47926
47933
47947
47977
47978
47981
47981
47982
47987
47987
47990
48006
48015
48023
48024
48024
48024
48037
48053
48064
48069
48072
48075
48084
48085
48098
48108
48116
48142
48175
48178
48187
48218
48221
48246
48248
48252
48260
48261
48275
48279
48286
48315
48325
48326
48336
48341
48347
48347
48353
48354
48372
48373
48374
48403
48406
48409
48424
48424
48439
48445
48448
48461
48462
48475
48486
48498
48507
48510
48514
48518
48522
48524
48539
48545
48548
48550
48553
48555
48569
48572
48581
48584
48597
48611
48613
48624
48628
48634
48689
48742
48755
48767
48782
48791
48800
48805
48817
48835
48856
48864
48867
48892
48901
48907
48917
48923
48927
48959
48963
48963
48992
49017
49023
49047
49057
49057
49077
49077
49078
49078
49081
49082
49088
49096
49102
49112
49118
49122
49142
49154
49165
49182
49192
49199
49201
49210
49222
49222
49244
49245
49260
49262
49266
49271
49272
49272
49283
49296
49313
49317
49323
49351
49362
49381
49384
49390
49410
49430
49438
49443
49449
49470
49473
49481
49517
49523
49537
49549
49556
49560
49566
49568
49580
49584
49588
49591
49594
49600
49605
49605
49610
49614
49616
49619
49631
49636
49650
49651
49655
49672
49676
49690
49697
49707
49718
49721
49724
49730
49732
49740
49742
49747
49764
49768
49768
49801
49804
49811
49814
49826
49837
49841
49856
49862
49923
49930
49942
49944
49947
49948
49996
49998
50000
50008
50020
50028
50029
50032
50037
50037
50046
50047
50056
50057
50069
50077
50080
50109
50110
50117
50126
50133
50138
50160
50164
50175
50181
50182
50198
50203
50216
50239
50275
50279
50283
50291
50294
50296
50302
50327
50331
50358
50368
50375
50378
50387
50407
50417
50423
50429
50451
50455
50473
50495
50503
50521
50525
50535
50543
50548
50556
50563
50569
50575
50575
50576
50586
50610
50611
50635
50640
50641
50647
50650
50666
50670
50674
50682
50685
50700
50701
50705
50707
50731
50734
50734
50737
50758
50761
50764
50772
50780
50789
50809
50818
50823
50833
50840
50849
50857
50872
50874
50876
50879
50880
50882
50942
50949
50954
50961
50964
50968
50995
50998
51005
51008
51012
51026
51037
51045
51054
51094
51094
51102
51113
51115
51125
51134
51159
51161
51166
51169
51174
51177
51180
51180
51204
51205
51224
51226
51237
51245
51246
51257
51288
51323
51325
51342
51370
51374
51375
51388
51401
51402
51405
51408
51409
51414
51423
51426
51428
51437
51443
51449
51453
51460
51466
51482
51482
51491
51559
51561
51572
51591
51592
51595
51611
51622
51646
51649
51654
51659
51665
51670
51697
51703
51704
51708
51718
51728
51754
51763
51764
51766
51771
51779
51781
51802
51811
51813
51818
51820
51832
51848
51860
51883
51905
51926
51936
51951
51969
51978
51988
52017
52019
52034
52034
52050
52056
52058
52068
52073
52077
52092
52092
52127
52142
52161
52171
52184
52190
52196
52197
52199
52203
52232
52238
52243
52248
52268
52281
52306
52314
52331
52354
52363
52366
52376
52379
52392
52396
52402
52423
52428
52442
52449
52473
52503
52510
52540
52572
52576
52591
52619
52624
52635
52637
52646
52673
52675
52683
52683
52685
52689
52728
52741
52763
52773
52775
52784
52795
52799
52803
52812
52845
52846
52853
52855
52866
52868
52872
52875
52889
52890
52893
52899
52902
52922
52922
52929
52931
52956
52986
52993
53014
53022
53029
53055
53066
53071
53079
53094
53097
53108
53109
53138
53152
53155
53156
53172
53209
53219
53227
53234
53236
53260
53273
53276
53280
53300
53308
53308
53311
53337
53355
53360
53370
53386
53392
53394
53427
53435
53443
53450
53474
53477
53480
53485
53498
53500
53510
53538
53552
53560
53561
53571
53613
53614
53617
53618
53643
53657
53689
53696
53705
53710
53714
53714
53719
53724
53725
53726
53733
53742
53750
53763
53773
53778
53784
53785
53793
53801
53806
53816
53818
53849
53853
53855
53858
53859
53895
53907
53907
53914
53920
53922
53925
53927
53934
53943
53949
53955
53971
53995
54030
54041
54058
54076
54102
54109
54116
54118
54119
54126
54156
54167
54173
54192
54210
54235
54273
54274
54283
54324
54326
54345
54354
54363
54397
54416
54418
54423
54429
54440
54461
54463
54476
54478
54489
54511
54522
54545
54556
54568
54579
54593
54596
54607
54608
54615
54622
54660
54661
54668
54681
54688
54716
54736
54744
54745
54747
54762
54765
54772
54784
54790
54806
54815
54815
54816
54826
54850
54850
54853
54855
54855
54865
54876
54888
54891
54895
54898
54900
54923
54943
54956
54965
54995
55004
55019
55024
55026
55027
55030
55034
55061
55063
55075
55114
55115
55116
55121
55123
55141
55151
55152
55165
55170
55178
55199
55259
55260
55279
55288
55299
55310
55343
55356
55362
55380
55382
55388
55392
55405
55438
55443
55444
55491
55493
55499
55505
55509
55511
55522
55532
55544
55556
55557
55558
55564
55571
55577
55587
55599
55601
55609
55615
55634
55634
55645
55663
55672
55681
55681
55685
55696
55703
55716
55717
55718
55728
55737
55753
55765
55785
55787
55817
55821
55832
55838
55840
55848
55849
55855
55862
55865
55875
55875
55878
55888
55901
55914
55916
55928
55929
55935
55952
55953
55973
55973
55993
56009
56016
56024
56027
56031
56036
56048
56054
56066
56070
56073
56088
56090
56096
56108
56108
56110
56118
56131
56147
56165
56183
56184
56187
56195
56216
56224
56227
56232
56234
56235
56241
56246
56257
56261
56291
56298
56301
56308
56348
56354
56360
56401
56409
56440
56468
56499
56501
56539
56543
56550
56556
56572
56574
56577
56583
56623
56623
56630
56652
56666
56668
56685
56718
56726
56734
56764
56770
56798
56808
56852
56859
56860
56867
56883
56888
56898
56919
56922
56928
56929
56940
56941
56982
56984
56990
57010
57011
57014
57015
57020
57025
57042
57048
57090
57090
57091
57095
57124
57130
57131
57134
57149
57161
57187
57201
57214
57226
57242
57256
57267
57271
57273
57277
57291
57301
57315
57326
57333
57374
57391
57413
57416
57417
57433
57442
57449
57473
57476
57504
57513
57514
57521
57523
57527
57528
57542
57549
57555
57557
57577
57591
57602
57619
57626
57627
57646
57647
57650
57676
57694
57701
57711
57713
57721
57722
57727
57728
57731
57735
57745
57751
57751
57759
57768
57772
57785
57814
57874
57877
57903
57909
57914
57916
57949
57951
57952
57954
57964
57978
57983
57983
58019
58024
58038
58041
58055
58056
58057
58060
58068
58076
58088
58120
58120
58146
58149
58175
58192
58199
58205
58205
58210
58217
58219
58234
58243
58244
58251
58256
58321
58326
58347
58348
58361
58363
58371
58373
58375
58387
58389
58399
58410
58425
58429
58433
58437
58443
58451
58463
58483
58484
58504
58515
58584
58612
58625
58634
58639
58641
58647
58649
58661
58686
58710
58713
58727
58733
58735
58759
58767
58779
58782
58782
58788
58791
58799
58810
58826
58839
58841
58857
58861
58862
58863
58870
58872
58882
58883
58886
58904
58930
58931
58931
58956
58980
58994
59017
59022
59036
59040
59043
59051
59077
59087
59090
59094
59094
59102
59103
59104
59105
59124
59127
59130
59138
59148
59149
59157
59159
59160
59167
59184
59195
59205
59206
59215
59216
59219
59224
59240
59248
59258
59260
59267
59277
59278
59300
59334
59334
59392
59395
59410
59412
59418
59426
59455
59483
59484
59484
59486
59495
59507
59511
59512
59520
59524
59527
59536
59557
59569
59570
59579
59591
59598
59603
59612
59614
59641
59654
59655
59658
59669
59680
59680
59690
59696
59699
59703
59714
59728
59729
59737
59754
59771
59780
59786
59790
59792
59797
59797
59799
59802
59804
59807
59814
59829
59840
59851
59853
59856
59856
59857
59873
59880
59892
59917
59959
59967
59979
59994
60003
60021
60023
60035
60037
60048
60057
60064
60076
60102
60108
60121
60123
60130
60132
60138
60139
60150
60154
60154
60159
60166
60199
60201
60204
60205
60219
60225
60226
60226
60235
60242
60243
60244
60252
60267
60278
60284
60311
60313
60313
60330
60350
60368
60371
60373
60384
60387
60390
60391
60393
60399
60406
60411
60448
60452
60452
60457
60458
60475
60477
60507
60514
60540
60554
60560
60560
60581
60584
60621
60631
60637
60638
60664
60672
60687
60688
60701
60713
60717
60722
60730
60730
60737
60739
60744
60764
60774
60775
60778
60778
60778
60788
60804
60817
60842
60855
60862
60865
60870
60872
60877
60915
60935
60939
60942
60944
60946
60950
60967
60968
60969
60970
60975
60977
60985
61008
61038
61054
61067
61096
61104
61106
61110
61123
61124
61126
61131
61144
61155
61157
61158
61162
61188
61195
61204
61211
61213
61223
61276
61288
61290
61299
61309
61313
61315
61331
61351
61359
61366
61371
61372
61408
61417
61417
61456
61472
61496
61513
61514
61518
61524
61546
61549
61550
61550
61558
61585
61601
61613
61614
61621
61634
61642
61646
61649
61670
61678
61682
61687
61696
61703
61709
61710
61720
61724
61724
61725
61745
61762
61765
61768
61772
61779
61779
61784
61796
61807
61817
61821
61822
61845
61846
61850
61858
61868
61868
61870
61884
61910
61910
61915
61934
61948
61950
61961
61963
61985
62012
62025
62033
62040
62042
62043
62047
62048
62053
62066
62078
62082
62128
62129
62137
62148
62172
62181
62183
62186
62191
62199
62206
62218
62252
62254
62259
62271
62274
62277
62282
62282
62285
62296
62305
62315
62318
62321
62335
62341
62353
62356
62386
62389
62404
62405
62410
62411
62421
62422
62423
62441
62457
62461
62463
62467
62472
62474
62475
62478
62480
62488
62494
62535
62539
62554
62557
62562
62595
62597
62597
62611
62632
62632
62641
62651
62657
62663
62667
62677
62685
62686
62688
62697
62715
62747
62781
62782
62800
62814
62854
62855
62870
62871
62872
62875
62887
62903
62910
62915
62939
62944
62945
62945
62945
62957
62966
62985
62988
62994
63004
63010
63025
63030
63038
63042
63056
63060
63105
63130
63147
63171
63172
63173
63179
63180
63197
63203
63226
63228
63256
63270
63278
63282
63283
63296
63299
63314
63326
63333
63365
63379
63380
63434
63434
63438
63448
63471
63485
63498
63501
63505
63510
63538
63558
63559
63586
63602
63603
63639
63663
63664
63688
63725
63733
63744
63750
63752
63768
63774
63810
63818
63822
63850
63864
63865
63867
63873
63882
63902
63918
63935
63940
63952
63955
63962
63967
63969
63976
63988
64004
64020
64039
64046
64069
64069
64070
64086
64090
64095
64104
64110
64111
64119
64124
64136
64143
64158
64171
64222
64239
64244
64264
64279
64308
64324
64324
64326
64331
64337
64389
64389
64392
64403
64422
64476
64493
64500
64500
64506
64519
64521
64527
64539
64558
64574
64576
64585
64596
64641
64676
64692
64696
64699
64743
64744
64754
64759
64817
64826
64831
64843
64869
64875
64883
64898
64920
64949
64949
64977
64980
64980
64987
65004
65005
65007
65021
65038
65047
65055
65055
65066
65068
65076
65078
65079
65092
65114
65129
65130
65136
65151
65163
65174
65176
65183
65194
65204
65217
65225
65236
65252
65257
65272
65284
65285
65299
65300
65336
65341
65354
65359
65382
65394
65403
65424
65424
65426
65430
65439
65468
65491
65516
65537
65537
65542
65547
65553
65559
65586
65596
65601
65603
65605
65623
65626
65629
65661
65673
65682
65694
65731
65746
65751
65759
65771
65772
65782
65829
65853
65854
65855
65865
65880
65883
65897
65901
65901
65902
65904
65906
65913
65914
65940
65944
65959
65967
65967
65969
65970
65974
65985
65996
66009
66050
66052
66081
66085
66085
66191
66199
66206
66219
66221
66225
66247
66266
66268
66274
66276
66311
66314
66340
66363
66365
66365
66392
66400
66401
66417
66417
66443
66495
66506
66518
66523
66528
66538
66572
66579
66586
66595
66613
66619
66632
66649
66689
66692
66719
66719
66731
66767
66778
66785
66789
66812
66812
66814
66821
66825
66828
66835
66837
66854
66855
66863
66872
66888
66890
66897
66900
66924
66927
66953
66956
66964
66967
66970
66987
66992
66997
67000
67002
67009
67019
67019
67037
67057
67059
67060
67064
67093
67093
67111
67119
67121
67121
67133
67145
67147
67155
67158
67161
67213
67225
67225
67241
67307
67314
67333
67340
67341
67344
67345
67347
67353
67372
67378
67383
67391
67394
67408
67410
67422
67427
67442
67447
67451
67451
67455
67455
67462
67477
67477
67482
67497
67499
67532
67537
67549
67576
67577
67589
67591
67595
67615
67620
67621
67629
67633
67634
67646
67664
67684
67684
67688
67696
67717
67739
67749
67749
67761
67781
67792
67809
67820
67828
67838
67862
67873
67883
67885
67908
67910
67929
67941
67945
67958
67961
67967
67969
67992
67996
68002
68005
68047
68050
68064
68104
68109
68146
68154
68162
68191
68195
68195
68199
68202
68203
68206
68221
68239
68248
68259
68260
68262
68271
68277
68284
68287
68295
68296
68300
68305
68310
68315
68324
68328
68339
68340
68356
68372
68379
68394
68395
68410
68411
68415
68437
68439
68446
68448
68461
68465
68472
68479
68480
68482
68483
68487
68530
68539
68544
68544
68555
68564
68581
68595
68628
68646
68682
68691
68727
68749
68757
68785
68806
68807
68808
68813
68816
68819
68821
68824
68831
68835
68840
68856
68871
68884
68896
68897
68900
68909
68913
68914
68923
68925
68938
68939
68946
68986
68996
69001
69012
69027
69063
69063
69064
69068
69072
69079
69091
69095
69098
69121
69132
69137
69140
69144
69156
69162
69178
69179
69185
69197
69208
69211
69232
69241
69260
69279
69280
69287
69291
69303
69310
69313
69321
69334
69353
69354
69355
69355
69360
69362
69376
69381
69381
69382
69388
69395
69398
69416
69418
69428
69436
69445
69455
69476
69478
69500
69514
69534
69558
69600
69610
69615
69628
69631
69637
69644
69662
69674
69676
69694
69696
69700
69703
69714
69716
69716
69725
69728
69730
69743
69744
69748
69754
69757
69778
69794
69798
69801
69804
69809
69820
69824
69834
69838
69843
69854
69855
69880
69899
69901
69914
69917
69926
69927
69934
69943
69960
69975
69987
70000
70015
70034
70055
70062
70064
70069
70070
70095
70129
70158
70177
70190
70214
70287
70296
70325
70344
70349
70353
70372
70373
70374
70392
70392
70394
70408
70413
70419
70446
70455
70465
70472
70479
70483
70489
70490
70518
70524
70532
70551
70551
70552
70564
70588
70610
70610
70627
70630
70641
70646
70653
70658
70667
70669
70677
70688
70691
70696
70697
70699
70699
70707
70712
70735
70737
70739
70749
70763
70775
70784
70821
70822
70831
70831
70831
70840
70843
70852
70875
70876
70884
70890
70904
70908
70926
70994
70999
71003
71005
71009
71018
71028
71055
71062
71066
71077
71083
71089
71091
71110
71118
71124
71125
71136
71156
71181
71182
71189
71204
71225
71246
71252
71266
71267
71268
71277
71285
71299
71307
71311
71342
71352
71360
71363
71364
71387
71395
71431
71439
71440
71440
71443
71450
71453
71454
71461
71461
71472
71473
71476
71478
71479
71500
71508
71529
71547
71547
71568
71586
71589
71607
71646
71653
71654
71673
71679
71681
71687
71719
71722
71732
71732
71737
71754
71757
71762
71767
71769
71769
71770
71771
71774
71780
71781
71790
71796
71798
71799
71824
71824
71826
71836
71839
71845
71845
71849
71873
71873
71887
71889
71892
71899
71909
71917
71936
71943
71947
71959
71971
71992
71996
71998
72007
72014
72027
72028
72031
72038
72093
72106
72109
72114
72121
72153
72162
72166
72174
72191
72199
72200
72220
72229
72232
72265
72266
72272
72278
72284
72293
72299
72304
72308
72313
72319
72322
72332
72346
72366
72369
72382
72384
72385
72390
72391
72400
72409
72415
72419
72452
72458
72466
72472
72484
72496
72500
72505
72541
72559
72578
72578
72580
72590
72592
72593
72610
72636
72645
72657
72658
72663
72681
72683
72683
72699
72703
72709
72710
72714
72716
72718
72719
72722
72722
72727
72741
72775
72783
72791
72802
72806
72820
72825
72858
72869
72881
72881
72881
72895
72901
72913
72930
72934
72938
72950
72988
72995
73000
73010
73016
73018
73020
73025
73035
73039
73069
73071
73075
73082
73087
73096
73102
73103
73113
73129
73136
73140
73141
73142
73155
73202
73217
73257
73263
73270
73271
73290
73298
73305
73328
73331
73341
73342
73353
73383
73388
73410
73421
73450
73454
73461
73477
73481
73484
73494
73503
73504
73505
73505
73511
73512
73515
73515
73518
73546
73551
73574
73599
73607
73608
73614
73627
73632
73664
73664
73673
73688
73710
73733
73738
73745
73755
73756
73774
73786
73796
73810
73812
73817
73829
73848
73850
73851
73887
73896
73897
73919
73922
73936
73940
73945
73946
73952
73968
73985
73991
73991
73999
74013
74018
74024
74027
74033
74034
74034
74050
74052
74058
74063
74075
74101
74101
74102
74136
74136
74138
74142
74152
74152
74163
74165
74174
74176
74176
74179
74187
74190
74195
74213
74214
74224
74224
74235
74238
74257
74258
74294
74296
74300
74312
74313
74314
74327
74349
74354
74360
74363
74365
74392
74395
74400
74405
74407
74410
74416
74431
74445
74448
74449
74461
74478
74498
74504
74505
74511
74512
74522
74552
74561
74564
74579
74593
74600
74607
74608
74624
74624
74640
74655
74660
74660
74661
74670
74677
74690
74701
74703
74710
74724
74733
74736
74747
74751
74759
74762
74765
74769
74792
74794
74807
74845
74868
74892
74895
74899
74903
74909
74910
74913
74947
74948
74953
74958
74961
74974
74995
75014
75022
75028
75048
75089
75106
75110
75115
75121
75136
75137
75138
75140
75142
75142
75146
75154
75156
75159
75160
75169
75208
75225
75225
75226
75229
75240
75243
75256
75267
75277
75280
75288
75288
75302
75308
75309
75319
75333
75339
75352
75357
75365
75388
75395
75399
75407
75410
75419
75431
75437
75439
75450
75480
75483
75502
75505
75516
75517
75530
75531
75568
75568
75571
75579
75601
75603
75637
75646
75657
75658
75672
75697
75707
75712
75732
75732
75757
75757
75765
75765
75767
75782
75804
75806
75815
75817
75836
75840
75844
75862
75872
75873
75877
75881
75894
75921
75936
75941
75943
75961
75971
75985
75993
75998
75998
76012
76023
76050
76052
76059
76063
76075
76082
76093
76093
76102
76108
76109
76115
76115
76118
76125
76126
76138
76146
76156
76157
76176
76179
76185
76188
76191
76204
76209
76212
76235
76255
76255
76269
76271
76278
76286
76289
76299
76304
76308
76335
76340
76343
76356
76357
76367
76372
76378
76395
76425
76434
76443
76457
76464
76469
76476
76483
76485
76504
76508
76525
76527
76531
76531
76542
76558
76568
76594
76600
76629
76631
76631
76637
76637
76651
76668
76679
76682
76690
76697
76703
76709
76711
76716
76723
76729
76763
76772
76785
76810
76812
76855
76861
76874
76898
76910
76924
76929
76944
76973
77006
77016
77046
77048
77052
77052
77066
77068
77074
77075
77076
77083
77099
77106
77111
77113
77123
77128
77130
77134
77140
77143
77145
77150
77170
77189
77191
77203
77219
77221
77234
77238
77252
77281
77285
77292
77369
77374
77388
77401
77409
77416
77458
77464
77477
77477
77484
77488
77488
77494
77509
77514
77539
77544
77556
77558
77572
77584
77594
77596
77600
77614
77670
77681
77681
77684
77711
77737
77750
77758
77758
77760
77775
77775
77776
77780
77820
77824
77871
77882
77887
77898
77904
77909
77916
77923
77935
77937
77940
77946
77955
77972
77977
78000
78016
78032
78043
78058
78063
78063
78074
78100
78108
78126
78143
78145
78153
78173
78192
78197
78204
78204
78207
78213
78220
78239
78243
78253
78253
78258
78263
78267
78293
78312
78321
78325
78339
78357
78358
78360
78364
78369
78376
78379
78386
78386
78399
78424
78456
78464
78465
78479
78493
78496
78507
78517
78526
78531
78531
78534
78543
78582
78586
78597
78612
78628
78655
78659
78680
78680
78683
78690
78712
78755
78765
78769
78772
78778
78794
78796
78801
78802
78808
78810
78826
78861
78865
78868
78874
78886
78895
78936
78949
78949
78974
78974
78978
78979
78995
79008
79022
79028
79034
79034
79044
79047
79078
79088
79108
79108
79116
79119
79148
79155
79164
79184
79192
79195
79206
79214
79229
79234
79236
79252
79265
79267
79268
79268
79272
79283
79324
79346
79358
79379
79387
79393
79405
79428
79429
79437
79447
79458
79460
79470
79477
79485
79492
79494
79500
79508
79514
79536
79551
79552
79553
79561
79574
79580
79585
79586
79586
79587
79592
79592
79602
79609
79629
79630
79635
79648
79667
79678
79679
79698
79702
79733
79745
79761
79781
79811
79839
79841
79845
79849
79869
79878
79883
79892
79894
79896
79928
79951
79953
79966
79970
79982
79986
79988
79995
79998
80017
80031
80033
80040
80045
80059
80061
80073
80084
80091
80143
80185
80206
80211
80237
80248
80251
80257
80258
80266
80308
80322
80324
80329
80333
80333
80339
80342
80346
80353
80356
80375
80376
80378
80397
80400
80412
80421
80429
80438
80461
80482
80505
80506
80546
80548
80559
80572
80578
80579
80603
80609
80613
80622
80639
80640
80664
80669
80691
80693
80699
80713
80719
80731
80743
80746
80746
80762
80776
80789
80792
80845
80849
80849
80866
80868
80887
80911
80929
80937
80943
80943
80948
80977
80984
80984
81002
81004
81007
81007
81020
81027
81028
81073
81078
81084
81088
81118
81118
81132
81133
81140
81153
81169
81171
81184
81187
81215
81226
81242
81249
81257
81259
81267
81301
81305
81305
81320
81323
81327
81328
81336
81345
81351
81361
81389
81392
81405
81416
81418
81418
81428
81434
81442
81451
81451
81475
81489
81498
81514
81517
81524
81531
81547
81568
81568
81576
81579
81589
81593
81598
81611
81622
81637
81639
81639
81671
81676
81676
81685
81693
81695
81699
81703
81713
81724
81749
81749
81756
81758
81778
81782
81783
81788
81793
81822
81822
81833
81847
81870
81876
81893
81913
81922
81925
81959
81963
81971
81975
82007
82023
82029
82031
82031
82043
82086
82090
82099
82155
82156
82162
82166
82174
82188
82200
82226
82227
82229
82230
82241
82242
82255
82258
82279
82286
82324
82355
82367
82371
82391
82415
82421
82430
82431
82445
82450
82473
82486
82488
82489
82491
82503
82533
82584
82602
82606
82610
82613
82614
82618
82620
82624
82631
82640
82640
82645
82656
82667
82673
82677
82689
82693
82702
82708
82732
82737
82740
82751
82758
82766
82794
82800
82813
82844
82856
82881
82881
82885
82886
82891
82897
82898
82914
82916
82926
82926
82938
82944
82955
82970
82975
82976
82983
82990
83013
83016
83020
83023
83033
83034
83034
83038
83040
83041
83041
83043
83052
83096
83096
83098
83109
83112
83112
83130
83142
83150
83153
83168
83175
83180
83189
83196
83204
83209
83218
83228
83231
83243
83245
83247
83248
83259
83275
83285
83287
83287
83291
83296
83303
83305
83314
83343
83346
83347
83351
83356
83358
83367
83372
83394
83396
83401
83405
83418
83426
83432
83445
83447
83464
83489
83507
83508
83517
83523
83525
83546
83549
83557
83558
83572
83572
83584
83592
83608
83611
83613
83616
83619
83623
83679
83685
83692
83702
83713
83716
83719
83731
83749
83750
83754
83760
83781
83812
83816
83821
83826
83844
83859
83863
83865
83876
83906
83908
83918
83924
83935
83940
83947
83948
83949
83963
83964
84036
84041
84044
84059
84073
84074
84090
84104
84125
84132
84134
84138
84147
84153
84174
84175
84198
84206
84211
84230
84230
84231
84239
84242
84246
84260
84265
84266
84271
84275
84282
84283
84324
84328
84349
84362
84390
84397
84410
84415
84424
84457
84491
84517
84529
84536
84571
84573
84574
84583
84590
84591
84593
84602
84607
84615
84616
84625
84643
84648
84649
84654
84660
84672
84678
84705
84714
84714
84742
84748
84751
84759
84780
84807
84819
84820
84851
84853
84854
84870
84875
84898
84912
84937
84940
84953
84979
84987
84994
84995
84997
85005
85006
85007
85011
85026
85036
85040
85046
85050
85057
85059
85063
85063
85087
85092
85093
85098
85098
85101
85121
85121
85124
85125
85129
85149
85176
85198
85200
85230
85259
85281
85296
85300
85300
85305
85330
85343
85343
85355
85396
85401
85416
85425
85425
85444
85444
85450
85471
85489
85490
85496
85496
85501
85511
85519
85533
85558
85571
85574
85578
85615
85618
85622
85622
85630
85641
85647
85652
85682
85683
85689
85758
85758
85766
85776
85824
85830
85833
85848
85869
85879
85885
85898
85914
85916
85917
85918
85926
85927
85944
85955
85986
85991
85999
86025
86042
86050
86058
86081
86090
86091
86100
86118
86122
86127
86131
86135
86135
86138
86140
86141
86143
86148
86153
86176
86182
86186
86195
86197
86204
86207
86209
86210
86215
86219
86225
86230
86241
86242
86253
86269
86296
86305
86311
86312
86318
86337
86338
86345
86348
86349
86372
86375
86377
86378
86384
86402
86406
86427
86428
86438
86441
86446
86457
86470
86476
86517
86518
86519
86520
86562
86593
86598
86611
86618
86629
86630
86642
86657
86659
86673
86684
86684
86693
86705
86706
86718
86725
86729
86731
86774
86794
86805
86810
86813
86840
86852
86886
86888
86897
86898
86900
86928
86929
86930
86931
86935
86944
86960
86967
86970
86982
86993
87003
87013
87022
87023
87024
87066
87076
87110
87114
87121
87123
87144
87176
87209
87225
87234
87254
87286
87286
87290
87299
87307
87316
87333
87341
87356
87371
87375
87378
87392
87448
87457
87467
87479
87480
87504
87544
87561
87577
87600
87602
87603
87614
87616
87619
87625
87633
87647
87648
87656
87665
87670
87672
87699
87716
87771
87775
87778
87792
87804
87810
87814
87839
87867
87878
87879
87881
87895
87900
87913
87931
87937
87947
87951
87960
87962
87962
87965
87971
87973
87979
87988
87992
88002
88014
88016
88017
88018
88023
88024
88043
88048
88055
88065
88066
88069
88086
88088
88092
88101
88121
88122
88124
88126
88145
88164
88170
88172
88181
88182
88188
88191
88197
88204
88222
88227
88258
88263
88272
88277
88318
88323
88325
88335
88359
88364
88372
88381
88398
88399
88410
88418
88435
88466
88473
88485
88492
88526
88531
88559
88574
88582
88590
88606
88622
88622
88645
88663
88663
88705
88708
88709
88712
88716
88747
88754
88757
88769
88798
88800
88805
88810
88838
88849
88850
88857
88860
88865
88871
88888
88897
88898
88901
88909
88920
88926
88929
88934
88962
88978
88986
88998
89005
89036
89037
89039
89048
89053
89065
89073
89075
89079
89079
89090
89091
89121
89122
89126
89127
89148
89150
89162
89166
89183
89199
89201
89227
89248
89262
89262
89264
89273
89274
89276
89279
89295
89327
89351
89353
89361
89370
89387
89391
89431
89436
89441
89490
89504
89520
89527
89544
89549
89550
89551
89559
89562
89564
89566
89567
89581
89585
89590
89640
89640
89641
89664
89664
89665
89667
89679
89689
89689
89731
89747
89751
89765
89803
89817
89819
89832
89841
89858
89862
89863
89871
89878
89889
89906
89908
89913
89916
89916
89922
89942
89942
89974
90013
90020
90026
90033
90040
90043
90047
90067
90073
90081
90082
90123
90131
90133
90147
90153
90160
90173
90173
90191
90192
90194
90202
90210
90214
90230
90260
90271
90282
90290
90303
90310
90311
90312
90327
90337
90338
90347
90362
90403
90411
90423
90425
90436
90457
90462
90462
90465
90495
90496
90496
90503
90504
90505
90509
90510
90512
90512
90515
90562
90569
90579
90581
90582
90586
90597
90599
90621
90651
90660
90661
90687
90687
90693
90702
90731
90739
90742
90746
90763
90775
90781
90788
90815
90816
90817
90833
90835
90844
90854
90863
90863
90879
90894
90898
90909
90917
90919
90927
90941
90964
90969
90970
90984
91004
91026
91033
91038
91055
91057
91068
91070
91088
91091
91114
91114
91115
91130
91140
91141
91148
91157
91157
91160
91164
91201
91202
91205
91255
91255
91255
91257
91267
91278
91297
91298
91318
91320
91329
91341
91373
91378
91378
91378
91395
91429
91447
91453
91465
91473
91476
91476
91493
91502
91506
91519
91525
91525
91550
91580
91588
91596
91607
91619
91627
91659
91675
91682
91703
91705
91731
91750
91762
91778
91787
91790
91805
91807
91813
91819
91838
91843
91859
91880
91883
91885
91891
91892
91920
91923
91924
91927
91938
91941
91942
91953
91955
91962
91974
91979
91999
91999
92007
92021
92021
92033
92037
92042
92045
92083
92107
92112
92121
92155
92156
92164
92189
92196
92197
92212
92233
92250
92288
92300
92331
92346
92355
92356
92357
92359
92367
92369
92382
92386
92398
92400
92410
92413
92418
92425
92428
92431
92432
92433
92438
92448
92454
92463
92475
92476
92523
92526
92534
92535
92539
92542
92576
92577
92592
92594
92597
92619
92622
92629
92634
92649
92652
92671
92681
92682
92701
92708
92711
92718
92725
92732
92745
92750
92751
92751
92752
92760
92763
92766
92781
92806
92814
92819
92830
92840
92843
92864
92876
92881
92892
92892
92895
92895
92902
92906
92910
92912
92914
92921
92921
92923
92931
92933
92934
92975
92976
92994
93004
93012
93018
93031
93035
93040
93052
93097
93098
93110
93119
93119
93119
93125
93152
93197
93219
93223
93228
93236
93243
93249
93259
93266
93275
93288
93303
93307
93308
93316
93319
93320
93346
93352
93363
93371
93375
93405
93410
93417
93428
93439
93439
93465
93469
93490
93494
93498
93502
93532
93535
93539
93603
93603
93604
93625
93639
93644
93658
93722
93742
93766
93772
93787
93812
93821
93827
93848
93849
93851
93855
93858
93869
93877
93886
93904
93909
93918
93922
93931
93931
93937
93945
93945
93974
93981
93983
93990
93990
94010
94011
94014
94021
94041
94043
94046
94046
94055
94071
94104
94107
94118
94128
94139
94157
94160
94162
94164
94176
94179
94183
94188
94188
94196
94197
94198
94212
94228
94236
94237
94238
94239
94247
94251
94255
94281
94282
94302
94311
94316
94321
94326
94338
94341
94342
94375
94380
94389
94391
94401
94406
94420
94444
94446
94474
94491
94512
94513
94517
94525
94525
94525
94533
94548
94565
94570
94571
94586
94602
94602
94617
94619
94622
94647
94711
94722
94733
94741
94744
94748
94777
94782
94795
94802
94813
94814
94816
94817
94828
94854
94855
94856
94875
94883
94891
94893
94898
94927
94931
94953
94960
94972
94976
94995
94997
95016
95028
95030
95032
95074
95089
95111
95116
95124
95126
95130
95130
95157
95166
95168
95169
95192
95194
95194
95205
95223
95229
95233
95255
95269
95277
95294
95298
95299
95312
95358
95362
95368
95370
95371
95389
95403
95417
95419
95422
95432
95443
95443
95445
95455
95462
95462
95474
95488
95562
95586
95587
95604
95604
95608
95609
95654
95659
95672
95680
95706
95716
95717
95722
95734
95746
95749
95761
95764
95772
95788
95795
95798
95800
95800
95803
95811
95814
95819
95822
95824
95833
95834
95838
95854
95856
95876
95898
95905
95909
95922
95940
95941
95946
95958
95959
95982
96002
96034
96036
96042
96056
96059
96100
96119
96127
96132
96136
96141
96156
96160
96178
96187
96188
96213
96237
96242
96251
96258
96272
96277
96299
96301
96318
96331
96383
96390
96400
96406
96408
96429
96435
96444
96469
96475
96481
96481
96486
96494
96500
96501
96514
96523
96578
96585
96599
96601
96604
96628
96650
96653
96658
96663
96666
96680
96689
96701
96726
96739
96755
96759
96764
96790
96794
96798
96804
96813
96815
96819
96831
96836
96878
96880
96887
96921
96924
96941
96960
96969
96980
96981
96988
96988
96996
97002
97004
97012
97061
97065
97078
97079
97092
97131
97141
97144
97172
97174
97176
97181
97184
97191
97203
97214
97215
97217
97217
97236
97236
97245
97250
97280
97286
97288
97292
97293
97304
97316
97327
97331
97349
97381
97385
97392
97405
97415
97420
97426
97429
97455
97461
97463
97477
97478
97494
97509
97516
97517
97518
97518
97531
97536
97543
97544
97562
97567
97574
97579
97592
97599
97605
97612
97620
97633
97661
97666
97667
97670
97673
97684
97687
97709
97710
97715
97716
97733
97734
97734
97737
97765
97771
97784
97784
97795
97795
97798
97829
97840
97847
97848
97874
97879
97879
97914
97915
97935
97956
97963
97968
97978
97986
97994
97995
98001
98018
98026
98065
98072
98076
98092
98100
98104
98110
98135
98137
98141
98144
98147
98159
98164
98242
98254
98261
98261
98272
98284
98292
98338
98339
98346
98380
98386
98389
98398
98413
98415
98418
98427
98427
98439
98442
98462
98470
98476
98478
98478
98479
98503
98515
98520
98539
98542
98553
98554
98556
98576
98594
98596
98596
98635
98645
98649
98650
98655
98659
98669
98669
98677
98706
98713
98717
98751
98754
98755
98757
98777
98794
98824
98847
98852
98853
98863
98882
98892
98894
98905
98937
98956
98961
98967
98971
98974
98995
99003
99015
99017
99028
99032
99034
99053
99057
99059
99073
99079
99080
99087
99094
99118
99121
99127
99127
99129
99186
99190
99193
99202
99219
99231
99232
99236
99243
99252
99253
99263
99272
99280
99289
99310
99333
99353
99363
99363
99369
99387
99395
99432
99434
99447
99449
99497
99506
99509
99526
99528
99531
99544
99547
99554
99562
99582
99583
99586
99605
99609
99614
99638
99660
99682
99690
99700
99706
99707
99724
99730
99738
99743
99752
99769
99781
99781
99813
99815
99818
99818
99831
99832
99854
99872
99878
99880
99892
99908
99911
99917
99917
99918
99918
99931
99934
99939
99952
99960
99960
99965
99993
