17
20
20
34
40
41
45
49
54
67
80
86
121
122
129
139
149
150
164
194
195
200
202
220
225
246
259
265
273
278
283
298
342
351
355
357
360
365
370
388
391
399
416
417
422
425
425
440
461
477
486
496
504
517
531
533
547
559
589
591
596
599
610
621
632
637
643
647
650
659
660
662
663
677
678
691
694
696
698
711
718
720
723
732
732
744
765
785
791
795
804
830
835
848
850
860
877
887
892
909
928
932
936
938
940
967
974
983
989
995
1006
1025
1044
1059
1090
1090
1091
1107
1113
1156
1181
1193
1226
1240
1249
1249
1304
1311
1315
1316
1320
1320
1321
1372
1377
1392
1401
1404
1410
1421
1421
1456
1466
1535
1539
1545
1550
1557
1573
1577
1588
1588
1596
1601
1613
1618
1620
1667
1685
1692
1717
1750
1774
1775
1795
1805
1814
1833
1837
1839
1843
1844
1865
1868
1878
1885
1891
1895
1899
1900
1901
1914
1924
1927
1933
1937
1944
1967
1982
1993
1994
2010
2029
2029
2031
2052
2055
2056
2078
2082
2084
2089
2094
2099
2126
2128
2134
2135
2144
2152
2162
2171
2180
2196
2197
2206
2208
2210
2234
2235
2243
2248
2254
2255
2261
2262
2274
2279
2280
2284
2308
2311
2331
2344
2344
2353
2354
2360
2361
2389
2397
2401
2406
2411
2415
2417
2444
2445
2455
2458
2459
2512
2526
2529
2538
2543
2552
2557
2557
2558
2567
2588
2596
2619
2623
2635
2654
2658
2660
2666
2682
2696
2701
2711
2733
2738
2757
2775
2782
2790
2809
2816
2820
2822
2823
2826
2837
2839
2842
2851
2859
2864
2874
2876
2888
2893
2916
2923
2926
2941
2942
2943
2948
2952
2962
2984
2986
2990
2998
3001
3014
3019
3031
3035
3039
3059
3066
3067
3079
3091
3105
3117
3129
3134
3137
3141
3149
3152
3154
3155
3157
3159
3176
3196
3211
3213
3220
3222
3224
3228
3228
3240
3278
3282
3282
3286
3293
3303
3310
3340
3346
3347
3348
3351
3352
3356
3360
3361
3363
3377
3393
3400
3406
3423
3430
3441
3444
3502
3502
3510
3514
3527
3555
3567
3568
3569
3574
3587
3599
3602
3606
3633
3661
3665
3670
3678
3685
3694
3701
3710
3741
3749
3749
3756
3757
3764
3765
3786
3798
3803
3804
3810
3818
3841
3848
3849
3850
3877
3881
3896
3899
3908
3920
3924
3936
3936
3977
3984
4003
4008
4034
4038
4063
4075
4080
4090
4105
4125
4126
4133
4141
4150
4153
4167
4168
4169
4177
4181
4186
4216
4231
4235
4252
4260
4262
4263
4279
4290
4293
4323
4327
4341
4357
4367
4381
4381
4385
4399
4400
4402
4406
4408
4408
4409
4417
4427
4436
4446
4462
4466
4476
4480
4499
4500
4503
4508
4516
4519
4526
4553
4571
4578
4601
4606
4631
4678
4682
4686
4691
4703
4726
4750
4780
4783
4784
4784
4786
4791
4801
4802
4826
4836
4856
4859
4869
4888
4896
4904
4915
4921
4948
4953
4964
4969
4970
4993
4997
5013
5060
5067
5071
5074
5076
5088
5093
5100
5102
5109
5136
5173
5176
5215
5219
5221
5223
5241
5242
5250
5252
5260
5262
5263
5269
5284
5291
5323
5337
5353
5355
5364
5385
5403
5414
5426
5426
5444
5449
5450
5454
5457
5469
5482
5498
5504
5528
5532
5543
5560
5563
5576
5580
5582
5583
5588
5596
5597
5605
5605
5607
5610
5617
5624
5626
5635
5653
5654
5667
5671
5680
5707
5725
5726
5727
5732
5734
5761
5774
5780
5786
5790
5804
5826
5847
5848
5848
5854
5859
5874
5881
5889
5892
5902
5938
5960
5967
5969
5978
5979
5985
6000
6004
6005
6014
6023
6025
6033
6046
6079
6080
6082
6088
6093
6095
6096
6096
6108
6118
6121
6127
6134
6139
6154
6156
6162
6172
6179
6189
6196
6198
6245
6245
6261
6290
6293
6297
6317
6336
6345
6352
6358
6360
6360
6393
6396
6403
6406
6411
6415
6433
6448
6453
6456
6457
6483
6483
6485
6497
6502
6516
6521
6530
6532
6551
6554
6578
6625
6625
6628
6628
6633
6638
6655
6655
6664
6665
6683
6684
6688
6688
6689
6692
6694
6701
6726
6774
6788
6804
6805
6808
6809
6825
6835
6845
6850
6852
6858
6860
6866
6877
6881
6885
6901
6904
6908
6912
6919
6930
6941
6950
6965
6973
7008
7009
7016
7019
7021
7037
7047
7056
7061
7062
7074
7084
7090
7096
7131
7140
7181
7202
7212
7216
7220
7221
7231
7303
7322
7324
7333
7341
7343
7357
7417
7421
7430
7432
7452
7464
7491
7504
7516
7524
7534
7557
7559
7575
7585
7593
7612
7614
7616
7619
7620
7635
7638
7667
7672
7673
7675
7695
7705
7718
7720
7724
7726
7729
7738
7742
7743
7745
7771
7776
7815
7821
7830
7846
7849
7851
7858
7859
7875
7879
7888
7896
7925
7935
7939
7942
7942
7973
7982
7983
7989
7997
7997
8004
8007
8008
8038
8042
8045
8046
8058
8062
8065
8075
8087
8103
8103
8107
8108
8111
8119
8186
8195
8213
8230
8230
8256
8311
8313
8315
8324
8333
8360
8365
8366
8372
8377
8384
8400
8413
8435
8436
8445
8463
8468
8480
8485
8493
8503
8506
8507
8518
8536
8563
8567
8569
8582
8589
8589
8664
8671
8678
8696
8712
8717
8718
8725
8728
8742
8747
8779
8825
8825
8828
8855
8884
8894
8901
8908
8909
8928
8931
8941
8958
8959
8967
8974
8976
9008
9027
9034
9045
9050
9051
9054
9061
9067
9068
9073
9075
9080
9081
9084
9093
9094
9111
9171
9182
9192
9208
9209
9238
9240
9241
9243
9260
9263
9283
9305
9314
9315
9325
9328
9348
9357
9393
9393
9394
9400
9406
9418
9423
9429
9444
9453
9454
9456
9476
9490
9507
9531
9539
9548
9568
9594
9605
9608
9612
9612
9620
9633
9656
9697
9710
9729
9744
9759
9761
9765
9776
9784
9799
9802
9806
9822
9838
9838
9843
9870
9872
9891
9892
9896
9905
9908
9919
9933
9950
9955
9964
9965
9972
9989
9998
10008
10012
10016
10024
10029
10039
10043
10051
10068
10079
10080
10081
10096
10117
10122
10123
10140
10145
10158
10188
10217
10222
10222
10224
10229
10240
10241
10252
10265
10272
10275
10279
10279
10321
10340
10340
10343
10358
10362
10369
10389
10425
10454
10470
10470
10474
10479
10490
10515
10523
10525
10549
10579
10585
10586
10601
10602
10605
10612
10631
10639
10649
10651
10666
10696
10712
10714
10714
10717
10718
10726
10730
10755
10756
10760
10768
10775
10803
10810
10853
10876
10885
10892
10899
10903
10908
10916
10937
10943
10944
10981
10985
10989
11045
11074
11079
11088
11089
11107
11107
11113
11115
11122
11138
11142
11157
11160
11171
11188
11201
11210
11211
11214
11217
11229
11238
11250
11251
11254
11281
11283
11301
11303
11343
11347
11348
11363
11367
11373
11373
11389
11402
11408
11419
11423
11426
11437
11445
11453
11462
11487
11489
11491
11492
11495
11508
11510
11532
11548
11565
11565
11569
11598
11604
11606
11608
11609
11610
11614
11619
11624
11632
11643
11643
11645
11656
11658
11664
11680
11689
11699
11713
11716
11717
11728
11735
11741
11751
11756
11771
11775
11798
11805
11819
11829
11850
11866
11898
11915
11923
11931
11943
11946
11947
11947
11955
11980
11981
11987
11991
12029
12033
12034
12034
12072
12078
12080
12099
12102
12124
12138
12144
12153
12155
12172
12189
12217
12222
12231
12243
12247
12248
12251
12251
12252
12273
12308
12318
12326
12341
12342
12355
12364
12376
12392
12406
12435
12445
12456
12465
12470
12490
12506
12513
12524
12534
12535
12541
12542
12547
12579
12584
12594
12597
12601
12606
12607
12610
12610
12618
12619
12626
12638
12643
12652
12653
12654
12660
12667
12679
12681
12683
12721
12721
12769
12772
12802
12813
12814
12825
12833
12834
12836
12840
12857
12871
12873
12880
12894
12909
12952
12958
12967
12984
12994
12994
12997
13012
13020
13028
13038
13057
13074
13074
13115
13142
13152
13163
13180
13205
13218
13218
13241
13245
13247
13256
13263
13273
13286
13291
13303
13307
13316
13328
13332
13336
13341
13376
13389
13401
13413
13416
13419
13424
13445
13457
13485
13494
13496
13505
13527
13530
13537
13544
13545
13548
13555
13560
13568
13569
13572
13573
13585
13587
13598
13598
13612
13633
13670
13676
13686
13689
13703
13709
13712
13720
13763
13773
13782
13784
13800
13812
13814
13821
13822
13829
13843
13858
13858
13860
13876
13891
13896
13899
13908
13911
13919
13923
13926
13936
13948
13953
13981
13983
13986
13991
13994
14002
14009
14042
14060
14060
14064
14076
14103
14109
14111
14142
14163
14169
14176
14190
14191
14192
14198
14222
14232
14253
14254
14279
14286
14316
14323
14325
14343
14356
14356
14365
14369
14371
14373
14388
14393
14397
14407
14413
14420
14448
14469
14487
14494
14496
14535
14546
14548
14553
14556
14556
14585
14595
14599
14599
14632
14649
14650
14657
14659
14662
14662
14674
14679
14696
14717
14729
14735
14745
14778
14795
14807
14836
14857
14868
14879
14886
14901
14932
14934
14942
14942
14947
14972
14988
15011
15014
15020
15030
15033
15034
15038
15047
15048
15063
15070
15080
15081
15094
15094
15109
15125
15126
15143
15165
15167
15177
15177
15181
15181
15186
15191
15193
15193
15205
15216
15225
15231
15234
15236
15245
15245
15257
15265
15266
15279
15289
15290
15290
15301
15307
15334
15354
15364
15367
15379
15400
15417
15423
15488
15489
15498
15515
15516
15528
15558
15561
15568
15571
15576
15577
15602
15604
15608
15611
15642
15648
15655
15675
15675
15679
15685
15689
15696
15698
15715
15715
15717
15720
15723
15742
15754
15759
15759
15764
15772
15772
15774
15781
15790
15792
15805
15806
15828
15831
15836
15841
15852
15853
15864
15870
15879
15880
15880
15888
15889
15900
15904
15914
15922
15922
15935
15962
15969
15976
15992
16009
16014
16024
16031
16046
16049
16053
16059
16070
16078
16084
16093
16094
16121
16127
16137
16137
16183
16209
16214
16219
16231
16232
16248
16257
16274
16289
16294
16306
16348
16356
16359
16377
16378
16380
16381
16390
16392
16404
16407
16410
16418
16426
16427
16431
16435
16435
16439
16439
16443
16454
16458
16460
16480
16487
16492
16494
16507
16516
16517
16529
16529
16538
16543
16548
16551
16559
16560
16583
16584
16595
16611
16619
16622
16626
16637
16664
16666
16671
16696
16697
16730
16752
16753
16754
16755
16782
16786
16800
16805
16805
16807
16808
16825
16829
16843
16852
16865
16869
16871
16876
16884
16897
16912
16938
16941
16952
16958
16958
16963
16965
17009
17011
17020
17021
17050
17065
17075
17080
17087
17122
17124
17127
17140
17144
17151
17152
17165
17174
17178
17198
17199
17207
17210
17225
17238
17268
17288
17289
17298
17321
17330
17336
17339
17353
17367
17374
17382
17407
17418
17441
17460
17460
17463
17467
17482
17485
17507
17508
17510
17558
17582
17586
17588
17603
17606
17606
17622
17639
17645
17651
17669
17691
17691
17705
17712
17732
17742
17761
17768
17769
17783
17786
17817
17830
17835
17840
17853
17854
17882
17891
17899
17904
17906
17953
17971
17995
18011
18024
18032
18034
18044
18045
18062
18082
18084
18085
18107
18113
18113
18117
18124
18124
18130
18132
18150
18151
18157
18157
18159
18166
18168
18190
18200
18206
18213
18214
18267
18270
18276
18283
18307
18316
18328
18333
18335
18341
18356
18370
18378
18383
18390
18404
18406
18416
18426
18432
18459
18467
18470
18479
18483
18484
18501
18518
18529
18539
18543
18549
18553
18587
18609
18626
18627
18662
18670
18671
18673
18680
18682
18686
18709
18712
18718
18718
18731
18734
18736
18749
18754
18756
18772
18777
18785
18797
18807
18808
18812
18835
18861
18865
18872
18879
18892
18892
18893
18898
18908
18909
18910
18934
18946
18958
18962
18986
18988
18999
19016
19032
19061
19080
19089
19090
19097
19097
19100
19105
19131
19140
19168
19173
19189
19203
19203
19230
19237
19249
19254
19259
19261
19270
19291
19304
19305
19318
19326
19355
19382
19386
19409
19410
19416
19432
19435
19440
19447
19460
19468
19472
19489
19496
19504
19505
19526
19535
19554
19560
19563
19573
19611
19628
19631
19637
19665
19671
19677
19736
19760
19765
19773
19776
19786
19812
19814
19817
19819
19830
19844
19854
19868
19876
19881
19884
19903
19907
19924
19940
19941
19943
19946
19950
19958
19961
19962
19983
20002
20017
20054
20057
20095
20102
20112
20115
20119
20122
20140
20142
20144
20180
20190
20209
20210
20228
20235
20240
20245
20248
20252
20254
20264
20266
20273
20276
20288
20291
20329
20334
20343
20356
20361
20375
20384
20384
20384
20390
20436
20443
20446
20454
20472
20476
20477
20484
20485
20507
20508
20509
20512
20532
20547
20558
20559
20566
20572
20582
20590
20596
20598
20601
20605
20612
20614
20616
20639
20646
20646
20651
20652
20668
20670
20675
20676
20677
20693
20698
20717
20719
20726
20771
20778
20808
20809
20825
20859
20867
20872
20874
20874
20896
20915
20928
20937
20939
20940
20950
20950
20960
20963
20974
20982
20987
20989
21000
21009
21020
21025
21038
21055
21110
21112
21135
21176
21211
21221
21236
21251
21258
21280
21284
21306
21321
21326
21370
21372
21377
21380
21390
21402
21443
21444
21453
21456
21462
21472
21476
21480
21488
21493
21493
21494
21502
21529
21540
21540
21543
21546
21570
21584
21596
21598
21605
21611
21615
21623
21632
21658
21662
21671
21682
21695
21695
21703
21711
21715
21716
21725
21728
21731
21735
21747
21758
21781
21783
21789
21799
21816
21818
21824
21834
21842
21849
21859
21859
21860
21878
21882
21892
21897
21900
21910
21932
21933
21936
21946
21964
21970
21984
22000
22004
22023
22042
22046
22051
22056
22057
22065
22070
22075
22087
22094
22111
22116
22153
22180
22186
22206
22207
22210
22224
22231
22245
22247
22265
22268
22291
22299
22331
22335
22352
22362
22368
22375
22396
22404
22405
22417
22417
22426
22427
22433
22434
22442
22455
22464
22473
22490
22501
22502
22505
22513
22524
22530
22532
22539
22543
22604
22604
22615
22615
22625
22630
22638
22644
22654
22656
22661
22668
22672
22680
22681
22692
22708
22727
22736
22741
22743
22745
22752
22755
22763
22765
22769
22778
22793
22797
22806
22810
22810
22816
22821
22821
22848
22855
22858
22872
22883
22901
22903
22912
22915
22928
22932
22954
22957
22974
22976
22978
22979
22984
22992
22994
22994
23002
23009
23021
23031
23055
23065
23072
23078
23083
23083
23102
23117
23123
23132
23137
23139
23141
23160
23161
23178
23180
23188
23194
23215
23218
23228
23241
23268
23277
23282
23289
23299
23315
23326
23341
23347
23351
23373
23390
23404
23414
23417
23430
23466
23473
23495
23512
23528
23533
23539
23558
23559
23567
23593
23616
23618
23623
23673
23676
23694
23695
23702
23719
23719
23731
23762
23763
23767
23769
23777
23782
23784
23786
23789
23789
23790
23796
23811
23826
23827
23838
23838
23855
23855
23857
23880
23887
23898
23900
23901
23914
23916
23921
23921
23921
23929
23945
23947
23954
23961
23965
23982
23983
23999
24009
24038
24038
24044
24060
24066
24068
24071
24075
24080
24083
24095
24100
24114
24146
24158
24195
24202
24203
24210
24212
24223
24225
24229
24237
24240
24264
24267
24269
24279
24289
24290
24292
24299
24308
24313
24317
24333
24336
24348
24361
24386
24397
24399
24406
24411
24418
24425
24428
24436
24436
24453
24461
24466
24466
24480
24496
24504
24515
24526
24529
24539
24540
24560
24563
24576
24589
24596
24600
24609
24635
24641
24651
24673
24680
24690
24709
24717
24717
24728
24759
24771
24772
24775
24778
24783
24794
24795
24818
24819
24820
24824
24841
24842
24842
24860
24861
24861
24866
24917
24927
24948
24951
24965
24966
24974
24979
24986
24992
25005
25017
25032
25036
25048
25052
25058
25058
25071
25073
25143
25144
25158
25164
25182
25184
25188
25190
25196
25199
25212
25218
25219
25221
25222
25230
25233
25239
25239
25252
25268
25275
25278
25278
25286
25296
25297
25300
25306
25330
25336
25341
25341
25342
25355
25365
25369
25377
25385
25387
25398
25409
25412
25415
25419
25424
25450
25451
25461
25481
25485
25494
25504
25514
25524
25532
25534
25559
25576
25583
25590
25592
25600
25617
25619
25640
25649
25663
25669
25671
25722
25734
25735
25740
25740
25754
25768
25812
25813
25814
25827
25838
25847
25850
25861
25902
25907
25913
25918
25923
25927
25948
25979
25988
26026
26081
26084
26122
26124
26135
26136
26137
26144
26150
26165
26171
26179
26184
26195
26206
26212
26231
26251
26257
26265
26270
26275
26278
26281
26284
26319
26321
26324
26361
26419
26422
26424
26429
26431
26455
26457
26460
26491
26500
26510
26514
26516
26520
26527
26528
26576
26594
26616
26619
26625
26635
26636
26649
26653
26662
26671
26676
26681
26684
26684
26703
26713
26718
26720
26732
26732
26745
26746
26748
26759
26770
26782
26788
26793
26797
26799
26812
26814
26832
26845
26852
26853
26864
26875
26885
26901
26905
26909
26915
26915
26923
26936
26938
26952
26957
26966
26967
26984
26990
26995
26999
27002
27005
27015
27046
27049
27070
27086
27102
27118
27119
27130
27135
27151
27174
27211
27224
27231
27235
27235
27237
27259
27259
27262
27273
27274
27296
27297
27306
27307
27307
27320
27323
27341
27346
27367
27377
27408
27419
27425
27446
27458
27471
27480
27483
27490
27491
27501
27502
27505
27506
27508
27549
27554
27555
27558
27565
27572
27572
27589
27599
27603
27611
27625
27652
27659
27669
27671
27689
27719
27786
27802
27808
27810
27817
27818
27825
27838
27841
27843
27846
27862
27872
27882
27889
27890
27898
27905
27912
27915
27922
27932
27932
27938
27940
27944
27951
27961
27979
27984
27990
27999
28002
28009
28015
28016
28039
28048
28056
28093
28122
28127
28129
28139
28140
28142
28147
28158
28165
28175
28184
28184
28192
28213
28214
28227
28238
28253
28253
28258
28260
28276
28306
28312
28317
28317
28327
28343
28366
28368
28377
28382
28402
28405
28406
28407
28414
28416
28418
28427
28428
28429
28439
28441
28457
28460
28466
28475
28519
28532
28535
28535
28541
28553
28565
28574
28589
28601
28615
28632
28633
28652
28655
28657
28659
28692
28720
28728
28734
28736
28755
28764
28767
28770
28782
28810
28816
28818
28833
28838
28843
28854
28860
28870
28874
28875
28884
28887
28892
28909
28918
28920
28922
28936
28949
28952
28966
29002
29013
29016
29019
29043
29052
29058
29060
29087
29091
29099
29101
29104
29106
29111
29113
29116
29120
29122
29137
29146
29146
29147
29149
29153
29183
29187
29232
29239
29243
29258
29260
29270
29275
29277
29278
29281
29283
29286
29289
29293
29297
29298
29315
29316
29333
29337
29347
29367
29378
29379
29398
29412
29417
29417
29424
29439
29439
29454
29458
29477
29514
29522
29529
29534
29535
29536
29537
29546
29559
29569
29592
29593
29646
29660
29667
29667
29672
29673
29681
29700
29708
29727
29742
29747
29772
29779
29779
29780
29781
29791
29794
29814
29825
29829
29836
29839
29855
29861
29872
29873
29876
29879
29883
29893
29896
29901
29911
29914
29922
29933
29943
29964
29970
29973
29999
30010
30028
30033
30034
30036
30037
30045
30061
30073
30084
30100
30101
30102
30108
30116
30122
30130
30132
30138
30139
30145
30147
30152
30163
30163
30164
30166
30168
30173
30177
30179
30210
30218
30218
30233
30234
30238
30264
30270
30274
30286
30288
30289
30291
30315
30326
30336
30342
30344
30359
30359
30363
30369
30372
30381
30398
30410
30433
30445
30451
30455
30457
30459
30468
30479
30486
30488
30498
30498
30527
30538
30550
30554
30591
30661
30665
30674
30680
30684
30687
30696
30696
30702
30703
30703
30706
30709
30715
30743
30758
30761
30765
30768
30784
30805
30809
30827
30843
30862
30865
30868
30881
30895
30898
30915
30919
30937
30942
30949
30967
30969
30972
30986
30996
31012
31020
31021
31039
31047
31056
31058
31060
31062
31069
31095
31111
31113
31145
31147
31186
31198
31209
31225
31234
31243
31247
31249
31265
31268
31286
31293
31305
31317
31353
31375
31397
31408
31417
31419
31420
31426
31439
31440
31450
31462
31464
31466
31473
31482
31489
31491
31491
31504
31523
31525
31547
31566
31578
31598
31607
31609
31609
31621
31637
31643
31646
31665
31670
31674
31674
31675
31685
31685
31704
31706
31710
31710
31714
31739
31748
31770
31775
31776
31789
31792
31794
31808
31815
31836
31854
31864
31866
31882
31883
31890
31922
31943
31960
31963
32027
32032
32036
32040
32040
32044
32046
32047
32062
32075
32089
32097
32106
32107
32118
32123
32126
32135
32150
32152
32158
32165
32172
32193
32201
32216
32216
32240
32240
32250
32259
32265
32265
32279
32291
32298
32306
32311
32317
32317
32317
32323
32339
32340
32340
32358
32364
32365
32377
32381
32392
32435
32436
32436
32441
32468
32469
32475
32476
32487
32489
32496
32500
32502
32503
32505
32518
32530
32563
32567
32575
32577
32583
32596
32648
32651
32652
32654
32660
32675
32676
32676
32688
32691
32707
32708
32718
32724
32734
32752
32772
32779
32803
32814
32865
32886
32903
32949
32953
32962
32967
32968
32987
32992
33004
33007
33007
33009
33027
33028
33038
33054
33058
33069
33093
33097
33103
33110
33121
33142
33165
33166
33191
33195
33207
33208
33231
33253
33259
33264
33264
33288
33289
33291
33301
33303
33315
33345
33356
33382
33392
33394
33413
33420
33447
33460
33479
33485
33486
33498
33567
33577
33580
33591
33598
33599
33603
33611
33618
33628
33633
33647
33656
33658
33663
33669
33677
33682
33689
33689
33732
33770
33773
33775
33789
33791
33795
33811
33826
33839
33851
33853
33858
33875
33877
33878
33897
33907
33943
33952
33954
33956
33964
33965
33966
33986
34026
34041
34058
34070
34081
34083
34091
34095
34110
34119
34122
34138
34140
34142
34143
34148
34158
34169
34186
34187
34210
34219
34229
34240
34257
34263
34267
34271
34272
34314
34316
34328
34331
34337
34352
34361
34362
34365
34367
34367
34373
34411
34414
34428
34432
34434
34478
34481
34502
34510
34512
34513
34517
34543
34548
34561
34576
34606
34607
34630
34630
34633
34678
34695
34704
34707
34707
34716
34755
34769
34771
34776
34798
34812
34819
34821
34825
34827
34836
34848
34857
34857
34869
34870
34872
34887
34895
34911
34918
34993
35007
35010
35030
35030
35035
35039
35048
35058
35063
35074
35095
35122
35153
35156
35158
35176
35178
35179
35180
35182
35193
35194
35232
35233
35236
35239
35247
35248
35254
35262
35268
35269
35273
35273
35289
35334
35344
35365
35365
35385
35395
35408
35411
35418
35468
35485
35495
35511
35514
35515
35516
35520
35529
35531
35533
35533
35544
35564
35584
35587
35592
35599
35620
35635
35643
35651
35655
35660
35675
35678
35683
35699
35707
35708
35733
35735
35737
35744
35770
35773
35780
35797
35812
35830
35847
35863
35870
35872
35891
35896
35928
35945
35975
35977
35985
35998
36001
36002
36004
36010
36018
36021
36025
36039
36042
36055
36056
36065
36066
36070
36074
36077
36083
36084
36090
36101
36104
36112
36122
36125
36128
36129
36131
36151
36158
36168
36176
36208
36216
36235
36243
36253
36259
36263
36282
36288
36296
36303
36308
36319
36321
36325
36344
36356
36380
36392
36406
36410
36412
36433
36434
36443
36449
36449
36451
36454
36454
36460
36469
36477
36486
36494
36496
36499
36508
36517
36521
36523
36533
36533
36548
36565
36576
36587
36597
36603
36605
36629
36631
36639
36649
36650
36655
36669
36669
36673
36695
36696
36696
36711
36712
36718
36721
36723
36745
36747
36748
36768
36776
36781
36790
36813
36816
36823
36829
36850
36867
36881
36908
36914
36917
36920
36934
36974
36979
36981
36982
36982
36999
36999
37000
37027
37028
37046
37051
37056
37069
37069
37070
37081
37082
37091
37096
37105
37117
37124
37149
37152
37163
37198
37209
37214
37214
37234
37238
37246
37253
37273
37275
37355
37368
37371
37390
37436
37438
37445
37448
37452
37452
37455
37459
37465
37474
37486
37493
37494
37507
37515
37528
37542
37558
37586
37590
37595
37602
37610
37619
37622
37624
37633
37658
37664
37683
37687
37692
37709
37716
37723
37739
37744
37748
37751
37754
37755
37774
37774
37794
37808
37808
37818
37820
37836
37845
37857
37860
37864
37900
37907
37927
37932
37942
37943
37960
37973
37978
37978
37982
38010
38028
38031
38050
38055
38060
38064
38080
38107
38117
38119
38133
38141
38165
38173
38175
38189
38198
38200
38213
38228
38244
38246
38248
38250
38256
38262
38269
38271
38275
38304
38310
38318
38318
38326
38327
38339
38345
38349
38353
38353
38354
38357
38371
38375
38382
38384
38395
38399
38408
38414
38436
38439
38442
38487
38487
38491
38495
38503
38506
38513
38518
38520
38522
38522
38535
38540
38540
38544
38546
38553
38555
38558
38561
38588
38602
38613
38617
38635
38644
38646
38648
38679
38681
38681
38718
38719
38732
38742
38742
38751
38761
38777
38781
38784
38822
38858
38860
38870
38879
38882
38887
38897
38903
38918
38924
38937
38965
38975
38986
38991
38992
38994
38997
38997
39002
39013
39017
39023
39025
39029
39034
39045
39067
39077
39081
39099
39115
39138
39138
39154
39162
39169
39171
39186
39192
39201
39210
39218
39229
39245
39251
39267
39291
39294
39309
39320
39356
39368
39377
39407
39408
39410
39432
39434
39442
39444
39449
39458
39475
39503
39545
39556
39566
39581
39582
39583
39599
39602
39610
39618
39630
39651
39658
39665
39671
39674
39688
39693
39707
39708
39712
39714
39722
39725
39743
39756
39783
39802
39820
39820
39826
39863
39872
39874
39896
39941
39943
39943
39945
39965
39972
39979
39983
39986
39987
40008
40017
40019
40026
40052
40054
40106
40107
40121
40124
40140
40142
40143
40157
40175
40183
40198
40198
40204
40212
40214
40218
40220
40225
40226
40229
40243
40245
40260
40264
40264
40266
40267
40274
40276
40302
40304
40307
40330
40336
40344
40345
40353
40356
40367
40379
40391
40398
40415
40425
40459
40468
40470
40499
40518
40524
40530
40538
40540
40542
40556
40558
40583
40585
40601
40623
40631
40661
40663
40671
40735
40741
40746
40759
40767
40778
40781
40800
40809
40817
40820
40845
40858
40877
40879
40900
40933
40934
40973
40980
40985
40991
41001
41003
41011
41047
41054
41068
41081
41083
41095
41111
41162
41163
41165
41171
41173
41196
41220
41226
41231
41254
41258
41258
41270
41279
41288
41315
41330
41340
41340
41351
41352
41356
41370
41384
41387
41398
41399
41412
41423
41447
41454
41461
41467
41471
41479
41516
41525
41536
41543
41545
41550
41560
41563
41580
41581
41596
41632
41651
41651
41667
41672
41674
41675
41679
41689
41693
41709
41770
41775
41776
41781
41789
41811
41829
41853
41865
41870
41871
41874
41879
41908
41936
41941
41951
41971
41972
41988
41989
41994
41996
41999
42003
42005
42015
42021
42023
42026
42047
42051
42053
42056
42062
42063
42072
42090
42096
42102
42109
42117
42121
42123
42126
42131
42132
42137
42149
42153
42156
42157
42169
42184
42185
42212
42214
42226
42252
42256
42277
42285
42293
42306
42307
42312
42320
42326
42328
42337
42342
42346
42346
42346
42350
42355
42387
42395
42411
42426
42457
42463
42466
42466
42467
42478
42484
42502
42521
42526
42530
42538
42538
42548
42551
42552
42557
42573
42586
42594
42604
42632
42649
42654
42657
42666
42674
42675
42687
42698
42711
42713
42721
42732
42735
42744
42745
42746
42778
42780
42823
42827
42838
42842
42850
42856
42864
42867
42875
42880
42881
42909
42917
42926
42945
42945
42947
42984
42991
42996
42998
43006
43006
43009
43021
43032
43037
43039
43056
43057
43079
43084
43094
43096
43098
43103
43105
43108
43112
43140
43159
43162
43167
43170
43176
43190
43207
43231
43239
43251
43255
43266
43270
43281
43289
43292
43299
43304
43329
43333
43336
43348
43349
43352
43359
43368
43368
43386
43387
43390
43401
43407
43416
43418
43427
43434
43476
43502
43524
43525
43527
43527
43527
43528
43536
43543
43586
43627
43635
43649
43679
43683
43686
43711
43731
43739
43742
43744
43754
43769
43790
43790
43790
43800
43803
43804
43813
43820
43832
43832
43833
43840
43854
43858
43868
43871
43873
43877
43884
43891
43901
43902
43913
43913
43924
43941
43942
43968
43970
43978
43985
43998
44024
44049
44066
44069
44078
44086
44111
44121
44128
44142
44154
44173
44184
44199
44201
44203
44234
44241
44256
44260
44264
44270
44282
44285
44301
44309
44314
44325
44341
44342
44362
44367
44369
44373
44378
44400
44403
44406
44406
44410
44413
44418
44449
44450
44450
44460
44464
44481
44482
44503
44510
44520
44543
44550
44552
44573
44575
44576
44586
44594
44602
44607
44613
44624
44628
44631
44643
44653
44690
44697
44702
44715
44716
44720
44743
44743
44747
44763
44780
44785
44787
44795
44799
44799
44802
44807
44817
44817
44817
44820
44846
44854
44876
44883
44910
44923
44925
44938
44940
44942
44952
44954
44964
44978
44982
44983
45010
45010
45010
45031
45033
45034
45039
45043
45060
45060
45076
45081
45084
45088
45098
45107
45129
45129
45136
45145
45157
45168
45169
45176
45177
45199
45204
45205
45213
45215
45217
45233
45247
45252
45256
45257
45259
45266
45276
45276
45297
45297
45298
45332
45337
45338
45343
45345
45350
45352
45375
45376
45376
45379
45381
45400
45409
45419
45429
45442
45446
45448
45449
45450
45453
45489
45499
45501
45501
45504
45507
45518
45519
45524
45539
45540
45542
45543
45554
45564
45577
45591
45633
45638
45638
45650
45656
45663
45676
45677
45693
45693
45696
45709
45724
45758
45762
45762
45764
45764
45779
45787
45788
45817
45818
45834
45856
45875
45876
45885
45887
45889
45894
45900
45902
45903
45913
45930
45934
45935
45984
45987
46011
46013
46015
46023
46033
46070
46077
46099
46111
46120
46134
46158
46166
46173
46182
46185
46192
46192
46197
46198
46205
46210
46212
46220
46225
46227
46251
46277
46301
46302
46305
46311
46351
46354
46417
46419
46419
46421
46437
46445
46456
46457
46466
46469
46470
46477
46502
46510
46514
46533
46540
46540
46543
46551
46605
46609
46626
46633
46637
46645
46649
46652
46657
46662
46664
46667
46692
46692
46716
46717
46720
46725
46741
46748
46751
46805
46805
46819
46827
46843
46845
46858
46894
46896
46907
46909
46909
46935
46938
46950
46955
46960
46962
46963
46965
46971
46977
46980
46995
47004
47014
47020
47023
47030
47035
47036
47036
47049
47055
47058
47084
47087
47129
47134
47137
47146
47156
47178
47178
47178
47202
47207
47215
47219
47230
47245
47247
47250
47284
47285
47288
47304
47307
47314
47314
47317
47330
47369
47381
47409
47416
47426
47433
47439
47456
47462
47479
47500
47513
47537
47542
47546
47587
47602
47607
47608
47619
47620
47620
47631
47638
47663
47667
47673
47693
47698
47714
47755
47757
47762
47774
47783
47789
47812
47848
47878
47901
47906
47911
47935
47939
47939
47940
47949
47963
47969
47975
47982
47984
47997
48004
48007
48008
48012
48025
48030
48042
48045
48048
48050
48060
48065
48067
48095
48128
48143
48154
48165
48171
48172
48174
48176
48201
48205
48205
48208
48212
48249
48270
48272
48300
48316
48316
48342
48351
48386
48387
48390
48402
48403
48404
48417
48425
48442
48444
48445
48466
48469
48471
48504
48505
48510
48517
48530
48541
48546
48548
48555
48557
48566
48570
48579
48583
48605
48617
48625
48630
48632
48639
48654
48667
48670
48677
48677
48682
48702
48726
48731
48738
48738
48763
48774
48781
48799
48804
48805
48817
48827
48828
48848
48855
48857
48867
48871
48879
48880
48891
48897
48919
48919
48922
48923
48931
48936
48938
48941
48948
48967
48979
48981
48984
48997
49008
49015
49041
49057
49066
49075
49075
49091
49095
49100
49120
49139
49142
49149
49153
49172
49197
49199
49200
49207
49237
49243
49289
49293
49320
49329
49331
49346
49357
49372
49396
49409
49412
49413
49444
49449
49454
49455
49460
49498
49525
49544
49544
49547
49587
49590
49599
49600
49624
49629
49630
49642
49654
49662
49676
49681
49694
49737
49742
49763
49828
49830
49838
49854
49869
49875
49878
49887
49908
49913
49931
49939
49954
49972
49975
49996
49999
50011
50019
50034
50039
50049
50049
50062
50069
50094
50094
50098
50103
50119
50123
50127
50129
50137
50138
50142
50154
50173
50182
50190
50219
50222
50224
50237
50239
50249
50255
50257
50257
50273
50293
50296
50307
50310
50318
50343
50344
50387
50392
50411
50419
50436
50439
50458
50463
50475
50494
50503
50504
50505
50510
50551
50577
50580
50594
50595
50621
50623
50623
50637
50637
50638
50640
50642
50668
50670
50680
50686
50687
50693
50746
50772
50782
50786
50796
50802
50802
50806
50810
50821
50824
50843
50846
50850
50877
50889
50905
50919
50927
50948
50995
50997
51012
51014
51015
51020
51028
51034
51040
51045
51064
51067
51079
51097
51097
51101
51102
51133
51149
51172
51197
51220
51242
51243
51255
51268
51274
51275
51294
51297
51300
51303
51305
51329
51339
51365
51380
51389
51415
51430
51431
51440
51449
51460
51467
51477
51503
51504
51505
51556
51567
51609
51616
51621
51634
51635
51641
51680
51684
51694
51695
51704
51704
51712
51722
51738
51742
51753
51759
51807
51808
51837
51840
51861
51903
51917
51918
51933
51938
51945
51949
51951
51972
51998
52024
52025
52035
52060
52072
52075
52077
52082
52088
52097
52114
52200
52207
52213
52223
52229
52232
52253
52265
52278
52294
52320
52331
52335
52367
52373
52380
52395
52407
52407
52417
52420
52433
52466
52477
52478
52482
52486
52497
52509
52541
52544
52549
52559
52564
52574
52579
52581
52582
52593
52593
52602
52611
52617
52631
52631
52649
52651
52662
52666
52668
52687
52697
52704
52717
52718
52719
52731
52740
52743
52748
52750
52751
52752
52786
52813
52827
52840
52840
52843
52852
52854
52861
52862
52874
52907
52907
52908
52941
52957
52982
52989
53000
53017
53031
53039
53042
53051
53065
53086
53095
53101
53102
53112
53116
53121
53124
53129
53136
53145
53145
53161
53163
53168
53175
53178
53196
53207
53209
53215
53215
53216
53281
53287
53306
53313
53331
53335
53362
53365
53369
53380
53380
53399
53404
53419
53434
53442
53447
53464
53467
53467
53471
53473
53495
53496
53500
53508
53510
53512
53519
53536
53539
53563
53603
53603
53604
53605
53608
53638
53648
53665
53680
53705
53720
53735
53739
53756
53777
53778
53785
53785
53787
53792
53801
53802
53804
53805
53832
53850
53853
53871
53875
53891
53927
53932
53935
53961
53978
53981
53997
54000
54001
54006
54011
54016
54017
54018
54021
54027
54031
54057
54060
54065
54100
54113
54119
54120
54124
54128
54128
54131
54137
54141
54152
54190
54195
54220
54224
54234
54239
54243
54249
54258
54266
54276
54282
54305
54319
54329
54332
54342
54352
54360
54364
54377
54380
54397
54404
54412
54428
54434
54444
54457
54461
54465
54480
54492
54500
54517
54520
54520
54523
54550
54560
54563
54573
54593
54603
54607
54626
54633
54642
54645
54658
54659
54712
54730
54738
54742
54747
54751
54756
54768
54769
54772
54781
54823
54837
54851
54862
54862
54862
54868
54872
54876
54892
54907
54918
54926
54933
54938
54939
54939
54941
54945
54958
54976
54989
54991
54992
55006
55007
55017
55018
55033
55034
55045
55057
55068
55073
55078
55080
55089
55128
55148
55148
55154
55161
55162
55183
55202
55215
55215
55218
55233
55251
55269
55276
55287
55295
55295
55297
55302
55311
55323
55340
55345
55370
55373
55374
55408
55435
55451
55451
55464
55480
55487
55487
55491
55548
55548
55561
55571
55583
55595
55596
55600
55604
55606
55606
55611
55630
55639
55641
55655
55681
55692
55699
55726
55729
55729
55737
55742
55743
55749
55755
55759
55763
55771
55776
55782
55811
55813
55844
55854
55876
55880
55884
55897
55907
55925
55929
55942
55946
55956
55969
55974
55983
55984
55987
55989
56017
56017
56025
56026
56029
56030
56034
56040
56048
56050
56051
56068
56073
56133
56133
56147
56150
56166
56185
56196
56199
56203
56209
56231
56234
56245
56262
56271
56306
56320
56328
56354
56356
56376
56387
56393
56403
56415
56423
56425
56437
56441
56445
56447
56480
56484
56485
56489
56504
56506
56516
56520
56531
56541
56544
56565
56567
56571
56574
56578
56579
56584
56587
56590
56614
56678
56692
56695
56697
56700
56703
56704
56709
56732
56743
56749
56751
56783
56786
56790
56809
56825
56828
56828
56844
56855
56856
56859
56859
56864
56871
56886
56889
56900
56911
56919
56929
56938
56955
56962
56972
57000
57008
57017
57022
57025
57041
57046
57046
57055
57055
57055
57077
57110
57115
57119
57145
57156
57164
57166
57168
57171
57211
57215
57226
57242
57273
57302
57308
57310
57312
57316
57327
57330
57353
57354
57354
57356
57361
57367
57372
57373
57374
57379
57380
57388
57393
57394
57402
57416
57418
57430
57438
57465
57468
57484
57496
57499
57499
57502
57503
57508
57521
57524
57527
57556
57563
57573
57606
57609
57628
57634
57649
57660
57669
57669
57683
57686
57714
57718
57738
57765
57791
57798
57806
57819
57821
57827
57841
57843
57844
57849
57861
57864
57871
57876
57890
57890
57894
57894
57903
57904
57936
57937
57950
57954
57984
58020
58027
58030
58031
58057
58061
58069
58092
58096
58104
58129
58143
58161
58163
58173
58184
58193
58195
58197
58212
58213
58216
58217
58228
58262
58278
58282
58293
58297
58319
58322
58328
58329
58332
58343
58348
58369
58394
58394
58395
58404
58415
58418
58423
58439
58449
58468
58473
58475
58484
58484
58498
58506
58508
58538
58550
58565
58573
58577
58578
58582
58596
58608
58611
58613
58617
58619
58619
58626
58643
58651
58657
58665
58670
58677
58690
58697
58707
58714
58722
58726
58736
58743
58758
58761
58770
58779
58781
58790
58807
58820
58821
58823
58825
58830
58876
58881
58887
58888
58889
58894
58923
58932
58940
58952
58953
58967
58978
58985
58998
59009
59015
59019
59041
59042
59046
59049
59050
59066
59081
59085
59092
59099
59106
59110
59116
59131
59148
59158
59174
59175
59181
59230
59247
59256
59262
59263
59263
59308
59313
59325
59325
59339
59357
59359
59370
59370
59389
59397
59400
59408
59412
59419
59428
59436
59448
59462
59466
59478
59492
59496
59507
59508
59509
59514
59524
59531
59554
59563
59563
59592
59595
59605
59606
59610
59612
59614
59624
59626
59627
59629
59630
59632
59633
59637
59642
59657
59664
59665
59667
59668
59677
59702
59713
59729
59730
59738
59740
59750
59753
59768
59768
59778
59783
59793
59794
59821
59823
59826
59828
59829
59836
59847
59847
59853
59863
59909
59929
59931
59936
59940
59948
59967
59969
59970
59975
59981
59981
59982
59982
59991
60025
60037
60057
60074
60080
60081
60117
60124
60126
60134
60136
60158
60162
60169
60170
60171
60172
60175
60191
60204
60209
60243
60247
60254
60258
60264
60275
60286
60291
60294
60310
60329
60354
60355
60361
60376
60390
60403
60413
60438
60442
60448
60452
60461
60463
60476
60488
60497
60500
60502
60508
60517
60520
60524
60529
60536
60541
60568
60572
60576
60590
60621
60632
60647
60658
60677
60713
60719
60721
60732
60752
60753
60761
60773
60777
60778
60785
60785
60787
60793
60796
60805
60814
60821
60837
60852
60863
60863
60880
60881
60887
60887
60888
60903
60904
60908
60940
60962
60975
60982
60987
60998
61016
61017
61020
61034
61036
61039
61042
61050
61053
61056
61070
61092
61099
61108
61141
61144
61153
61158
61163
61165
61169
61184
61196
61202
61203
61207
61225
61232
61236
61239
61246
61255
61261
61269
61272
61278
61278
61279
61284
61303
61345
61350
61352
61354
61367
61368
61369
61376
61379
61405
61406
61422
61451
61454
61468
61510
61512
61512
61535
61539
61578
61578
61598
61598
61602
61610
61623
61624
61625
61629
61643
61672
61676
61698
61728
61733
61744
61745
61753
61757
61787
61791
61826
61858
61887
61888
61891
61902
61910
61931
61933
61938
61939
61949
61959
61967
61978
61984
61984
62006
62019
62029
62031
62035
62036
62038
62071
62075
62075
62087
62090
62090
62094
62102
62118
62150
62151
62159
62179
62208
62209
62211
62216
62217
62228
62236
62241
62248
62258
62262
62263
62282
62300
62319
62322
62325
62327
62328
62336
62336
62370
62399
62412
62423
62435
62442
62460
62463
62465
62469
62473
62510
62536
62576
62590
62593
62600
62604
62628
62635
62662
62690
62711
62719
62721
62722
62732
62737
62739
62761
62783
62793
62803
62816
62822
62828
62831
62835
62855
62871
62876
62878
62888
62905
62918
62919
62928
62937
62939
62943
62958
62965
62974
62992
63024
63030
63030
63054
63056
63069
63076
63077
63080
63081
63086
63094
63098
63101
63103
63109
63125
63127
63137
63148
63152
63154
63154
63169
63174
63181
63183
63191
63201
63205
63212
63215
63223
63244
63247
63248
63254
63256
63259
63268
63269
63273
63297
63324
63333
63342
63349
63373
63387
63407
63409
63412
63420
63427
63430
63437
63445
63450
63466
63517
63525
63536
63548
63552
63557
63567
63575
63578
63624
63627
63631
63638
63651
63663
63670
63682
63690
63693
63695
63708
63712
63714
63717
63720
63731
63739
63742
63745
63763
63782
63785
63797
63804
63829
63837
63843
63854
63876
63890
63897
63901
63912
63914
63930
63935
63944
63948
63954
63954
63966
63969
63979
63995
64011
64016
64039
64066
64067
64073
64074
64085
64113
64118
64126
64128
64131
64140
64148
64152
64165
64168
64179
64185
64250
64266
64271
64276
64289
64309
64313
64328
64331
64347
64348
64358
64380
64412
64445
64451
64452
64454
64471
64475
64480
64481
64484
64492
64496
64510
64516
64518
64522
64533
64552
64566
64576
64600
64608
64638
64653
64683
64711
64721
64727
64762
64783
64783
64784
64794
64795
64812
64813
64831
64842
64844
64845
64854
64856
64876
64885
64895
64904
64937
64943
64946
64947
64963
64965
64974
64976
64982
65000
65015
65021
65023
65028
65031
65072
65076
65080
65102
65103
65118
65121
65141
65146
65176
65186
65216
65218
65229
65230
65265
65282
65286
65291
65293
65298
65308
65319
65326
65327
65351
65373
65374
65383
65385
65400
65403
65425
65426
65434
65462
65493
65495
65503
65509
65512
65512
65514
65519
65520
65537
65539
65543
65544
65551
65557
65560
65564
65595
65596
65599
65600
65606
65626
65645
65656
65678
65701
65706
65712
65716
65726
65729
65747
65760
65761
65765
65773
65786
65787
65801
65801
65837
65849
65854
65859
65862
65874
65876
65878
65904
65941
65946
65947
65968
65992
65996
66013
66015
66016
66027
66031
66031
66032
66054
66067
66081
66088
66091
66103
66106
66108
66123
66126
66138
66139
66140
66148
66150
66156
66174
66193
66196
66231
66234
66248
66256
66258
66275
66283
66288
66300
66326
66351
66353
66367
66368
66398
66405
66406
66407
66413
66427
66429
66445
66446
66450
66453
66457
66464
66468
66473
66480
66485
66508
66512
66515
66525
66537
66541
66554
66572
66580
66607
66609
66634
66644
66657
66672
66698
66722
66733
66746
66753
66754
66768
66776
66785
66787
66791
66798
66823
66831
66835
66852
66876
66878
66879
66900
66922
66925
66928
66929
66937
66950
66956
66962
66969
66983
66983
66991
66994
67004
67011
67013
67017
67023
67045
67065
67071
67073
67084
67094
67103
67104
67113
67113
67113
67130
67134
67137
67156
67156
67156
67175
67186
67200
67209
67210
67228
67238
67248
67253
67257
67274
67317
67326
67326
67337
67365
67394
67396
67402
67414
67423
67434
67469
67475
67481
67486
67494
67502
67534
67536
67538
67571
67576
67577
67587
67589
67599
67601
67602
67606
67635
67638
67682
67683
67683
67689
67703
67728
67730
67748
67749
67781
67785
67793
67809
67811
67845
67863
67868
67872
67876
67877
67893
67895
67942
67947
67949
67955
67968
67974
67979
67985
67986
67988
68002
68017
68034
68035
68035
68044
68050
68064
68075
68098
68104
68111
68118
68119
68129
68130
68137
68151
68156
68189
68199
68207
68227
68237
68254
68258
68290
68306
68308
68311
68312
68351
68369
68369
68377
68383
68389
68392
68393
68393
68402
68411
68414
68421
68421
68426
68433
68433
68444
68447
68449
68474
68481
68494
68511
68528
68531
68531
68531
68532
68533
68541
68550
68560
68596
68598
68605
68606
68619
68627
68631
68632
68641
68646
68657
68667
68686
68699
68705
68707
68711
68714
68724
68754
68770
68770
68777
68779
68800
68808
68822
68839
68848
68853
68855
68860
68867
68872
68877
68880
68885
68896
68897
68907
68921
68941
68943
68944
68946
68952
68996
68999
69023
69043
69051
69054
69062
69062
69068
69071
69106
69106
69112
69137
69142
69147
69148
69151
69152
69157
69164
69165
69181
69223
69228
69258
69265
69267
69279
69279
69288
69297
69304
69320
69455
69462
69484
69506
69506
69529
69543
69550
69562
69594
69595
69597
69625
69642
69642
69654
69660
69674
69676
69679
69684
69719
69735
69737
69755
69759
69761
69765
69766
69767
69774
69779
69788
69826
69835
69844
69851
69867
69887
69888
69905
69911
69914
69931
69949
69950
69952
69977
69981
69983
69986
69994
70005
70007
70038
70050
70070
70071
70073
70105
70109
70109
70133
70143
70161
70179
70183
70201
70218
70222
70235
70237
70245
70247
70256
70265
70265
70272
70279
70288
70290
70295
70304
70309
70311
70323
70344
70350
70352
70372
70375
70391
70403
70428
70440
70452
70454
70473
70476
70498
70521
70522
70529
70530
70537
70541
70549
70565
70567
70575
70592
70620
70626
70629
70637
70677
70685
70685
70695
70697
70723
70725
70730
70730
70766
70774
70778
70778
70779
70814
70824
70831
70844
70850
70892
70892
70894
70906
70911
70919
70925
70932
70964
70964
70965
70969
70970
70978
70978
70979
70990
70998
71005
71013
71013
71016
71044
71048
71050
71055
71077
71077
71086
71095
71100
71102
71104
71105
71109
71122
71123
71137
71138
71142
71143
71146
71166
71168
71220
71240
71241
71246
71250
71272
71290
71303
71335
71344
71355
71377
71397
71398
71402
71405
71405
71413
71414
71433
71439
71441
71457
71465
71469
71470
71497
71512
71512
71531
71557
71565
71579
71591
71599
71602
71616
71642
71654
71655
71656
71659
71679
71680
71694
71696
71708
71709
71752
71779
71782
71799
71825
71829
71838
71862
71870
71888
71889
71889
71899
71899
71914
71916
71917
71922
71926
71959
71962
71987
71990
72002
72004
72005
72016
72030
72041
72049
72078
72081
72086
72116
72140
72152
72156
72158
72180
72201
72204
72213
72221
72251
72258
72265
72283
72293
72294
72305
72331
72346
72348
72366
72374
72385
72388
72391
72394
72399
72399
72400
72412
72418
72433
72443
72445
72452
72461
72466
72472
72478
72496
72515
72518
72518
72518
72531
72532
72558
72585
72590
72608
72613
72625
72628
72645
72645
72668
72668
72677
72706
72713
72731
72749
72750
72752
72775
72809
72815
72845
72868
72870
72871
72875
72875
72880
72890
72921
72922
72923
72924
72959
72963
72965
72975
72986
72990
73000
73003
73016
73018
73023
73024
73024
73024
73030
73038
73039
73050
73064
73095
73101
73101
73109
73116
73142
73150
73156
73156
73167
73169
73202
73209
73209
73214
73230
73241
73241
73242
73247
73249
73268
73302
73307
73310
73336
73343
73349
73377
73384
73396
73398
73400
73413
73419
73422
73433
73445
73450
73480
73481
73517
73519
73520
73521
73530
73538
73547
73553
73560
73565
73587
73600
73638
73645
73648
73648
73677
73686
73719
73734
73739
73754
73779
73807
73808
73810
73812
73815
73824
73828
73838
73852
73861
73867
73884
73898
73902
73913
73925
73948
73955
73973
74010
74029
74042
74052
74054
74054
74057
74069
74084
74085
74085
74098
74099
74128
74140
74141
74143
74145
74182
74192
74227
74253
74253
74254
74266
74266
74268
74294
74302
74304
74307
74309
74330
74337
74354
74358
74359
74360
74370
74399
74411
74413
74431
74443
74455
74469
74470
74486
74502
74515
74518
74524
74529
74558
74573
74581
74593
74595
74599
74605
74614
74635
74638
74640
74648
74650
74663
74666
74709
74747
74762
74762
74765
74769
74772
74777
74792
74819
74821
74831
74846
74846
74890
74892
74901
74905
74930
74931
74940
74954
74960
74968
74970
74973
74975
74976
74984
74990
74994
74999
75000
75010
75039
75056
75064
75071
75075
75077
75079
75081
75095
75102
75105
75112
75116
75128
75129
75131
75145
75151
75155
75157
75165
75170
75172
75198
75212
75223
75228
75234
75239
75246
75258
75262
75266
75271
75274
75276
75290
75310
75318
75346
75382
75398
75411
75438
75443
75446
75473
75476
75486
75490
75516
75517
75564
75588
75592
75603
75604
75606
75615
75620
75622
75640
75651
75694
75712
75720
75737
75737
75743
75761
75761
75765
75766
75782
75787
75789
75796
75825
75831
75860
75867
75879
75885
75900
75918
75919
75938
75952
75957
75964
75968
75995
76001
76009
76020
76021
76028
76035
76042
76056
76064
76068
76102
76110
76116
76129
76141
76162
76197
76210
76212
76216
76246
76252
76256
76286
76298
76299
76301
76332
76347
76356
76361
76362
76371
76377
76394
76399
76406
76412
76422
76425
76433
76433
76448
76449
76462
76481
76530
76537
76542
76543
76548
76551
76558
76566
76576
76578
76579
76598
76601
76617
76619
76641
76651
76654
76667
76684
76684
76693
76694
76698
76702
76710
76731
76734
76749
76751
76756
76759
76781
76806
76816
76825
76827
76830
76841
76845
76848
76849
76886
76891
76901
76917
76924
76925
76971
76981
76987
76988
77007
77008
77017
77028
77035
77050
77057
77068
77092
77101
77115
77119
77125
77132
77150
77173
77175
77190
77191
77192
77203
77206
77207
77207
77210
77218
77233
77254
77259
77263
77290
77294
77309
77310
77317
77319
77323
77325
77328
77343
77357
77359
77366
77370
77380
77383
77408
77455
77473
77473
77484
77505
77509
77541
77542
77548
77585
77634
77638
77648
77699
77713
77717
77728
77757
77761
77764
77778
77809
77813
77852
77877
77883
77916
77918
77921
77937
77960
77973
77980
77991
77995
78009
78012
78034
78036
78045
78046
78049
78050
78052
78076
78080
78086
78090
78093
78100
78110
78140
78161
78163
78178
78185
78185
78187
78218
78234
78236
78248
78253
78259
78269
78273
78322
78338
78369
78377
78393
78402
78403
78404
78409
78411
78425
78442
78442
78449
78458
78458
78465
78468
78479
78480
78488
78492
78499
78505
78513
78524
78529
78557
78564
78582
78583
78588
78596
78614
78620
78638
78648
78669
78674
78679
78695
78732
78736
78756
78795
78806
78809
78832
78837
78844
78851
78863
78865
78906
78920
78920
78956
78976
78980
78997
79002
79030
79037
79058
79069
79078
79099
79104
79113
79130
79141
79148
79154
79156
79172
79179
79182
79184
79202
79214
79223
79223
79229
79232
79250
79252
79266
79267
79267
79272
79282
79290
79295
79306
79308
79310
79312
79315
79317
79319
79320
79326
79335
79343
79433
79447
79467
79470
79482
79483
79496
79497
79500
79507
79510
79525
79526
79532
79532
79535
79542
79549
79554
79577
79591
79594
79596
79598
79631
79639
79641
79652
79663
79664
79668
79686
79696
79702
79704
79705
79714
79722
79740
79755
79757
79758
79761
79761
79765
79777
79816
79823
79833
79843
79879
79880
79885
79887
79893
79899
79901
79918
79926
79936
79944
79959
79979
79983
79990
80019
80020
80021
80021
80051
80052
80053
80060
80061
80070
80072
80075
80075
80081
80081
80113
80129
80136
80147
80149
80177
80180
80192
80250
80250
80256
80274
80304
80329
80329
80335
80344
80372
80393
80403
80419
80434
80447
80459
80472
80475
80478
80481
80488
80493
80496
80516
80554
80559
80579
80582
80594
80595
80599
80600
80603
80621
80622
80636
80654
80664
80693
80697
80705
80712
80715
80728
80732
80744
80763
80773
80781
80785
80792
80811
80814
80841
80871
80899
80934
80945
80953
80958
80970
80978
80987
80994
81026
81032
81033
81033
81043
81058
81063
81076
81077
81102
81121
81127
81143
81148
81162
81170
81174
81196
81198
81199
81211
81212
81213
81224
81225
81261
81274
81296
81301
81314
81320
81322
81326
81327
81328
81346
81352
81368
81368
81371
81389
81394
81408
81432
81434
81444
81500
81505
81514
81522
81550
81559
81562
81564
81568
81575
81584
81585
81592
81603
81620
81632
81636
81637
81645
81647
81666
81670
81676
81700
81731
81741
81743
81755
81776
81779
81795
81798
81798
81806
81808
81827
81843
81859
81868
81883
81888
81901
81915
81917
81930
81950
81959
81978
81980
82007
82022
82025
82045
82046
82065
82065
82068
82075
82091
82093
82093
82118
82122
82135
82147
82151
82164
82170
82179
82184
82185
82188
82196
82204
82210
82211
82214
82218
82221
82221
82227
82233
82275
82297
82300
82306
82317
82343
82344
82370
82375
82389
82390
82391
82404
82404
82407
82423
82441
82445
82446
82452
82456
82456
82477
82546
82565
82573
82574
82588
82602
82621
82640
82649
82661
82667
82676
82677
82704
82708
82713
82717
82735
82761
82786
82816
82844
82849
82865
82870
82878
82882
82888
82891
82913
82916
82920
82947
82948
82952
82954
82960
82963
82969
82971
82997
83009
83012
83012
83018
83024
83042
83048
83072
83072
83077
83082
83093
83146
83149
83159
83159
83165
83167
83182
83202
83232
83238
83258
83281
83284
83284
83285
83288
83308
83311
83317
83329
83331
83333
83340
83341
83344
83359
83360
83374
83412
83412
83415
83416
83417
83424
83424
83435
83447
83450
83456
83485
83487
83491
83495
83500
83528
83539
83553
83560
83567
83589
83591
83591
83600
83611
83661
83670
83694
83703
83705
83730
83739
83756
83757
83757
83763
83775
83776
83779
83800
83816
83826
83835
83854
83888
83888
83896
83897
83903
83928
83934
83938
83941
83943
83945
83967
83971
83986
83994
84005
84010
84010
84017
84019
84026
84036
84040
84043
84047
84056
84071
84071
84079
84100
84109
84111
84122
84124
84142
84149
84181
84215
84217
84228
84234
84257
84259
84262
84269
84270
84273
84277
84278
84283
84283
84285
84286
84314
84322
84332
84336
84338
84339
84343
84347
84369
84371
84373
84384
84392
84395
84409
84415
84426
84429
84429
84429
84430
84436
84463
84464
84482
84486
84490
84504
84524
84537
84557
84617
84619
84628
84641
84651
84675
84678
84684
84685
84697
84706
84708
84715
84720
84732
84733
84735
84743
84762
84762
84765
84796
84819
84839
84847
84848
84856
84864
84865
84888
84901
84902
84910
84913
84915
84918
84932
84941
84942
84950
84958
84968
84976
84984
84992
85002
85023
85030
85059
85070
85113
85148
85153
85159
85161
85163
85175
85183
85184
85191
85191
85212
85213
85225
85233
85291
85292
85296
85301
85305
85308
85332
85332
85347
85350
85353
85373
85377
85382
85405
85410
85440
85452
85453
85478
85487
85492
85500
85506
85520
85544
85596
85608
85608
85646
85649
85686
85693
85696
85704
85717
85752
85773
85789
85790
85803
85806
85820
85849
85850
85857
85861
85862
85887
85891
85894
85911
85911
85920
85956
85982
85983
85992
85992
85999
86013
86015
86022
86062
86085
86088
86098
86119
86128
86136
86142
86143
86154
86157
86169
86188
86203
86221
86228
86237
86246
86260
86267
86271
86279
86312
86356
86359
86359
86369
86382
86393
86404
86405
86409
86411
86416
86417
86439
86459
86469
86472
86507
86511
86512
86518
86530
86535
86557
86582
86591
86597
86619
86622
86627
86643
86653
86664
86675
86676
86684
86689
86701
86706
86707
86735
86745
86755
86761
86763
86778
86784
86802
86806
86807
86812
86813
86832
86838
86842
86865
86884
86895
86945
86946
86960
86968
86973
86976
86976
86980
86983
86992
87015
87021
87028
87040
87052
87060
87061
87075
87077
87090
87091
87112
87139
87147
87158
87159
87161
87176
87203
87211
87222
87224
87230
87235
87249
87263
87278
87286
87288
87301
87329
87329
87342
87350
87373
87384
87386
87396
87403
87442
87443
87449
87450
87466
87466
87468
87469
87484
87486
87492
87499
87518
87525
87529
87544
87553
87559
87596
87602
87620
87633
87634
87638
87643
87646
87646
87650
87663
87685
87689
87690
87699
87724
87728
87733
87745
87745
87763
87765
87771
87775
87780
87805
87809
87819
87829
87842
87873
87886
87936
87936
87948
87970
87989
88000
88007
88012
88027
88029
88045
88048
88051
88063
88084
88126
88127
88149
88163
88170
88179
88180
88192
88199
88205
88215
88233
88238
88240
88245
88278
88287
88289
88289
88312
88334
88335
88361
88382
88407
88421
88422
88426
88437
88440
88440
88449
88463
88464
88464
88476
88477
88484
88490
88503
88511
88526
88546
88548
88556
88570
88571
88572
88583
88586
88590
88605
88629
88633
88664
88668
88675
88683
88696
88700
88709
88719
88722
88730
88740
88742
88747
88749
88773
88776
88783
88791
88800
88818
88825
88842
88844
88862
88876
88884
88911
88964
88976
88981
88988
89008
89046
89086
89098
89124
89135
89154
89164
89171
89176
89203
89210
89213
89213
89214
89228
89233
89241
89247
89261
89300
89313
89314
89325
89331
89340
89345
89346
89348
89356
89367
89376
89378
89392
89396
89399
89414
89417
89417
89418
89421
89428
89438
89438
89464
89472
89477
89483
89486
89501
89503
89503
89512
89541
89545
89556
89578
89593
89594
89599
89601
89615
89620
89631
89651
89670
89679
89679
89694
89698
89725
89737
89743
89744
89769
89772
89773
89782
89794
89806
89829
89840
89844
89877
89880
89918
89939
89946
89974
89978
89978
89978
89992
89993
89996
89997
89997
90016
90026
90030
90036
90042
90045
90047
90076
90083
90083
90084
90085
90109
90112
90138
90157
90158
90165
90168
90174
90201
90222
90226
90248
90248
90248
90249
90253
90263
90278
90280
90284
90286
90291
90292
90298
90313
90360
90362
90371
90371
90380
90388
90397
90400
90401
90407
90434
90455
90455
90457
90458
90459
90463
90470
90500
90501
90517
90529
90530
90532
90538
90554
90557
90560
90568
90585
90588
90641
90642
90646
90650
90656
90656
90661
90662
90667
90674
90704
90745
90756
90761
90782
90784
90799
90803
90803
90803
90809
90823
90828
90831
90835
90836
90836
90838
90841
90849
90862
90881
90907
90917
90933
90953
90958
90974
90990
91008
91011
91035
91053
91055
91057
91066
91083
91097
91125
91146
91154
91156
91158
91204
91207
91209
91221
91240
91243
91246
91262
91263
91267
91269
91270
91331
91332
91356
91371
91408
91412
91419
91428
91437
91444
91449
91451
91463
91470
91480
91496
91498
91502
91514
91514
91538
91567
91573
91577
91584
91588
91608
91620
91627
91630
91641
91660
91671
91673
91676
91681
91695
91708
91712
91715
91720
91753
91758
91777
91784
91791
91815
91823
91829
91831
91841
91851
91854
91855
91867
91871
91895
91896
91900
91905
91906
91907
91908
91916
91945
91952
91979
91989
91989
92012
92027
92028
92047
92055
92060
92068
92072
92079
92087
92089
92105
92110
92114
92137
92138
92143
92149
92170
92170
92171
92179
92193
92197
92215
92218
92228
92229
92230
92235
92249
92259
92266
92269
92283
92317
92323
92336
92339
92342
92348
92349
92359
92366
92372
92383
92389
92392
92409
92411
92418
92419
92423
92426
92452
92473
92490
92505
92523
92526
92530
92532
92540
92569
92576
92584
92604
92604
92605
92622
92623
92624
92625
92626
92646
92649
92660
92705
92745
92748
92758
92767
92809
92813
92836
92838
92840
92842
92847
92848
92858
92865
92882
92884
92885
92897
92901
92917
92917
92968
92968
92971
92978
92983
92989
93006
93012
93014
93019
93030
93031
93039
93061
93087
93096
93102
93113
93116
93132
93192
93205
93231
93241
93246
93248
93283
93286
93288
93290
93311
93326
93329
93339
93380
93391
93404
93409
93412
93416
93433
93434
93447
93448
93448
93461
93463
93472
93473
93503
93532
93558
93566
93579
93580
93582
93609
93611
93615
93625
93630
93651
93655
93680
93689
93692
93694
93700
93704
93707
93730
93733
93772
93773
93779
93803
93844
93847
93863
93872
93879
93886
93901
93902
93937
93948
93951
93957
93974
93979
93985
93991
93991
93995
93996
94000
94003
94005
94005
94011
94015
94019
94021
94021
94039
94040
94044
94050
94071
94077
94080
94081
94085
94090
94100
94122
94128
94149
94150
94152
94169
94170
94180
94193
94213
94220
94235
94243
94261
94276
94286
94291
94322
94328
94332
94333
94340
94340
94357
94369
94381
94388
94414
94430
94439
94455
94460
94474
94481
94482
94483
94484
94490
94494
94494
94501
94526
94533
94534
94541
94543
94554
94557
94570
94578
94580
94587
94596
94624
94632
94632
94656
94662
94665
94682
94682
94692
94696
94703
94709
94710
94721
94726
94736
94743
94751
94752
94755
94774
94779
94788
94789
94795
94801
94808
94817
94834
94837
94860
94861
94897
94899
94910
94923
94926
94943
94953
94974
94975
94979
94996
95020
95037
95037
95041
95045
95072
95101
95107
95113
95114
95134
95146
95154
95158
95185
95197
95221
95221
95241
95254
95255
95268
95284
95285
95302
95327
95346
95372
95415
95416
95419
95440
95455
95455
95455
95464
95465
95467
95478
95478
95503
95504
95512
95513
95513
95515
95515
95516
95522
95537
95539
95544
95552
95560
95569
95586
95603
95604
95605
95605
95607
95643
95643
95644
95687
95696
95704
95706
95710
95736
95736
95779
95787
95816
95818
95819
95831
95838
95839
95840
95841
95844
95861
95874
95881
95883
95885
95886
95893
95895
95958
95965
95996
96012
96046
96049
96056
96063
96069
96086
96102
96116
96117
96146
96174
96189
96211
96214
96221
96242
96243
96249
96249
96255
96270
96277
96280
96300
96302
96331
96347
96348
96355
96363
96364
96366
96376
96385
96398
96414
96417
96421
96423
96429
96439
96440
96455
96466
96470
96475
96484
96501
96502
96526
96555
96564
96588
96622
96636
96637
96642
96656
96658
96680
96687
96697
96701
96709
96710
96730
96755
96758
96768
96781
96801
96804
96824
96828
96864
96865
96881
96890
96897
96911
96913
96941
96943
96949
96953
96963
96971
96987
97013
97017
97026
97038
97041
97049
97068
97069
97070
97102
97106
97109
97115
97118
97128
97137
97141
97146
97163
97179
97190
97196
97199
97246
97285
97300
97310
97322
97352
97360
97363
97393
97430
97436
97439
97439
97446
97467
97470
97471
97475
97500
97521
97532
97557
97580
97600
97604
97652
97653
97661
97670
97671
97676
97686
97708
97712
97726
97744
97745
97753
97756
97767
97778
97788
97802
97810
97810
97819
97823
97827
97830
97833
97833
97843
97851
97864
97867
97869
97877
97881
97890
97892
97893
97901
97913
97915
97927
97945
97947
97954
97995
98004
98010
98020
98036
98037
98046
98052
98064
98071
98077
98085
98104
98108
98111
98113
98122
98124
98143
98150
98153
98168
98171
98187
98204
98214
98219
98221
98263
98277
98290
98324
98345
98347
98349
98367
98372
98375
98390
98395
98397
98416
98418
98433
98438
98446
98454
98459
98479
98483
98503
98512
98535
98549
98574
98583
98605
98613
98631
98673
98675
98697
98706
98718
98730
98740
98757
98761
98767
98772
98812
98819
98832
98847
98851
98851
98865
98874
98885
98890
98892
98906
98916
98935
98974
98996
98996
99001
99003
99004
99028
99040
99040
99073
99073
99081
99088
99118
99122
99129
99158
99159
99166
99184
99206
99207
99210
99211
99221
99244
99248
99252
99271
99297
99298
99298
99299
99301
99328
99342
99348
99401
99402
99405
99417
99421
99429
99431
99434
99448
99450
99455
99466
99474
99486
99488
99500
99505
99508
99509
99517
99518
99526
99545
99558
99562
99564
99564
99573
99577
99584
99585
99586
99587
99625
99652
99652
99667
99675
99681
99710
99710
99713
99724
99724
99731
99737
99749
99752
99770
99773
99782
99787
99797
99807
99820
99820
99854
99863
99867
99870
99872
99875
99886
99887
99888
99907
99915
99941
99945
99981
99982
99989
99991
99992
