59890
59891
59892
59892
59892
59893
59897
59897
59898
59901
59901
59903
59904
59905
59907
59908
59908
59908
59908
59909
59909
59910
59910
59911
59913
59914
59914
59914
59916
59917
59917
59917
59918
59918
59919
59921
59921
59923
59924
59924
59925
59925
59926
59926
59926
59926
59927
59929
59930
59930
59930
59931
59932
59933
59936
59936
59936
59937
59938
59939
59939
59940
59942
59943
59943
59944
59946
59948
59948
59951
59953
59954
59954
59956
59959
59959
59961
59963
59964
59964
59964
59967
59967
59967
59967
59967
59968
59969
59969
59970
59971
59972
59972
59972
59972
59972
59973
59973
59975
59975
59975
59975
59975
59975
59977
59978
59979
59980
59981
59981
59981
59982
59982
59984
59984
59985
59985
59985
59986
59988
59989
59991
59993
59994
59995
60000
60000
60003
60003
60004
60004
60005
60006
60007
60009
60010
60011
60013
60014
60015
60016
60016
60016
60018
60018
60019
60019
60020
60020
60021
60022
60023
60024
60024
60025
60025
60027
60027
60028
60029
60030
60031
60034
60035
60036
60037
60037
60037
60037
60037
60038
60039
60040
60042
60044
60044
60045
60045
60046
60047
60048
60048
60048
60050
60054
60056
60056
60057
60057
60057
60061
60062
60064
60064
60065
60066
60066
60068
60074
60074
60074
60076
60077
60079
60079
60080
60080
60081
60081
60083
60084
60085
60086
60087
60089
60090
60091
60096
60096
60097
60097
60099
60101
60102
60103
60107
60108
60109
60109
60110
60110
60111
60112
60113
60114
60114
60117
60118
60118
60120
60121
60123
60124
60124
60124
60125
60125
60126
60128
60128
60130
60131
60132
60132
60134
60135
60136
60138
60138
60139
60139
60140
60145
60145
60148
60150
60151
60151
60152
60154
60154
60154
60157
60158
60158
60158
60159
60159
60160
60161
60162
60165
60166
60166
60166
60167
60169
60169
60169
60170
60171
60172
60172
60172
60173
60173
60174
60175
60175
60176
60176
60180
60180
60181
60182
60182
60184
60185
60187
60189
60191
60192
60193
60193
60194
60194
60196
60198
60199
60199
60200
60201
60201
60201
60202
60204
60204
60205
60205
60206
60208
60209
60211
60212
60212
60214
60215
60216
60219
60220
60222
60222
60223
60223
60225
60225
60226
60226
60226
60227
60227
60228
60233
60235
60235
60237
60238
60239
60239
60240
60240
60242
60243
60243
60244
60244
60245
60247
60247
60247
60248
60250
60251
60252
60252
60252
60254
60255
60256
60256
60258
60263
60264
60264
60264
60267
60267
60268
60272
60273
60274
60274
60275
60277
60278
60278
60281
60282
60282
60282
60284
60284
60285
60286
60286
60287
60288
60289
60290
60290
60291
60293
60293
60294
60296
60296
60297
60297
60298
60299
60299
60302
60303
60304
60304
60306
60309
60309
60309
60310
60310
60311
60312
60313
60313
60313
60313
60314
60314
60315
60316
60322
60322
60323
60324
60329
60329
60330
60330
60332
60332
60332
60332
60334
60335
60337
60339
60342
60344
60346
60346
60348
60349
60350
60350
60351
60351
60354
60355
60355
60356
60356
60357
60357
60359
60359
60361
60361
60361
60362
60362
60362
60365
60366
60368
60371
60373
60376
60376
60377
60377
60379
60379
60381
60383
60384
60385
60386
60387
60390
60390
60390
60391
60393
60393
60393
60394
60395
60395
60396
60396
60397
60397
60398
60398
60399
60399
60400
60403
60404
60406
60407
60408
60408
60410
60411
60411
60412
60413
60415
60416
60418
60420
60421
60423
60424
60426
60429
60429
60430
60430
60432
60434
60435
60436
60438
60438
60439
60441
60441
60442
60442
60442
60444
60444
60446
60447
60448
60448
60449
60450
60452
60452
60452
60452
60454
60454
60454
60456
60457
60457
60458
60459
60459
60461
60462
60463
60463
60464
60465
60465
60469
60470
60470
60470
60471
60472
60473
60473
60474
60474
60475
60476
60476
60477
60477
60477
60477
60479
60480
60480
60481
60481
60482
60483
60484
60485
60486
60486
60488
60491
60492
60492
60495
60496
60497
60498
60498
60500
60500
60500
60501
60502
60503
60503
60504
60504
60506
60507
60507
60508
60509
60510
60510
60510
60510
60513
60514
60514
60514
60516
60517
60517
60517
60520
60520
60520
60521
60522
60523
60523
60524
60524
60524
60524
60526
60528
60529
60530
60530
60530
60531
60531
60533
60536
60539
60540
60540
60540
60541
60541
60541
60541
60542
60543
60543
60544
60544
60545
60545
60546
60549
60550
60550
60554
60555
60556
60556
60557
60558
60560
60560
60564
60568
60568
60569
60570
60570
60571
60572
60573
60574
60575
60576
60579
60580
60580
60580
60580
60581
60583
60584
60585
60587
60589
60589
60589
60590
60590
60590
60591
60592
60593
60594
60594
60595
60596
60596
60597
60597
60598
60598
60598
60603
60606
60610
60610
60612
60612
60613
60613
60615
60617
60617
60619
60621
60621
60626
60627
60628
60629
60629
60630
60631
60631
60632
60633
60634
60634
60635
60635
60635
60636
60637
60637
60638
60638
60641
60643
60647
60649
60649
60651
60652
60652
60655
60656
60658
60658
60660
60661
60661
60662
60662
60662
60663
60664
60664
60665
60665
60666
60666
60669
60670
60670
60671
60671
60672
60672
60673
60675
60675
60675
60676
60677
60677
60677
60678
60679
60683
60683
60685
60686
60687
60688
60688
60690
60690
60694
60695
60695
60695
60697
60697
60701
60701
60702
60703
60704
60704
60704
60706
60706
60707
60708
60709
60709
60709
60709
60710
60711
60713
60713
60715
60716
60717
60717
60718
60719
60719
60719
60720
60720
60721
60721
60722
60722
60723
60723
60723
60725
60726
60727
60730
60730
60730
60730
60731
60732
60732
60735
60736
60737
60737
60737
60738
60739
60739
60741
60744
60745
60745
60746
60748
60749
60750
60751
60752
60752
60753
60754
60754
60754
60755
60756
60757
60758
60759
60759
60760
60760
60760
60761
60762
60762
60762
60763
60764
60765
60768
60769
60769
60769
60770
60770
60770
60772
60773
60773
60774
60774
60775
60775
60775
60776
60777
60777
60777
60778
60778
60778
60778
60778
60778
60779
60780
60782
60783
60784
60784
60785
60785
60787
60787
60788
60789
60789
60789
60789
60791
60792
60792
60792
60793
60795
60796
60796
60796
60797
60801
60801
60802
60802
60803
60803
60803
60803
60804
60804
60805
60805
60810
60810
60811
60813
60813
60813
60814
60814
60816
60817
60818
60818
60819
60820
60820
60821
60822
60823
60826
60826
60828
60828
60828
60829
60832
60836
60837
60838
60839
60840
60842
60842
60843
60844
60844
60845
60845
60846
60846
60846
60848
60849
60851
60851
60851
60851
60852
60852
60853
60853
60854
60854
60855
60855
60858
60862
60862
60862
60863
60863
60863
60864
60864
60865
60865
60865
60869
60870
60872
60872
60873
60873
60874
60875
60875
60877
60880
60881
60881
60882
60885
60885
60886
60887
60887
60888
60889
60890
60891
60892
60892
60893
60894
60895
60898
60898
60898
60899
60899
60900
60901
60902
60903
60903
60903
60904
60906
60906
60907
60908
60910
60912
60915
60915
60917
60917
60918
60918
60919
60919
60920
60921
60925
60926
60926
60926
60927
60929
60929
60930
60932
60932
60934
60934
60935
60935
60936
60938
60939
60940
60941
60941
60942
60943
60944
60944
60944
60944
60946
60946
60946
60947
60948
60949
60950
60950
60950
60951
60951
60951
60953
60953
60954
60954
60955
60956
60956
60957
60957
60958
60959
60959
60960
60962
60962
60962
60964
60965
60966
60967
60967
60968
60968
60969
60969
60969
60970
60970
60972
60973
60973
60974
60974
60975
60975
60975
60975
60976
60976
60977
60978
60979
60980
60980
60982
60983
60984
60985
60985
60987
60992
60993
60994
60998
60998
60999
61000
61002
61003
61005
61006
61007
61008
61008
61008
61010
61011
61011
61012
61012
61014
61016
61016
61017
61018
61018
61019
61020
61020
61020
61022
61022
61024
61026
61028
61029
61033
61034
61036
61036
61036
61037
61038
61039
61039
61042
61043
61045
61045
61045
61046
61048
61048
61050
61051
61051
61052
61053
61053
61054
61054
61055
61056
61056
61057
61062
61063
61063
61063
61065
61067
61067
61069
61070
61071
61071
61074
61078
61078
61079
61081
61082
61082
61086
61088
61089
61090
61091
61092
61092
61094
61095
61096
61097
61097
61097
61098
61099
61099
61099
61099
61099
61100
61101
61102
61103
61104
61106
61108
61108
61108
61109
61110
61111
61111
61111
61111
61112
61112
61112
61113
61113
61113
61117
61117
61118
61118
61118
61120
61121
61121
61121
61123
61123
61124
61124
61124
61125
61126
61126
61129
61130
61131
61132
61135
61137
61141
61142
61143
61144
61144
61144
61145
61145
61146
61148
61149
61149
61150
61150
61150
61151
61152
61152
61153
61155
61157
61157
61158
61158
61160
61160
61160
61161
61162
61163
61163
61163
61164
61164
61165
61166
61167
61169
61169
61169
61169
61170
61170
61171
61174
61174
61176
61176
61177
61178
61180
61180
61182
61183
61184
61188
61192
61194
61194
61194
61195
61196
61197
61198
61200
61200
61202
61202
61203
61203
61204
61204
61206
61207
61207
61207
61208
61209
61210
61211
61211
61213
61213
61213
61216
61216
61220
61220
61223
61225
61225
61225
61229
61229
61232
61234
61235
61235
61236
61236
61237
61238
61239
61240
61242
61246
61246
61250
61252
61252
61252
61253
61253
61253
61254
61255
61255
61256
61256
61258
61259
61261
61261
61263
61266
61269
61271
61272
61272
61272
61272
61273
61274
61274
61274
61276
61276
61277
61278
61278
61279
61279
61281
61283
61284
61285
61288
61288
61290
61292
61293
61293
61293
61293
61294
61295
61296
61299
61299
61299
61301
61302
61303
61303
61307
61307
61307
61309
61309
61310
61312
61313
61315
61315
61316
61316
61318
61319
61320
61322
61322
61323
61324
61325
61325
61326
61329
61330
61330
61331
61331
61331
61335
61335
61337
61337
61339
61343
61345
61345
61346
61346
61347
61349
61349
61350
61351
61352
61353
61354
61354
61355
61356
61356
61359
61359
61359
61361
61362
61364
61366
61366
61367
61367
61368
61369
61369
61371
61372
61373
61374
61375
61375
61376
61376
61377
61377
61378
61379
61379
61381
61382
61382
61385
61385
61386
61387
61388
61388
61389
61389
61390
61390
61391
61392
61393
61394
61395
61396
61397
61401
61402
61402
61403
61405
61406
61406
61406
61408
61409
61410
61414
61414
61417
61417
61417
61418
61418
61419
61419
61421
61421
61422
61425
61426
61426
61429
61429
61432
61433
61435
61436
61438
61442
61442
61443
61443
61444
61445
61445
61446
61448
61448
61450
61451
61451
61452
61454
61456
61458
61458
61461
61462
61465
61468
61469
61469
61470
61472
61472
61473
61474
61475
61477
61477
61481
61482
61482
61483
61484
61490
61490
61490
61490
61492
61494
61494
61495
61496
61496
61496
61498
61500
61500
61501
61501
61503
61505
61506
61506
61507
61507
61508
61510
61510
61510
61512
61512
61513
61514
61514
61517
61518
61519
61520
61520
61524
61524
61524
61524
61525
61526
61526
61527
61531
61532
61534
61534
61535
61536
61536
61539
61539
61539
61539
61539
61541
61542
61542
61543
61546
61546
61548
61548
61548
61549
61549
61549
61550
61550
61550
61551
61552
61555
61557
61558
61560
61560
61561
61561
61563
61563
61563
61563
61564
61564
61565
61567
61568
61568
61569
61570
61571
61573
61574
61576
61577
61577
61578
61578
61579
61579
61579
61585
61585
61588
61590
61590
61591
61592
61597
61598
61598
61598
61600
61601
61601
61602
61602
61604
61607
61607
61607
61607
61608
61609
61610
61611
61613
61613
61614
61617
61617
61618
61618
61619
61620
61621
61623
61624
61624
61624
61624
61624
61625
61625
61625
61625
61626
61626
61627
61628
61628
61629
61633
61634
61634
61635
61637
61638
61638
61641
61642
61643
61643
61643
61644
61646
61647
61648
61648
61648
61649
61649
61650
61653
61655
61655
61656
61656
61658
61658
61659
61660
61660
61661
61661
61662
61664
61668
61670
61672
61672
61674
61676
61678
61678
61679
61680
61681
61682
61682
61684
61685
61685
61687
61688
61688
61688
61689
61691
61693
61693
61694
61695
61696
61698
61698
61699
61699
61700
61703
61703
61705
61709
61710
61711
61713
61714
61715
61715
61717
61717
61717
61718
61718
61720
61720
61720
61721
61722
61724
61724
61725
61726
61727
61727
61727
61728
61728
61728
61730
61732
61733
61733
61733
61734
61734
61736
61736
61741
61741
61742
61742
61744
61745
61745
61746
61746
61747
61748
61750
61750
61752
61753
61753
61757
61757
61759
61759
61760
61761
61762
61763
61763
61763
61764
61764
61764
61765
61765
61765
61766
61768
61768
61769
61770
61771
61772
61772
61773
61778
61778
61779
61779
61781
61782
61783
61784
61784
61785
61785
61785
61786
61787
61787
61787
61788
61788
61789
61789
61789
61791
61791
61792
61794
61795
61796
61797
61797
61799
61801
61801
61802
61803
61806
61806
61807
61808
61809
61810
61811
61813
61814
61815
61815
61816
61816
61817
61817
61818
61818
61819
61820
61821
61821
61822
61823
61826
61826
61826
61827
61830
61830
61832
61834
61837
61838
61839
61840
61840
61845
61846
61846
61846
61847
61847
61850
61850
61850
61851
61852
61855
61855
61856
61858
61858
61859
61859
61861
61862
61863
61863
61865
61866
61867
61867
61868
61868
61868
61868
61869
61870
61870
61870
61870
61871
61871
61871
61872
61873
61873
61873
61874
61874
61875
61875
61878
61879
61880
61881
61883
61884
61884
61886
61887
61887
61888
61889
61891
61892
61899
61900
61901
61902
61904
61904
61904
61904
61905
61906
61909
61910
61910
61910
61911
61911
61911
61911
61914
61914
61915
61915
61915
61917
61917
61920
61922
61922
61924
61928
61928
61929
61929
61931
61931
61931
61932
61933
61933
61934
61934
61935
61937
61938
61939
61941
61941
61942
61942
61943
61944
61944
61945
61945
61945
61948
61949
61950
61950
61951
61951
61953
61953
61955
61955
61955
61957
61959
61959
61959
61961
61963
61965
61965
61965
61966
61967
61969
61972
61972
61972
61977
61978
61978
61979
61981
61981
61982
61984
61984
61984
61985
61985
61989
61991
61994
61997
61998
61998
61998
62001
62001
62003
62004
62006
62006
62007
62008
62008
62008
62010
62011
62012
62013
62014
62018
62019
62019
62020
62020
62020
62021
62022
62022
62025
62027
62027
62028
62029
62029
62030
62031
62031
62032
62033
62035
62035
62036
62036
62037
62038
62040
62041
62042
62043
62044
62045
62045
62046
62047
62047
62048
62048
62048
62052
62053
62053
62053
62054
62057
62060
62061
62061
62061
62062
62064
62064
62065
62065
62066
62066
62066
62067
62067
62067
62071
62074
62075
62075
62075
62077
62078
62081
62082
62084
62085
62087
62087
62087
62087
62090
62090
62091
62091
62091
62091
62094
62096
62097
62097
62098
62098
62099
62099
62099
62099
62099
62100
62100
62102
62102
62103
62103
62104
62105
62108
62109
62109
62112
62114
62115
62117
62117
62117
62117
62118
62118
62118
62118
62118
62122
62122
62124
62125
62125
62125
62126
62126
62128
62128
62129
62129
62129
62131
62131
62131
62135
62135
62135
62136
62137
62137
62139
62140
62141
62142
62142
62145
62146
62148
62150
62150
62150
62150
62151
62151
62152
62152
62152
62155
62156
62156
62157
62158
62159
62159
62163
62165
62165
62165
62165
62170
62172
62172
62175
62177
62179
62181
62181
62181
62183
62185
62185
62186
62187
62187
62189
62189
62190
62191
62191
62192
62192
62193
62195
62197
62197
62199
62202
62202
62204
62206
62206
62206
62207
62207
62208
62208
62209
62210
62211
62212
62212
62213
62214
62215
62216
62216
62217
62217
62217
62217
62218
62218
62223
62224
62225
62226
62228
62228
62231
62231
62232
62232
62234
62235
62236
62236
62236
62236
62236
62237
62237
62238
62240
62240
62241
62241
62244
62245
62246
62248
62248
62252
62254
62254
62254
62255
62255
62258
62258
62259
62262
62262
62262
62263
62264
62265
62266
62267
62271
62271
62272
62272
62274
62274
62275
62275
62276
62276
62277
62277
62277
62278
62281
62282
62282
62282
62285
62286
62289
62290
62290
62292
62292
62295
62295
62296
62297
62297
62298
62298
62298
62298
62298
62298
62299
62300
62300
62301
62301
62301
62302
62305
62306
62307
62307
62307
62310
62311
62312
62313
62313
62314
62315
62317
62317
62317
62318
62318
62318
62319
62319
62321
62321
62322
62323
62324
62325
62326
62327
62328
62329
62331
62331
62333
62334
62335
62335
62335
62336
62336
62339
62339
62340
62341
62341
62343
62343
62344
62344
62347
62348
62350
62350
62351
62353
62354
62355
62355
62356
62357
62357
62357
62358
62360
62361
62362
62362
62364
62366
62367
62367
62368
62370
62370
62371
62372
62373
62373
62373
62375
62379
62379
62384
62386
62386
62389
62389
62391
62391
62392
62393
62399
62400
62402
62404
62405
62406
62406
62408
62409
62409
62410
62410
62411
62411
62412
62413
62414
62415
62416
62417
62421
62422
62422
62423
62423
62427
62429
62430
62431
62433
62433
62433
62435
62437
62438
62439
62439
62440
62441
62441
62442
62442
62443
62447
62447
62449
62449
62453
62454
62454
62454
62455
62457
62459
62460
62461
62462
62463
62463
62463
62464
62465
62465
62465
62465
62467
62468
62468
62469
62469
62469
62470
62470
62472
62472
62472
62473
62473
62474
62474
62475
62475
62478
62478
62480
62481
62482
62484
62485
62488
62488
62490
62492
62493
62494
62494
62495
62498
62499
62499
62500
62501
62502
62502
62504
62505
62506
62507
62508
62509
62509
62510
62510
62511
62513
62516
62516
62517
62519
62519
62523
62528
62529
62531
62531
62533
62533
62534
62535
62536
62537
62538
62539
62539
62540
62540
62541
62542
62543
62545
62546
62546
62546
62546
62548
62553
62554
62555
62556
62556
62557
62557
62558
62559
62560
62561
62562
62562
62567
62567
62567
62569
62570
62570
62570
62571
62576
62576
62577
62578
62579
62587
62588
62589
62590
62590
62592
62592
62593
62595
62597
62597
62597
62597
62599
62599
62600
62600
62602
62604
62605
62606
62607
62609
62611
62613
62614
62614
62614
62614
62616
62620
62620
62621
62621
62625
62627
62628
62628
62628
62631
62632
62632
62633
62635
62635
62639
62641
62641
62643
62643
62643
62644
62644
62646
62648
62650
62650
62651
62654
62655
62657
62657
62657
62657
62658
62660
62661
62662
62662
62663
62663
62663
62665
62665
62666
62667
62669
62671
62671
62672
62674
62674
62674
62674
62675
62676
62677
62678
62678
62679
62679
62680
62683
62684
62685
62686
62687
62688
62690
62695
62697
62697
62698
62699
62699
62700
62700
62700
62700
62701
62703
62703
62704
62705
62706
62707
62708
62708
62708
62709
62711
62712
62714
62715
62715
62715
62716
62717
62717
62719
62719
62720
62721
62721
62722
62722
62723
62723
62724
62727
62729
62730
62730
62731
62731
62732
62732
62734
62737
62738
62738
62739
62739
62739
62740
62740
62741
62741
62742
62744
62745
62746
62746
62747
62747
62750
62753
62753
62753
62754
62757
62758
62758
62759
62760
62761
62761
62761
62765
62766
62766
62768
62769
62770
62773
62774
62775
62776
62777
62778
62779
62779
62780
62780
62781
62782
62782
62783
62783
62785
62786
62789
62789
62789
62791
62791
62792
62793
62793
62794
62795
62795
62797
62798
62800
62800
62800
62801
62803
62805
62805
62809
62809
62809
62813
62813
62814
62815
62815
62815
62815
62815
62815
62815
62815
62816
62817
62817
62817
62819
62822
62822
62823
62824
62825
62826
62827
62828
62828
62830
62831
62832
62833
62834
62835
62836
62842
62845
62848
62849
62849
62851
62852
62854
62854
62855
62855
62856
62856
62858
62859
62862
62863
62864
62865
62865
62867
62868
62868
62869
62870
62870
62871
62871
62871
62871
62872
62873
62874
62874
62875
62876
62877
62878
62880
62881
62882
62883
62885
62887
62887
62888
62888
62889
62890
62890
62891
62892
62894
62895
62895
62895
62895
62896
62896
62896
62896
62897
62899
62899
62900
62900
62903
62904
62904
62904
62905
62907
62908
62909
62910
62912
62915
62915
62915
62915
62916
62918
62919
62921
62924
62925
62926
62928
62928
62928
62929
62930
62930
62931
62933
62934
62937
62937
62937
62938
62939
62939
62940
62943
62944
62945
62945
62945
62945
62946
62951
62952
62954
62955
62955
62957
62957
62958
62958
62959
62961
62963
62965
62966
62966
62966
62967
62969
62969
62971
62973
62973
62974
62974
62978
62979
62982
62983
62984
62984
62984
62985
62985
62985
62988
62988
62988
62989
62991
62992
62992
62994
62994
62994
62996
62997
62998
63000
63002
63004
63005
63005
63006
63010
63010
63011
63011
63013
63013
63014
63014
63014
63014
63014
63015
63020
63021
63022
63022
63024
63024
63025
63026
63026
63030
63030
63030
63030
63031
63031
63031
63032
63034
63034
63035
63036
63038
63038
63038
63038
63039
63041
63042
63042
63043
63044
63045
63049
63052
63054
63054
63056
63056
63056
63056
63057
63057
63058
63059
63059
63060
63061
63061
63063
63066
63069
63070
63071
63071
63072
63073
63074
63076
63076
63077
63079
63080
63081
63081
63083
63083
63085
63086
63087
63087
63089
63092
63093
63094
63095
63097
63098
63099
63101
63102
63102
63103
63104
63105
63105
63105
63105
63106
63109
63109
63110
63112
63112
63113
63113
63115
63115
63117
63121
63123
63123
63123
63125
63125
63126
63126
63127
63129
63130
63130
63130
63130
63131
63134
63134
63137
63139
63141
63142
63143
63143
63144
63145
63145
63146
63146
63146
63147
63148
63148
63149
63150
63150
63152
63154
63154
63154
63155
63156
63157
63157
63158
63158
63160
63161
63163
63165
63165
63166
63166
63168
63169
63169
63170
63171
63172
63172
63173
63174
63174
63175
63177
63178
63178
63179
63180
63181
63181
63183
63183
63184
63188
63189
63189
63189
63190
63191
63192
63194
63195
63195
63196
63197
63199
63201
63201
63202
63202
63203
63203
63204
63204
63204
63205
63208
63209
63210
63211
63212
63212
63214
63215
63215
63218
63219
63219
63221
63221
63221
63223
63226
63226
63226
63226
63226
63227
63228
63229
63229
63230
63231
63231
63236
63237
63237
63238
63239
63240
63241
63242
63242
63243
63244
63244
63247
63248
63248
63249
63252
63253
63254
63255
63256
63256
63257
63258
63259
63262
63267
63268
63268
63269
63270
63270
63270
63270
63272
63273
63273
63275
63276
63276
63277
63278
63280
63282
63283
63283
63284
63290
63291
63292
63293
63293
63293
63295
63295
63296
63296
63297
63297
63298
63298
63299
63302
63302
63305
63306
63307
63308
63308
63311
63311
63312
63313
63314
63314
63314
63316
63317
63317
63317
63318
63318
63318
63320
63321
63322
63322
63323
63323
63323
63324
63325
63326
63326
63330
63331
63331
63331
63331
63333
63333
63334
63334
63335
63336
63336
63342
63342
63343
63344
63345
63346
63346
63349
63351
63354
63354
63357
63361
63361
63361
63362
63365
63366
63366
63366
63367
63368
63370
63371
63373
63373
63374
63375
63375
63378
63379
63379
63380
63382
63383
63385
63385
63385
63385
63386
63387
63387
63387
63388
63389
63390
63392
63392
63394
63395
63396
63399
63399
63402
63402
63406
63407
63409
63409
63412
63413
63413
63416
63416
63418
63418
63419
63420
63420
63420
63421
63423
63423
63424
63424
63427
63430
63431
63433
63433
63433
63433
63434
63434
63434
63435
63436
63437
63438
63438
63438
63438
63440
63441
63442
63443
63444
63444
63445
63448
63450
63450
63450
63453
63454
63455
63456
63458
63459
63460
63462
63463
63466
63467
63467
63470
63471
63472
63472
63474
63474
63475
63477
63477
63478
63478
63483
63485
63494
63498
63498
63499
63500
63501
63501
63501
63501
63505
63505
63505
63506
63506
63507
63510
63510
63512
63514
63515
63516
63517
63519
63519
63520
63520
63520
63523
63524
63525
63526
63527
63527
63529
63529
63529
63530
63530
63532
63533
63535
63536
63537
63537
63538
63540
63543
63545
63547
63547
63547
63548
63548
63548
63551
63551
63551
63552
63553
63554
63555
63557
63557
63558
63558
63558
63558
63559
63561
63561
63562
63563
63565
63567
63568
63568
63571
63573
63573
63574
63575
63576
63578
63580
63581
63582
63583
63585
63585
63586
63587
63588
63590
63593
63595
63596
63599
63599
63600
63600
63600
63601
63602
63603
63605
63608
63609
63613
63613
63614
63615
63621
63621
63622
63624
63625
63626
63627
63628
63629
63630
63631
63631
63631
63633
63634
63634
63635
63637
63637
63638
63639
63639
63639
63641
63642
63642
63643
63643
63644
63645
63645
63646
63646
63650
63650
63651
63651
63651
63651
63653
63653
63654
63658
63660
63662
63662
63663
63663
63664
63666
63666
63666
63667
63670
63672
63672
63674
63675
63676
63676
63676
63677
63677
63679
63680
63680
63680
63682
63682
63687
63688
63689
63689
63690
63690
63690
63691
63691
63691
63692
63693
63693
63694
63695
63696
63697
63697
63698
63699
63701
63704
63706
63708
63709
63709
63710
63710
63711
63712
63713
63713
63714
63714
63716
63717
63717
63718
63720
63720
63722
63722
63723
63724
63725
63725
63730
63731
63733
63733
63734
63734
63734
63734
63735
63736
63737
63738
63739
63739
63740
63742
63742
63744
63745
63746
63746
63746
63749
63750
63751
63752
63752
63753
63757
63758
63760
63761
63761
63761
63761
63762
63763
63764
63765
63768
63769
63772
63773
63773
63773
63774
63774
63779
63780
63780
63782
63782
63784
63785
63785
63785
63787
63787
63788
63788
63790
63791
63792
63793
63794
63794
63795
63795
63797
63798
63800
63804
63804
63806
63807
63809
63810
63811
63812
63812
63814
63818
63820
63820
63821
63822
63822
63822
63822
63822
63824
63827
63827
63828
63829
63829
63831
63832
63833
63834
63835
63835
63836
63836
63836
63837
63838
63839
63839
63842
63842
63842
63843
63843
63844
63845
63845
63845
63845
63846
63848
63850
63850
63853
63854
63854
63856
63856
63858
63858
63859
63861
63864
63864
63865
63865
63865
63867
63867
63873
63873
63874
63874
63874
63876
63876
63882
63884
63885
63885
63885
63886
63889
63890
63890
63891
63891
63891
63895
63896
63897
63897
63900
63901
63901
63901
63902
63902
63902
63903
63904
63905
63906
63906
63907
63907
63908
63910
63912
63912
63913
63914
63914
63915
63917
63918
63918
63921
63922
63923
63923
63925
63926
63926
63928
63928
63928
63930
63932
63933
63934
63934
63935
63935
63937
63937
63938
63939
63940
63942
63944
63944
63945
63946
63947
63947
63948
63948
63950
63952
63952
63954
63954
63954
63955
63955
63960
63962
63962
63964
63966
63967
63967
63967
63968
63969
63969
63969
63969
63970
63971
63971
63973
63974
63976
63977
63978
63978
63979
63982
63983
63987
63988
63988
63989
63993
63993
63993
63994
63995
63997
63998
63999
64001
64002
64002
64004
64004
64005
64006
64011
64014
64016
64016
64017
64019
64020
64020
64023
64026
64026
64027
64028
64030
64030
64031
64034
64039
64039
64039
64039
64041
64041
64046
64046
64046
64046
64048
64048
64048
64049
64052
64053
64053
64056
64056
64058
64059
64060
64060
64061
64061
64062
64063
64066
64067
64067
64069
64069
64070
64070
64070
64071
64072
64072
64073
64074
64074
64074
64076
64077
64080
64080
64082
64083
64083
64084
64084
64085
64085
64086
64087
64088
64089
64089
64089
64090
64091
64092
64093
64095
64095
64097
64100
64103
64103
64103
64103
64104
64105
64105
64106
64106
64107
64110
64111
64113
64114
64115
64116
64117
64117
64118
64118
64118
64119
64120
64120
64122
64124
64125
64126
64128
64129
64129
64129
64130
64130
64130
64131
64134
64136
64136
64136
64136
64137
64140
64140
64140
64141
64142
64143
64144
64144
64145
64146
64148
64148
64149
64151
64151
64152
64152
64154
64155
64157
64157
64157
64158
64159
64159
64159
64159
64160
64160
64161
64162
64163
64163
64163
64163
64164
64165
64166
64166
64166
64166
64168
64169
64170
64171
64171
64171
64173
64175
64176
64177
64177
64177
64177
64178
64178
64179
64179
64179
64179
64180
64185
64187
64187
64188
64190
64190
64191
64192
64192
64193
64193
64195
64201
64201
64203
64204
64204
64206
64206
64207
64208
64209
64215
64217
64218
64221
64221
64221
64222
64222
64222
64222
64222
64224
64224
64225
64226
64229
64229
64229
64233
64234
64238
64239
64239
64240
64241
64244
64245
64247
64250
64251
64251
64251
64252
64254
64254
64256
64256
64257
64258
64262
64263
64264
64265
64266
64266
64267
64267
64269
64271
64272
64273
64276
64276
64277
64278
64278
64278
64279
64281
64281
64281
64283
64285
64287
64288
64288
64289
64289
64290
64291
64293
64294
64295
64296
64297
64299
64302
64308
64309
64309
64310
64311
64311
64311
64311
64312
64313
64316
64317
64317
64318
64323
64324
64324
64324
64326
64327
64328
64328
64328
64329
64330
64331
64331
64332
64334
64335
64337
64337
64338
64338
64338
64338
64339
64341
64342
64343
64344
64344
64345
64347
64348
64348
64349
64349
64350
64350
64352
64353
64353
64356
64358
64358
64360
64365
64367
64367
64368
64369
64369
64370
64372
64372
64374
64375
64376
64377
64378
64379
64379
64379
64380
64380
64381
64381
64385
64386
64389
64389
64391
64392
64392
64394
64394
64402
64402
64403
64403
64404
64404
64404
64407
64408
64412
64412
64413
64415
64415
64415
64417
64417
64417
64418
64420
64420
64420
64422
64422
64422
64424
64426
64427
64428
64428
64429
64431
64433
64436
64438
64439
64439
64440
64440
64441
64441
64443
64444
64445
64446
64448
64449
64449
64450
64451
64452
64453
64454
64454
64455
64456
64456
64458
64458
64459
64459
64459
64461
64461
64462
64462
64464
64464
64465
64466
64467
64467
64468
64471
64471
64471
64472
64472
64475
64476
64479
64480
64481
64483
64484
64485
64485
64487
64489
64492
64492
64493
64493
64494
64496
64496
64498
64499
64500
64500
64501
64501
64501
64506
64506
64506
64508
64508
64509
64509
64510
64510
64511
64511
64511
64511
64511
64513
64514
64515
64516
64517
64518
64519
64519
64520
64521
64521
64521
64522
64522
64525
64527
64528
64532
64533
64534
64536
64537
64538
64538
64538
64539
64539
64542
64544
64545
64545
64546
64547
64549
64549
64549
64549
64550
64551
64552
64555
64555
64556
64558
64559
64560
64560
64561
64563
64564
64564
64565
64566
64568
64568
64569
64571
64574
64574
64576
64576
64577
64578
64578
64579
64579
64580
64580
64582
64582
64585
64585
64587
64588
64588
64590
64590
64592
64593
64593
64593
64594
64594
64595
64596
64596
64596
64599
64599
64599
64600
64600
64601
64602
64603
64603
64607
64608
64611
64612
64612
64613
64613
64613
64614
64615
64615
64617
64617
64618
64619
64620
64622
64624
64627
64628
64630
64631
64631
64633
64633
64634
64634
64637
64638
64641
64642
64643
64643
64643
64651
64651
64652
64653
64653
64654
64655
64656
64657
64658
64659
64661
64661
64661
64662
64663
64664
64665
64666
64667
64669
64670
64670
64671
64672
64672
64672
64673
64676
64676
64678
64679
64679
64679
64680
64681
64682
64683
64684
64686
64688
64688
64689
64690
64691
64692
64692
64692
64693
64693
64694
64694
64694
64695
64695
64696
64697
64697
64697
64698
64699
64704
64704
64705
64705
64711
64711
64712
64713
64716
64719
64720
64721
64722
64722
64722
64723
64724
64726
64727
64731
64732
64735
64735
64735
64736
64736
64737
64737
64739
64740
64741
64742
64743
64743
64744
64748
64749
64749
64749
64750
64750
64750
64751
64754
64755
64755
64756
64757
64757
64759
64759
64762
64762
64763
64766
64766
64767
64768
64769
64771
64772
64774
64776
64777
64777
64781
64783
64783
64784
64787
64788
64790
64792
64793
64794
64795
64795
64796
64797
64798
64799
64800
64800
64802
64802
64804
64804
64806
64806
64807
64807
64808
64810
64811
64812
64813
64813
64814
64815
64817
64817
64818
64818
64820
64820
64822
64822
64823
64824
64824
64825
64826
64826
64826
64826
64827
64827
64827
64828
64829
64830
64831
64831
64831
64833
64835
64837
64837
64839
64841
64842
64842
64843
64844
64844
64844
64845
64845
64846
64848
64850
64853
64853
64854
64855
64856
64856
64860
64862
64862
64866
64866
64869
64870
64871
64871
64871
64875
64875
64875
64876
64876
64877
64877
64878
64879
64879
64881
64883
64883
64883
64884
64885
64886
64887
64889
64890
64891
64892
64892
64892
64892
64893
64893
64895
64895
64896
64897
64897
64898
64898
64899
64901
64902
64902
64903
64903
64904
64906
64907
64909
64910
64910
64913
64914
64914
64920
64920
64920
64922
64923
64924
64924
64925
64925
64925
64926
64929
64930
64936
64936
64937
64937
64937
64938
64939
64942
64943
64944
64945
64945
64946
64946
64946
64947
64949
64949
64949
64951
64952
64954
64959
64960
64961
64961
64962
64962
64962
64963
64963
64964
64965
64967
64967
64967
64967
64968
64968
64970
64970
64972
64972
64973
64973
64974
64976
64976
64977
64979
64979
64979
64980
64980
64980
64980
64981
64981
64982
64982
64983
64984
64984
64984
64985
64986
64987
64987
64988
64988
64990
64991
64993
64993
64995
64995
64996
64996
64997
64997
64998
64998
64999
65000
65000
65002
65004
65005
65005
65006
65006
65007
65007
65008
65008
65009
65009
65009
65009
65010
65010
65011
65012
65014
65015
65016
65018
65019
65021
65021
65022
65022
65023
65024
65024
65028
65030
65031
65032
65035
65036
65036
65038
65038
65039
65040
65041
65041
65043
65043
65043
65044
65045
65046
65046
65046
65047
65047
65047
65048
65048
65048
65049
65050
65054
65055
65055
65055
65056
65059
65059
65059
65062
65063
65064
65064
65064
65064
65065
65066
65067
65068
65070
65072
65072
65072
65074
65076
65076
65078
65078
65079
65079
65080
65081
65081
65086
65087
65088
65089
65089
65091
65092
65094
65099
65100
65100
65101
65102
65103
65105
65106
65107
65108
65110
65112
65112
65113
65113
65114
65116
65116
65118
65118
65120
65121
65121
65122
65122
65124
65125
65126
65128
65129
65129
65130
65130
65131
65132
65132
65133
65134
65134
65136
65136
65138
65139
65139
65141
65144
65144
65145
65146
65146
65146
65146
65147
65147
65151
65154
65156
65157
65158
65163
65165
65167
65168
65168
65169
65171
65172
65173
65173
65173
65174
65175
65175
65176
65176
65176
65178
65182
65183
65183
65183
65184
65186
65187
65190
65194
65196
65197
65197
65199
65201
65201
65204
65204
65204
65204
65205
65206
65206
65208
65208
65208
65208
65208
65209
65211
65211
65213
65214
65216
65217
65217
65217
65218
65218
65218
65218
65220
65221
65221
65223
65224
65225
65228
65229
65229
65230
65233
65233
65234
65235
65236
65236
65239
65240
65241
65248
65251
65252
65254
65254
65255
65255
65255
65255
65255
65256
65257
65259
65259
65261
65262
65265
65265
65265
65267
65267
65269
65269
65272
65272
65272
65274
65276
65277
65278
65279
65280
65281
65282
65283
65283
65284
65285
65286
65286
65287
65287
65288
65290
65291
65291
65292
65293
65293
65295
65296
65296
65297
65298
65299
65300
65300
65301
65301
65302
65303
65303
65304
65304
65305
65305
65305
65305
65306
65306
65307
65307
65308
65308
65308
65308
65309
65310
65311
65312
65315
65317
65317
65317
65317
65319
65320
65320
65321
65322
65324
65325
65325
65326
65326
65327
65329
65329
65330
65330
65331
65332
65333
65334
65335
65335
65336
65336
65337
65338
65339
65340
65340
65341
65341
65341
65341
65341
65342
65343
65344
65345
65345
65345
65347
65347
65347
65347
65348
65350
65351
65352
65352
65354
65358
65359
65360
65361
65363
65369
65372
65373
65373
65374
65376
65378
65378
65382
65383
65383
65384
65385
65386
65388
65389
65390
65390
65390
65391
65393
65394
65395
65397
65397
65397
65398
65399
65400
65400
65401
65402
65403
65403
65403
65407
65408
65411
65411
65412
65412
65413
65414
65415
65415
65415
65416
65417
65417
65417
65421
65424
65424
65425
65425
65426
65426
65430
65430
65430
65431
65431
65434
65434
65438
65439
65442
65443
65443
65444
65444
65446
65446
65450
65450
65450
65452
65452
65454
65456
65456
65457
65457
65460
65461
65462
65463
65464
65465
65468
65468
65471
65475
65475
65476
65477
65479
65480
65484
65488
65488
65488
65490
65491
65491
65491
65493
65494
65494
65495
65495
65495
65495
65496
65497
65498
65498
65499
65499
65500
65501
65502
65502
65502
65503
65503
65505
65505
65505
65507
65508
65509
65509
65511
65512
65512
65514
65516
65516
65519
65519
65519
65519
65520
65521
65521
65522
65523
65525
65525
65526
65528
65531
65534
65536
65537
65537
65537
65538
65538
65539
65539
65540
65542
65543
65543
65544
65544
65545
65545
65547
65548
65548
65550
65550
65551
65553
65554
65556
65556
65556
65557
65557
65559
65559
65560
65564
65567
65569
65572
65572
65573
65573
65581
65583
65585
65585
65585
65585
65586
65586
65587
65588
65589
65590
65591
65591
65592
65593
65594
65595
65596
65596
65598
65599
65599
65599
65599
65600
65601
65603
65603
65604
65605
65605
65605
65606
65606
65606
65606
65606
65607
65608
65609
65611
65612
65613
65614
65618
65618
65619
65619
65621
65622
65623
65623
65624
65626
65626
65629
65630
65632
65633
65637
65639
65639
65639
65639
65640
65640
65641
65641
65643
65643
65645
65645
65647
65647
65650
65651
65651
65654
65654
65655
65656
65656
65656
65656
65657
65657
65657
65659
65661
65661
65662
65663
65666
65666
65666
65667
65668
65671
65671
65673
65674
65677
65678
65680
65680
65681
65681
65681
65682
65682
65682
65682
65683
65684
65684
65685
65686
65689
65690
65691
65692
65693
65694
65694
65694
65695
65697
65697
65698
65701
65702
65703
65705
65705
65706
65709
65709
65710
65712
65712
65714
65715
65716
65719
65720
65722
65723
65724
65725
65725
65726
65726
65727
65729
65731
65733
65734
65734
65735
65736
65737
65738
65739
65740
65740
65741
65741
65741
65742
65744
65744
65746
65746
65747
65748
65749
65749
65749
65751
65754
65755
65755
65756
65757
65757
65758
65758
65759
65760
65760
65761
65762
65765
65765
65765
65766
65766
65768
65769
65771
65772
65773
65775
65776
65781
65781
65782
65782
65784
65785
65785
65785
65786
65787
65788
65789
65791
65793
65795
65795
65795
65797
65797
65800
65801
65801
65801
65805
65805
65808
65808
65809
65809
65810
65810
65810
65811
65812
65814
65816
65816
65820
65822
65823
65823
65823
65825
65825
65826
65826
65826
65828
65829
65833
65836
65837
65837
65838
65838
65842
65843
65843
65844
65844
65845
65845
65847
65848
65848
65849
65851
65852
65853
65853
65854
65854
65854
65854
65855
65855
65856
65856
65856
65857
65859
65859
65859
65860
65862
65863
65863
65864
65865
65867
65868
65868
65868
65870
65870
65871
65872
65874
65874
65876
65878
65880
65880
65881
65883
65883
65885
65885
65888
65888
65889
65891
65892
65895
65896
65897
65899
65901
65901
65902
65902
65903
65904
65904
65905
65906
65906
65909
65910
65911
65912
65913
65914
65915
65916
65916
65918
65920
65920
65921
65922
65924
65924
65924
65925
65925
65927
65927
65928
65930
65931
65932
65936
65940
65940
65941
65944
65945
65946
65946
65947
65948
65949
65951
65952
65953
65954
65959
65959
65959
65961
65963
65963
65964
65966
65967
65967
65967
65968
65968
65969
65970
65972
65972
65974
65976
65977
65977
65977
65978
65980
65981
65981
65982
65982
65984
65985
65987
65987
65988
65992
65993
65994
65995
65995
65996
65996
65996
65997
65997
66002
66004
66004
66004
66006
66006
66006
66007
66007
66007
66008
66009
66010
66010
66010
66012
66012
66012
66013
66013
66015
66015
66016
66017
66018
66019
66019
66022
66022
66024
66024
66027
66030
66030
66031
66031
66031
66031
66032
66034
66034
66036
66036
66036
66039
66041
66042
66042
66046
66047
66049
66049
66050
66051
66052
66053
66054
66055
66055
66056
66056
66057
66058
66058
66061
66063
66066
66067
66067
66067
66067
66068
66069
66071
66072
66073
66076
66078
66078
66079
66079
66079
66081
66081
66081
66083
66085
66085
66087
66088
66088
66089
66089
66090
66090
66091
66091
66091
66094
66094
66094
66094
66094
66095
66098
66098
66098
66099
66100
66102
66102
66103
66103
66105
66106
66106
66107
66108
66110
66110
66114
66114
66115
66117
66117
66118
66121
66122
66123
66123
66126
66126
66128
66129
66129
66129
66130
66131
66132
66133
66133
66133
66135
66135
66137
66137
66138
66138
66139
66140
66140
66140
66140
66142
66143
66145
66145
66146
66148
66149
66150
66150
66151
66151
66151
66151
66152
66152
66156
66158
66158
66158
66158
66164
66164
66164
66166
66166
66167
66167
66167
66167
66168
66169
66171
66171
66172
66172
66173
66174
66174
66176
66177
66178
66178
66179
66180
66180
66184
66185
66185
66186
66188
66191
66191
66193
66195
66195
66196
66196
66197
66199
66202
66203
66203
66204
66204
66206
66209
66210
66213
66213
66214
66214
66214
66215
66216
66216
66217
66219
66219
66220
66220
66220
66220
66221
66221
66222
66222
66223
66223
66223
66225
66226
66226
66226
66227
66227
66229
66229
66229
66231
66233
66234
66235
66235
66237
66238
66238
66239
66240
66242
66244
66246
66246
66246
66247
66248
66248
66248
66249
66249
66249
66249
66250
66251
66251
66255
66256
66256
66257
66258
66263
66264
66265
66265
66266
66267
66268
66272
66273
66274
66275
66275
66276
66280
66282
66283
66283
66284
66285
66288
66290
66291
66292
66293
66296
66298
66299
66299
66299
66299
66300
66301
66302
66302
66302
66304
66305
66305
66306
66308
66308
66311
66312
66313
66313
66314
66316
66316
66317
66317
66322
66322
66323
66323
66324
66325
66325
66325
66326
66327
66328
66329
66330
66331
66332
66332
66334
66336
66336
66337
66339
66340
66340
66343
66344
66344
66347
66348
66349
66349
66350
66351
66351
66352
66353
66356
66358
66359
66360
66361
66362
66362
66362
66362
66363
66363
66364
66365
66365
66365
66367
66367
66368
66368
66370
66372
66372
66372
66372
66373
66374
66375
66375
66376
66376
66377
66379
66379
66379
66380
66384
66387
66389
66389
66390
66391
66392
66392
66393
66398
66400
66400
66401
66401
66403
66403
66405
66406
66406
66407
66407
66407
66408
66409
66410
66410
66413
66413
66413
66415
66417
66417
66417
66418
66418
66419
66419
66419
66425
66425
66427
66429
66429
66430
66431
66433
66436
66436
66442
66442
66442
66442
66442
66442
66443
66444
66445
66445
66446
66450
66451
66452
66452
66453
66455
66455
66456
66457
66457
66457
66459
66460
66464
66465
66465
66468
66468
66468
66469
66470
66471
66473
66473
66473
66475
66475
66476
66479
66479
66479
66480
66480
66481
66482
66483
66485
66485
66486
66486
66487
66488
66490
66490
66491
66492
66492
66495
66495
66498
66499
66501
66505
66506
66506
66507
66507
66508
66508
66509
66510
66511
66511
66512
66512
66514
66514
66515
66515
66517
66518
66518
66520
66521
66523
66523
66524
66524
66524
66525
66525
66527
66528
66532
66533
66537
66538
66538
66539
66541
66541
66551
66553
66554
66554
66554
66554
66555
66558
66558
66560
66561
66565
66566
66567
66568
66569
66569
66570
66572
66572
66573
66574
66575
66577
66578
66579
66579
66580
66581
66582
66583
66585
66586
66588
66590
66590
66590
66591
66595
66598
66599
66599
66604
66605
66605
66606
66607
66608
66609
66609
66609
66610
66610
66610
66611
66612
66613
66613
66614
66616
66616
66617
66618
66618
66619
66620
66622
66623
66624
66625
66626
66626
66626
66626
66632
66632
66634
66635
66636
66638
66638
66640
66640
66641
66643
66643
66644
66649
66649
66652
66652
66653
66654
66657
66657
66657
66657
66659
66659
66660
66662
66664
66665
66668
66670
66671
66671
66672
66672
66672
66672
66673
66674
66674
66674
66675
66675
66675
66676
66678
66680
66682
66683
66684
66685
66686
66688
66688
66689
66691
66692
66693
66693
66695
66696
66696
66696
66696
66698
66698
66699
66699
66699
66700
66701
66704
66706
66706
66708
66709
66709
66709
66712
66713
66714
66714
66719
66719
66722
66724
66725
66726
66726
66727
66728
66731
66733
66733
66735
66735
66736
66736
66738
66738
66742
66742
66745
66746
66747
66748
66748
66750
66750
66750
66751
66753
66753
66754
66754
66754
66755
66755
66755
66757
66762
66762
66762
66763
66764
66765
66767
66768
66769
66771
66772
66772
66774
66774
66775
66776
66776
66778
66779
66779
66780
66782
66782
66782
66783
66785
66785
66785
66786
66787
66787
66789
66791
66793
66794
66794
66794
66795
66795
66797
66798
66798
66800
66802
66802
66802
66804
66804
66804
66807
66808
66810
66811
66811
66811
66811
66812
66812
66812
66813
66813
66814
66814
66815
66815
66816
66816
66817
66817
66817
66818
66819
66819
66821
66823
66824
66825
66825
66825
66825
66827
66828
66828
66828
66829
66830
66830
66831
66832
66833
66833
66833
66834
66834
66834
66835
66835
66835
66836
66836
66836
66837
66842
66843
66844
66844
66846
66848
66848
66852
66852
66853
66853
66854
66855
66858
66859
66859
66862
66863
66864
66865
66867
66867
66868
66868
66870
66870
66872
66872
66872
66872
66873
66873
66873
66873
66874
66876
66876
66878
66879
66879
66880
66880
66882
66883
66883
66883
66883
66884
66884
66888
66888
66889
66890
66890
66891
66891
66892
66892
66893
66893
66895
66895
66895
66897
66900
66900
66900
66900
66900
66902
66902
66902
66903
66903
66903
66904
66905
66906
66911
66914
66915
66916
66916
66917
66918
66919
66920
66922
66923
66923
66923
66924
66924
66925
66925
66926
66927
66927
66928
66928
66929
66929
66930
66931
66932
66932
66932
66932
66934
66934
66935
66935
66935
66937
66941
66941
66943
66943
66944
66945
66946
66949
66950
66950
66953
66953
66954
66954
66956
66956
66959
66960
66962
66962
66963
66964
66964
66964
66965
66967
66968
66969
66969
66970
66970
66970
66970
66972
66973
66976
66978
66979
66980
66981
66983
66983
66983
66985
66987
66987
66987
66989
66989
66990
66991
66992
66992
66992
66992
66993
66994
66994
66995
66995
66997
66998
66998
67000
67000
67001
67002
67004
67004
67004
67005
67006
67007
67009
67009
67010
67011
67011
67013
67015
67015
67016
67017
67019
67019
67020
67020
67020
67023
67023
67025
67025
67025
67028
67029
67029
67030
67031
67032
67032
67034
67034
67034
67036
67037
67037
67038
67041
67042
67042
67043
67044
67045
67045
67045
67047
67047
67047
67049
67050
67051
67054
67057
67057
67057
67058
67059
67060
67062
67063
67063
67064
67065
67066
67071
67071
67071
67071
67073
67073
67074
67074
67074
67075
67075
67076
67076
67082
67082
67082
67084
67084
67084
67086
67086
67086
67087
67088
67089
67089
67090
67092
67093
67093
67093
67093
67093
67094
67094
67097
67097
67101
67103
67103
67104
67105
67105
67106
67106
67107
67109
67110
67110
67110
67111
67113
67113
67113
67113
67114
67114
67116
67118
67119
67119
67119
67119
67121
67121
67121
67127
67127
67128
67128
67130
67130
67130
67131
67131
67132
67132
67133
67133
67133
67134
67136
67137
67141
67141
67141
67142
67143
67144
67145
67145
67145
67145
67147
67147
67149
67152
67152
67153
67153
67153
67155
67155
67156
67156
67156
67156
67156
67158
67158
67158
67160
67161
67162
67164
67168
67169
67170
67172
67173
67174
67175
67176
67177
67177
67178
67178
67179
67180
67183
67184
67185
67186
67187
67187
67191
67192
67195
67195
67198
67198
67198
67198
67199
67199
67200
67200
67200
67203
67204
67206
67208
67209
67210
67210
67211
67212
67212
67213
67213
67214
67215
67216
67216
67217
67218
67218
67218
67218
67220
67220
67221
67221
67221
67221
67222
67224
67225
67225
67226
67227
67228
67229
67231
67232
67235
67235
67237
67237
67237
67238
67241
67242
67243
67244
67245
67246
67247
67247
67248
67250
67253
67255
67256
67257
67262
67263
67263
67263
67264
67267
67269
67273
67274
67274
67278
67280
67281
67282
67283
67283
67283
67285
67286
67287
67288
67289
67295
67300
67300
67300
67302
67302
67305
67305
67306
67307
67307
67309
67310
67311
67312
67312
67312
67313
67314
67315
67317
67318
67321
67323
67324
67324
67326
67326
67326
67327
67328
67331
67331
67332
67333
67333
67337
67340
67340
67341
67342
67342
67343
67343
67344
67345
67345
67346
67347
67347
67349
67351
67353
67356
67356
67356
67357
67358
67358
67362
67363
67363
67364
67365
67366
67367
67367
67368
67370
67372
67373
67373
67374
67374
67378
67378
67382
67383
67383
67383
67384
67385
67387
67388
67390
67391
67392
67392
67393
67394
67394
67394
67394
67395
67396
67396
67399
67399
67400
67400
67402
67406
67408
67408
67408
67410
67411
67412
67413
67414
67414
67414
67415
67417
67418
67420
67420
67421
67422
67422
67423
67424
67426
67426
67427
67427
67428
67428
67429
67430
67433
67434
67438
67438
67441
67442
67442
67446
67446
67447
67447
67448
67449
67449
67450
67451
67451
67455
67455
67455
67455
67457
67457
67462
67463
67465
67466
67466
67466
67467
67469
67473
67474
67475
67475
67475
67475
67475
67475
67477
67477
67478
67479
67481
67482
67483
67484
67485
67486
67488
67493
67493
67494
67497
67498
67498
67499
67502
67503
67506
67506
67506
67507
67509
67509
67513
67519
67521
67526
67527
67527
67528
67529
67531
67532
67532
67533
67534
67534
67536
67537
67538
67539
67540
67542
67543
67543
67544
67545
67545
67546
67547
67547
67549
67549
67549
67550
67551
67552
67552
67553
67553
67556
67556
67557
67557
67557
67558
67559
67559
67560
67563
67564
67565
67565
67566
67566
67567
67567
67567
67568
67568
67569
67569
67570
67571
67573
67573
67574
67574
67576
67576
67577
67577
67577
67578
67578
67582
67583
67585
67585
67587
67587
67588
67589
67589
67589
67591
67592
67592
67593
67594
67595
67598
67599
67600
67601
67602
67602
67602
67603
67603
67604
67604
67605
67606
67606
67608
67608
67609
67610
67610
67611
67611
67613
67614
67615
67615
67615
67615
67616
67616
67616
67617
67620
67621
67621
67622
67623
67624
67626
67629
67629
67631
67633
67633
67634
67634
67634
67635
67636
67637
67637
67638
67639
67642
67643
67644
67646
67646
67647
67648
67649
67650
67651
67654
67655
67660
67662
67664
67667
67668
67668
67668
67673
67673
67675
67676
67678
67679
67679
67680
67682
67682
67683
67683
67683
67684
67684
67684
67685
67688
67688
67689
67689
67690
67691
67692
67692
67692
67693
67694
67695
67696
67697
67699
67699
67699
67701
67703
67703
67704
67705
67706
67706
67706
67706
67707
67708
67708
67708
67709
67709
67711
67711
67712
67716
67717
67718
67718
67718
67718
67719
67720
67720
67721
67722
67723
67725
67726
67726
67727
67728
67729
67730
67730
67734
67735
67739
67739
67739
67739
67740
67743
67745
67746
67747
67748
67748
67748
67749
67749
67749
67751
67753
67756
67759
67759
67761
67762
67762
67764
67766
67767
67767
67767
67767
67768
67770
67771
67772
67772
67772
67773
67773
67774
67774
67774
67776
67776
67778
67780
67781
67781
67783
67785
67785
67788
67788
67788
67791
67792
67792
67793
67793
67794
67799
67799
67799
67800
67804
67804
67806
67806
67809
67809
67811
67812
67812
67813
67815
67816
67817
67818
67819
67820
67820
67820
67820
67821
67824
67824
67827
67828
67828
67828
67829
67831
67833
67834
67835
67836
67838
67839
67840
67843
67844
67845
67847
67847
67847
67848
67849
67849
67851
67853
67856
67856
67858
67860
67861
67862
67863
67864
67867
67868
67868
67871
67872
67872
67873
67873
67874
67874
67874
67875
67876
67876
67877
67878
67878
67880
67881
67881
67881
67882
67883
67885
67885
67888
67888
67888
67889
67889
67889
67889
67891
67892
67892
67892
67893
67895
67898
67898
67899
67900
67902
67902
67903
67904
67907
67907
67907
67908
67908
67909
67910
67911
67911
67911
67912
67912
67913
67914
67914
67914
67917
67918
67918
67919
67919
67920
67922
67922
67922
67922
67923
67923
67924
67924
67925
67925
67927
67927
67927
67929
67932
67932
67936
67941
67941
67942
67942
67942
67943
67944
67945
67945
67945
67946
67947
67947
67949
67949
67949
67950
67952
67952
67952
67952
67953
67953
67954
67955
67955
67956
67958
67959
67960
67961
67962
67963
67963
67963
67964
67967
67967
67967
67967
67968
67969
67969
67969
67969
67969
67971
67971
67971
67972
67973
67973
67974
67974
67974
67977
67977
67977
67978
67979
67979
67982
67985
67986
67986
67987
67988
67989
67989
67991
67992
67992
67992
67994
67995
67995
67996
67996
67999
68001
68001
68002
68002
68002
68002
68005
68005
68007
68009
68014
68015
68015
68017
68017
68018
68019
68019
68020
68020
68022
68023
68024
68027
68029
68029
68031
68031
68032
68032
68034
68035
68035
68036
68038
68038
68039
68039
68039
68039
68040
68041
68041
68044
68045
68046
68047
68049
68050
68050
68050
68052
68052
68052
68052
68053
68054
68054
68054
68055
68055
68056
68059
68059
68060
68061
68062
68062
68063
68063
68063
68064
68064
68066
68066
68066
68067
68068
68069
68070
68070
68070
68072
68075
68076
68079
68080
68080
68083
68083
68084
68084
68085
68087
68088
68088
68090
68090
68090
68092
68092
68092
68093
68093
68094
68094
68095
68096
68098
68099
68101
68102
68104
68104
68104
68104
68104
68109
68111
68111
68112
68113
68113
68115
68115
68116
68116
68118
68119
68119
68119
68120
68121
68122
68123
68123
68125
68127
68127
68127
68128
68129
68129
68130
68131
68131
68132
68132
68132
68133
68134
68135
68137
68137
68138
68138
68139
68139
68141
68142
68144
68146
68146
68146
68148
68150
68150
68151
68151
68152
68152
68154
68156
68157
68158
68158
68158
68159
68160
68162
68163
68167
68167
68169
68170
68170
68172
68172
68175
68176
68179
68179
68179
68183
68184
68185
68185
68186
68187
68188
68188
68189
68190
68191
68192
68192
68194
68194
68194
68195
68195
68198
68198
68199
68199
68200
68202
68203
68203
68204
68206
68206
68206
68206
68206
68206
68207
68207
68207
68209
68209
68210
68210
68211
68211
68215
68216
68217
68221
68221
68222
68224
68226
68226
68227
68227
68228
68230
68231
68231
68232
68234
68234
68234
68236
68237
68237
68238
68239
68239
68240
68242
68245
68245
68248
68248
68248
68249
68249
68253
68253
68254
68256
68257
68257
68257
68258
68259
68260
68260
68262
68262
68264
68265
68266
68271
68272
68273
68277
68277
68278
68280
68280
68280
68281
68282
68283
68283
68283
68284
68286
68286
68287
68287
68290
68291
68294
68294
68294
68295
68295
68296
68296
68298
68300
68300
68302
68302
68303
68304
68305
68305
68305
68306
68308
68310
68311
68312
68313
68314
68315
68316
68322
68324
68324
68325
68328
68328
68328
68332
68337
68337
68338
68339
68339
68340
68341
68343
68343
68344
68344
68346
68347
68347
68347
68348
68350
68351
68352
68352
68353
68354
68355
68356
68356
68357
68358
68358
68358
68359
68360
68361
68362
68362
68362
68363
68364
68367
68367
68368
68368
68368
68369
68369
68371
68372
68372
68373
68374
68375
68376
68377
68377
68377
68378
68379
68383
68384
68389
68390
68390
68390
68391
68391
68392
68392
68393
68393
68393
68393
68393
68394
68394
68394
68395
68396
68396
68396
68398
68398
68399
68401
68402
68403
68404
68404
68404
68405
68405
68407
68407
68408
68409
68409
68409
68410
68411
68411
68414
68414
68414
68415
68416
68417
68417
68418
68418
68419
68419
68421
68421
68421
68422
68422
68423
68423
68424
68425
68425
68426
68427
68430
68431
68432
68433
68433
68433
68434
68434
68435
68437
68437
68438
68439
68439
68442
68442
68442
68442
68443
68444
68444
68446
68447
68447
68448
68449
68452
68453
68454
68454
68454
68455
68455
68457
68457
68459
68459
68461
68465
68468
68471
68472
68474
68475
68475
68477
68478
68479
68479
68480
68480
68481
68482
68483
68483
68484
68484
68485
68486
68487
68487
68489
68489
68489
68491
68493
68494
68496
68496
68496
68498
68498
68499
68499
68500
68500
68501
68506
68506
68507
68507
68511
68512
68514
68514
68518
68520
68525
68527
68527
68528
68529
68530
68530
68531
68531
68531
68532
68532
68532
68533
68537
68538
68539
68539
68540
68541
68542
68543
68544
68544
68544
68544
68544
68545
68546
68547
68547
68548
68549
68549
68549
68550
68553
68553
68555
68555
68556
68558
68558
68558
68559
68560
68563
68564
68565
68565
68565
68567
68568
68568
68568
68568
68569
68569
68570
68572
68573
68574
68575
68577
68578
68580
68581
68584
68585
68587
68591
68592
68594
68595
68596
68596
68598
68599
68599
68600
68600
68602
68602
68602
68602
68604
68605
68606
68606
68606
68606
68607
68607
68608
68611
68614
68614
68617
68617
68618
68619
68619
68619
68619
68620
68620
68621
68621
68624
68625
68627
68628
68628
68628
68629
68631
68631
68631
68632
68632
68633
68634
68635
68639
68641
68641
68643
68643
68644
68645
68646
68646
68650
68650
68653
68655
68657
68658
68659
68661
68662
68663
68664
68665
68667
68671
68673
68673
68673
68674
68674
68676
68678
68680
68681
68682
68683
68684
68684
68686
68686
68687
68689
68689
68689
68691
68691
68691
68692
68693
68696
68699
68700
68701
68701
68702
68705
68705
68706
68706
68707
68708
68709
68711
68714
68715
68718
68723
68724
68727
68727
68728
68728
68729
68730
68730
68733
68737
68740
68743
68744
68745
68748
68749
68751
68754
68755
68757
68758
68762
68763
68764
68765
68765
68765
68766
68766
68767
68767
68767
68767
68768
68769
68770
68770
68771
68771
68772
68775
68777
68777
68778
68779
68779
68779
68780
68780
68781
68781
68783
68783
68783
68785
68785
68786
68786
68787
68787
68787
68788
68789
68791
68792
68792
68792
68793
68795
68795
68797
68799
68800
68801
68804
68806
68807
68807
68808
68808
68809
68810
68810
68810
68812
68813
68816
68816
68818
68819
68819
68820
68820
68821
68821
68821
68822
68822
68823
68824
68824
68825
68825
68826
68827
68827
68828
68829
68829
68831
68831
68831
68833
68835
68835
68835
68836
68836
68836
68837
68837
68839
68839
68839
68839
68840
68841
68841
68841
68842
68843
68843
68845
68845
68846
68848
68849
68849
68849
68849
68851
68852
68853
68853
68853
68855
68856
68857
68858
68860
68860
68861
68862
68863
68864
68865
68866
68867
68869
68871
68872
68872
68873
68876
68877
68878
68879
68879
68879
68879
68880
68881
68881
68883
68884
68884
68884
68885
68893
68893
68894
68895
68895
68896
68896
68896
68896
68897
68897
68898
68899
68899
68900
68900
68900
68900
68901
68902
68902
68902
68903
68905
68907
68909
68913
68914
68914
68917
68918
68919
68919
68920
68921
68923
68923
68925
68927
68927
68928
68930
68931
68935
68935
68937
68938
68939
68939
68941
68942
68943
68944
68946
68946
68948
68948
68949
68949
68950
68952
68954
68958
68963
68965
68967
68969
68969
68969
68970
68973
68974
68975
68976
68977
68979
68980
68981
68982
68982
68984
68985
68986
68987
68988
68989
68990
68991
68996
68996
68996
68997
68998
68999
68999
69000
69001
69001
69001
69002
69003
69003
69007
69007
69008
69011
69012
69013
69014
69014
69014
69014
69017
69018
69020
69021
69021
69023
69023
69023
69024
69025
69026
69027
69028
69033
69034
69036
69036
69039
69043
69046
69046
69047
69048
69050
69051
69051
69052
69052
69052
69054
69054
69054
69055
69056
69057
69057
69057
69058
69059
69060
69060
69060
69061
69062
69062
69063
69063
69064
69065
69068
69068
69071
69071
69071
69072
69072
69074
69075
69076
69079
69082
69082
69083
69083
69084
69086
69089
69089
69089
69091
69091
69092
69092
69093
69095
69097
69097
69098
69099
69101
69106
69106
69107
69107
69108
69108
69112
69112
69112
69113
69113
69114
69115
69115
69116
69117
69118
69121
69121
69122
69124
69124
69124
69124
69125
69126
69128
69131
69132
69132
69135
69135
69136
69137
69137
69137
69140
69141
69142
69143
69144
69146
69147
69147
69148
69148
69149
69150
69151
69152
69152
69156
69157
69159
69159
69160
69162
69162
69164
69164
69165
69166
69166
69168
69168
69168
69168
69168
69169
69171
69171
69172
69172
69173
69174
69174
69175
69176
69178
69178
69179
69181
69181
69181
69182
69183
69185
69185
69185
69188
69189
69190
69191
69191
69191
69195
69195
69197
69197
69197
69197
69199
69199
69200
69205
69206
69208
69209
69211
69211
69212
69212
69216
69216
69219
69219
69223
69223
69223
69223
69226
69226
69228
69231
69232
69233
69234
69234
69234
69234
69235
69235
69239
69240
69241
69241
69241
69247
69250
69251
69251
69252
69253
69254
69254
69255
69256
69258
69258
69258
69259
69260
69261
69261
69261
69262
69265
69266
69267
69268
69270
69271
69271
69272
69275
69275
69277
69277
69278
69278
69278
69279
69279
69279
69280
69280
69283
69283
69285
69285
69285
69286
69287
69288
69289
69290
69290
69291
69292
69292
69295
69295
69295
69296
69297
69297
69300
69301
69302
69302
69302
69303
69304
69305
69305
69307
69307
69307
69310
69310
69313
69313
69313
69314
69317
69317
69320
69320
69321
69321
69322
69323
69324
69326
69326
69328
69329
69329
69332
69332
69334
69335
69338
69341
69341
69341
69342
69342
69342
69343
69344
69345
69346
69349
69349
69349
69350
69351
69353
69353
69353
69354
69354
69355
69355
69356
69358
69359
69360
69360
69362
69362
69363
69363
69364
69372
69372
69372
69373
69373
69374
69375
69375
69375
69376
69378
69378
69379
69381
69381
69382
69382
69383
69384
69385
69388
69389
69389
69391
69392
69392
69395
69395
69398
69398
69405
69406
69407
69408
69410
69412
69412
69416
69418
69418
69419
69419
69421
69421
69422
69422
69423
69424
69424
69424
69425
69426
69426
69428
69428
69430
69435
69436
69437
69438
69438
69440
69443
69444
69445
69445
69445
69447
69448
69448
69450
69450
69451
69452
69452
69454
69455
69455
69455
69455
69456
69458
69458
69460
69460
69462
69464
69465
69467
69470
69471
69471
69471
69471
69476
69476
69476
69477
69478
69478
69479
69482
69484
69486
69486
69487
69489
69491
69492
69492
69494
69495
69495
69497
69498
69500
69500
69500
69501
69501
69503
69503
69504
69505
69505
69506
69506
69508
69509
69512
69512
69514
69514
69514
69514
69516
69518
69520
69521
69521
69521
69522
69523
69523
69524
69524
69524
69527
69528
69528
69529
69529
69530
69531
69532
69533
69533
69534
69534
69535
69536
69540
69542
69542
69543
69544
69544
69546
69547
69549
69549
69550
69550
69551
69551
69552
69552
69557
69557
69558
69561
69562
69562
69563
69564
69565
69565
69567
69569
69570
69570
69575
69575
69578
69579
69581
69581
69581
69582
69583
69584
69587
69588
69589
69590
69590
69593
69594
69594
69594
69594
69595
69595
69595
69596
69597
69598
69598
69599
69599
69600
69600
69600
69604
69607
69608
69609
69609
69610
69612
69612
69614
69615
69615
69615
69617
69617
69619
69619
69621
69622
69625
69625
69628
69628
69628
69628
69629
69629
69631
69631
69632
69632
69633
69637
69639
69639
69642
69642
69643
69643
69644
69646
69648
69649
69650
69650
69651
69651
69651
69652
69652
69653
69653
69654
69656
69656
69657
69659
69660
69660
69661
69662
69663
69665
69666
69666
69666
69671
69672
69672
69673
69673
69674
69674
69674
69675
69676
69676
69677
69677
69678
69679
69679
69680
69682
69682
69684
69684
69684
69688
69688
69692
69692
69693
69694
69694
69695
69696
69696
69696
69700
69700
69701
69701
69703
69703
69704
69704
69709
69711
69711
69712
69713
69714
69714
69714
69716
69716
69717
69719
69719
69721
69723
69724
69724
69725
69725
69725
69725
69726
69726
69728
69730
69735
69735
69735
69736
69737
69738
69738
69740
69740
69741
69741
69743
69743
69743
69744
69745
69746
69747
69748
69749
69751
69751
69751
69752
69753
69754
69754
69754
69755
69755
69757
69757
69759
69759
69761
69761
69761
69762
69762
69762
69764
69765
69766
69766
69767
69768
69770
69773
69773
69774
69774
69775
69776
69776
69777
69777
69778
69778
69778
69778
69778
69779
69779
69782
69785
69787
69788
69788
69789
69789
69789
69791
69791
69792
69792
69793
69794
69794
69795
69797
69797
69797
69798
69798
69798
69800
69801
69801
69804
69804
69806
69809
69809
69811
69812
69813
69814
69817
69818
69818
69820
69821
69822
69823
69824
69826
69826
69827
69829
69832
69833
69834
69835
69835
69836
69838
69840
69841
69842
69843
69844
69845
