19960
19960
19961
19961
19962
19963
19964
19965
19968
19969
19971
19971
19972
19974
19974
19975
19975
19977
19977
19978
19978
19978
19979
19980
19980
19981
19982
19983
19983
19983
19984
19986
19987
19988
19988
19989
19990
19993
19993
19998
19999
19999
20000
20000
20000
20001
20001
20002
20002
20005
20007
20007
20009
20010
20010
20011
20012
20013
20014
20015
20017
20018
20018
20024
20025
20026
20028
20028
20031
20031
20033
20033
20035
20037
20039
20039
20041
20041
20043
20043
20044
20044
20044
20044
20045
20048
20050
20051
20051
20051
20051
20051
20053
20054
20054
20054
20054
20056
20056
20057
20057
20058
20061
20062
20062
20063
20064
20066
20066
20067
20068
20069
20070
20070
20071
20071
20073
20074
20076
20076
20077
20079
20080
20080
20081
20081
20082
20083
20083
20084
20086
20086
20087
20087
20088
20088
20091
20092
20092
20092
20093
20093
20094
20095
20095
20098
20099
20100
20102
20104
20105
20107
20108
20108
20110
20110
20112
20112
20112
20112
20113
20114
20115
20115
20116
20116
20117
20117
20118
20119
20119
20119
20119
20120
20122
20124
20124
20125
20127
20127
20129
20132
20132
20134
20134
20134
20135
20136
20138
20138
20139
20140
20140
20141
20141
20142
20142
20142
20143
20144
20144
20144
20144
20146
20147
20147
20148
20149
20150
20153
20153
20153
20154
20154
20154
20155
20155
20155
20157
20158
20158
20160
20160
20162
20163
20164
20164
20166
20167
20169
20169
20171
20171
20171
20175
20177
20177
20179
20179
20180
20181
20181
20185
20185
20187
20188
20190
20190
20191
20191
20193
20193
20194
20194
20195
20195
20195
20195
20196
20197
20198
20201
20201
20202
20202
20204
20204
20205
20206
20206
20208
20208
20209
20209
20209
20209
20209
20210
20210
20210
20211
20211
20216
20218
20219
20221
20221
20222
20225
20225
20227
20227
20228
20228
20229
20229
20229
20231
20231
20231
20232
20234
20235
20235
20236
20236
20238
20239
20240
20241
20242
20242
20243
20245
20245
20245
20245
20247
20247
20247
20248
20249
20250
20251
20252
20252
20254
20254
20254
20256
20256
20257
20258
20259
20260
20264
20266
20267
20267
20268
20268
20269
20270
20270
20271
20272
20272
20273
20274
20276
20277
20281
20282
20283
20283
20285
20285
20285
20286
20287
20287
20288
20291
20291
20292
20293
20294
20294
20295
20295
20296
20299
20299
20300
20300
20303
20303
20306
20306
20308
20310
20310
20310
20311
20313
20314
20314
20315
20316
20317
20317
20318
20318
20319
20320
20320
20321
20321
20322
20322
20324
20324
20325
20325
20328
20328
20328
20329
20330
20330
20332
20332
20333
20333
20334
20334
20334
20334
20335
20335
20335
20335
20336
20339
20339
20341
20343
20343
20343
20343
20344
20345
20346
20347
20350
20351
20351
20352
20352
20353
20356
20356
20356
20357
20358
20361
20361
20361
20361
20362
20364
20364
20365
20366
20368
20368
20369
20369
20370
20370
20370
20375
20375
20379
20380
20380
20384
20384
20384
20384
20384
20385
20386
20388
20388
20388
20390
20390
20392
20392
20393
20393
20394
20397
20398
20400
20400
20402
20402
20403
20403
20406
20406
20406
20406
20408
20410
20410
20411
20412
20413
20413
20413
20413
20414
20414
20414
20416
20416
20416
20417
20417
20417
20419
20419
20420
20421
20422
20423
20423
20424
20425
20425
20428
20429
20429
20430
20430
20431
20431
20431
20432
20433
20434
20436
20436
20437
20437
20439
20440
20440
20442
20443
20446
20449
20449
20450
20452
20453
20453
20453
20454
20454
20455
20455
20456
20457
20457
20459
20460
20461
20462
20465
20466
20467
20467
20467
20468
20469
20470
20472
20472
20473
20474
20476
20477
20477
20479
20479
20481
20482
20482
20483
20483
20484
20485
20488
20488
20492
20492
20492
20492
20493
20494
20497
20498
20498
20500
20501
20501
20501
20502
20502
20504
20505
20506
20506
20507
20507
20507
20507
20508
20508
20509
20512
20514
20516
20518
20518
20518
20518
20518
20519
20519
20521
20521
20523
20523
20524
20526
20527
20530
20530
20532
20533
20534
20538
20538
20539
20540
20540
20544
20545
20545
20547
20547
20548
20548
20549
20549
20550
20551
20552
20553
20554
20554
20556
20557
20557
20558
20559
20561
20561
20563
20564
20566
20567
20568
20570
20571
20572
20572
20574
20575
20576
20577
20579
20580
20581
20581
20581
20582
20582
20584
20586
20586
20587
20587
20589
20590
20590
20592
20592
20592
20594
20594
20594
20594
20596
20596
20597
20597
20597
20597
20598
20599
20600
20600
20601
20601
20603
20604
20605
20606
20607
20608
20609
20609
20610
20610
20611
20611
20612
20614
20614
20616
20618
20620
20623
20624
20627
20628
20628
20635
20635
20636
20637
20639
20641
20641
20642
20643
20646
20646
20646
20646
20647
20647
20649
20651
20651
20652
20653
20655
20662
20664
20666
20667
20667
20668
20670
20670
20672
20673
20673
20675
20676
20677
20677
20678
20679
20680
20681
20681
20682
20682
20683
20683
20684
20685
20686
20688
20691
20692
20693
20693
20693
20693
20693
20693
20693
20694
20695
20695
20697
20697
20697
20698
20698
20706
20709
20710
20711
20711
20712
20712
20713
20713
20713
20713
20713
20714
20715
20717
20717
20718
20718
20718
20719
20720
20722
20723
20723
20725
20726
20728
20728
20729
20729
20729
20730
20730
20730
20731
20732
20732
20733
20734
20735
20736
20737
20738
20740
20740
20741
20742
20744
20745
20747
20749
20749
20750
20750
20751
20751
20753
20754
20755
20755
20757
20757
20760
20760
20761
20761
20762
20763
20764
20764
20764
20766
20766
20766
20771
20772
20772
20774
20776
20776
20777
20777
20778
20778
20779
20783
20784
20784
20787
20792
20793
20793
20794
20794
20794
20795
20795
20795
20796
20798
20801
20802
20802
20803
20803
20803
20804
20805
20807
20807
20808
20809
20809
20811
20812
20813
20813
20814
20815
20818
20819
20819
20821
20821
20822
20824
20825
20825
20829
20832
20832
20832
20832
20832
20837
20838
20839
20841
20841
20843
20844
20848
20849
20849
20850
20851
20852
20854
20854
20857
20858
20859
20860
20861
20864
20864
20865
20867
20867
20870
20872
20872
20872
20874
20874
20876
20878
20880
20881
20883
20883
20886
20887
20889
20889
20893
20893
20893
20895
20896
20897
20898
20899
20902
20904
20905
20906
20908
20913
20914
20915
20915
20915
20916
20917
20917
20918
20919
20920
20921
20921
20921
20922
20926
20926
20927
20928
20928
20929
20932
20933
20934
20936
20936
20936
20937
20939
20939
20940
20940
20941
20944
20946
20947
20949
20950
20950
20950
20950
20951
20953
20953
20955
20955
20957
20957
20957
20959
20960
20962
20963
20963
20963
20964
20964
20968
20970
20974
20974
20976
20979
20979
20980
20982
20986
20986
20987
20987
20988
20989
20989
20989
20989
20990
20991
20995
20996
20996
20998
20999
20999
20999
21000
21001
21003
21003
21005
21006
21006
21007
21008
21009
21010
21010
21015
21015
21016
21016
21016
21018
21020
21020
21020
21022
21023
21025
21025
21026
21027
21028
21030
21030
21034
21034
21035
21035
21036
21037
21038
21038
21041
21041
21042
21042
21043
21044
21046
21046
21048
21048
21050
21051
21051
21052
21052
21052
21053
21053
21054
21055
21055
21057
21058
21058
21059
21059
21061
21061
21061
21063
21063
21064
21064
21065
21065
21066
21068
21069
21070
21070
21072
21074
21077
21077
21080
21080
21086
21086
21088
21091
21093
21096
21097
21097
21097
21098
21099
21100
21101
21102
21103
21103
21106
21107
21108
21109
21109
21110
21110
21111
21111
21111
21112
21112
21112
21114
21114
21115
21116
21117
21117
21118
21118
21122
21123
21124
21125
21125
21126
21128
21128
21129
21131
21132
21133
21135
21135
21135
21137
21137
21138
21138
21139
21142
21145
21146
21147
21148
21149
21149
21149
21150
21150
21152
21153
21154
21154
21154
21155
21155
21156
21156
21157
21158
21159
21159
21160
21160
21160
21161
21162
21163
21164
21166
21166
21167
21167
21168
21170
21171
21172
21172
21174
21175
21176
21177
21178
21180
21180
21184
21184
21184
21184
21185
21185
21185
21189
21191
21191
21193
21194
21194
21194
21195
21198
21201
21204
21207
21211
21213
21213
21216
21218
21219
21221
21223
21223
21224
21225
21227
21227
21228
21229
21229
21230
21231
21233
21234
21235
21236
21238
21239
21240
21240
21241
21242
21242
21243
21243
21244
21244
21246
21247
21251
21251
21251
21252
21254
21254
21254
21254
21255
21257
21258
21260
21261
21261
21262
21264
21266
21266
21267
21267
21268
21268
21271
21274
21275
21275
21276
21276
21277
21278
21279
21280
21284
21285
21288
21289
21293
21295
21296
21297
21297
21298
21299
21299
21299
21299
21301
21301
21302
21303
21303
21306
21306
21307
21308
21309
21309
21312
21312
21312
21313
21316
21317
21317
21320
21321
21324
21326
21326
21326
21327
21328
21328
21329
21332
21337
21338
21339
21339
21344
21345
21346
21349
21351
21352
21358
21360
21360
21361
21362
21362
21363
21363
21363
21363
21365
21365
21365
21366
21367
21367
21370
21370
21370
21370
21371
21372
21372
21373
21376
21377
21377
21378
21379
21379
21379
21380
21380
21383
21386
21387
21387
21388
21388
21390
21391
21393
21394
21396
21399
21401
21402
21402
21402
21404
21405
21407
21409
21411
21411
21412
21412
21413
21415
21417
21417
21418
21419
21421
21423
21423
21423
21424
21426
21426
21427
21429
21430
21431
21431
21431
21434
21435
21438
21443
21444
21444
21445
21445
21446
21446
21448
21448
21450
21452
21452
21453
21453
21453
21455
21456
21460
21460
21461
21461
21462
21462
21464
21464
21465
21465
21466
21467
21468
21468
21468
21470
21471
21471
21471
21471
21472
21472
21472
21473
21474
21476
21476
21476
21477
21480
21480
21480
21484
21485
21485
21487
21488
21488
21489
21491
21492
21493
21493
21493
21494
21496
21497
21498
21499
21501
21501
21502
21503
21503
21504
21504
21504
21504
21504
21505
21506
21507
21507
21508
21508
21509
21511
21512
21516
21517
21517
21518
21518
21519
21519
21524
21524
21527
21527
21527
21528
21529
21530
21531
21531
21533
21533
21535
21535
21536
21537
21537
21537
21538
21538
21540
21540
21540
21540
21541
21541
21542
21543
21544
21546
21547
21548
21549
21550
21551
21551
21552
21553
21555
21555
21558
21558
21559
21560
21560
21560
21560
21564
21564
21566
21567
21568
21568
21568
21570
21572
21572
21577
21577
21578
21578
21581
21582
21583
21583
21583
21584
21585
21586
21586
21586
21587
21592
21593
21593
21594
21595
21596
21596
21598
21600
21600
21600
21602
21605
21606
21609
21609
21610
21610
21610
21610
21611
21611
21612
21614
21615
21615
21616
21616
21622
21622
21623
21623
21623
21624
21625
21627
21628
21629
21629
21629
21630
21632
21632
21635
21639
21640
21641
21642
21645
21646
21647
21648
21649
21651
21653
21653
21653
21653
21655
21655
21658
21659
21660
21661
21662
21662
21662
21663
21664
21665
21665
21666
21667
21670
21671
21671
21671
21672
21672
21673
21674
21674
21675
21676
21676
21677
21677
21678
21678
21678
21680
21680
21680
21682
21683
21683
21684
21684
21686
21687
21689
21689
21690
21691
21692
21692
21693
21695
21695
21697
21699
21702
21702
21703
21705
21705
21706
21707
21707
21709
21710
21710
21710
21711
21711
21712
21712
21713
21715
21715
21716
21716
21717
21718
21719
21720
21720
21720
21721
21723
21723
21724
21724
21725
21726
21727
21727
21728
21729
21729
21730
21730
21731
21731
21732
21735
21735
21736
21736
21737
21737
21738
21739
21739
21740
21741
21741
21741
21743
21745
21747
21749
21752
21753
21754
21757
21758
21759
21760
21762
21763
21765
21766
21766
21766
21767
21767
21767
21768
21768
21769
21769
21772
21773
21773
21774
21775
21776
21776
21777
21778
21778
21778
21779
21781
21782
21783
21783
21784
21784
21784
21784
21784
21785
21785
21786
21786
21787
21788
21788
21788
21789
21789
21789
21793
21794
21796
21798
21799
21800
21800
21801
21802
21802
21802
21803
21804
21809
21811
21812
21812
21813
21814
21815
21815
21816
21816
21817
21817
21818
21818
21820
21820
21820
21821
21824
21825
21826
21826
21827
21828
21829
21830
21830
21831
21832
21833
21833
21834
21835
21839
21840
21840
21841
21842
21844
21844
21844
21845
21845
21846
21846
21847
21848
21848
21849
21849
21849
21850
21850
21852
21853
21854
21855
21856
21857
21859
21859
21859
21860
21861
21864
21865
21865
21866
21870
21871
21873
21874
21876
21876
21876
21876
21877
21877
21878
21878
21878
21879
21881
21882
21882
21883
21884
21885
21887
21890
21890
21891
21891
21892
21896
21897
21898
21898
21900
21900
21902
21904
21905
21906
21906
21908
21908
21909
21909
21910
21910
21910
21911
21911
21913
21914
21914
21916
21917
21919
21920
21920
21920
21922
21923
21925
21925
21926
21928
21929
21929
21929
21929
21930
21930
21930
21931
21932
21933
21933
21934
21934
21935
21935
21935
21936
21936
21937
21939
21939
21940
21941
21941
21942
21943
21944
21944
21946
21946
21946
21947
21947
21950
21951
21954
21956
21957
21958
21960
21961
21962
21962
21963
21963
21964
21967
21968
21969
21969
21970
21971
21972
21973
21974
21975
21976
21976
21977
21978
21980
21981
21981
21983
21984
21984
21985
21986
21987
21987
21987
21987
21988
21990
21990
21991
21992
21993
21995
21995
21996
21997
21997
21998
21998
22000
22001
22004
22006
22006
22007
22007
22008
22009
22009
22015
22015
22016
22016
22017
22018
22021
22023
22024
22024
22024
22025
22027
22027
22028
22028
22032
22034
22034
22040
22040
22040
22041
22042
22045
22045
22045
22046
22046
22047
22048
22050
22051
22053
22053
22056
22057
22059
22060
22061
22063
22063
22064
22065
22065
22066
22067
22069
22070
22070
22072
22073
22074
22075
22075
22076
22077
22078
22079
22081
22082
22083
22085
22085
22087
22087
22089
22090
22090
22091
22093
22093
22094
22094
22095
22095
22096
22097
22098
22099
22100
22100
22102
22103
22103
22104
22105
22105
22107
22107
22108
22109
22111
22111
22112
22113
22115
22115
22116
22117
22119
22120
22121
22121
22122
22124
22125
22126
22127
22128
22129
22129
22130
22130
22131
22132
22133
22133
22134
22135
22137
22138
22140
22141
22141
22142
22145
22146
22146
22147
22147
22148
22149
22150
22151
22152
22153
22157
22158
22158
22159
22159
22159
22160
22163
22164
22164
22164
22166
22166
22166
22166
22167
22168
22168
22169
22169
22170
22171
22171
22176
22176
22177
22179
22180
22180
22181
22181
22185
22186
22186
22186
22187
22189
22190
22191
22192
22194
22194
22195
22195
22197
22198
22199
22200
22200
22200
22201
22201
22202
22203
22203
22204
22204
22204
22206
22206
22206
22206
22206
22207
22207
22209
22209
22210
22210
22210
22210
22211
22213
22214
22214
22215
22217
22217
22217
22218
22219
22222
22222
22223
22224
22225
22226
22226
22229
22230
22230
22230
22231
22233
22234
22234
22235
22235
22235
22236
22238
22238
22240
22240
22241
22242
22243
22243
22243
22245
22246
22246
22247
22248
22250
22250
22250
22250
22251
22252
22252
22252
22253
22254
22255
22255
22256
22257
22257
22257
22258
22259
22261
22261
22264
22264
22265
22265
22265
22266
22266
22267
22267
22268
22268
22268
22270
22270
22271
22271
22272
22273
22273
22273
22274
22275
22275
22276
22277
22277
22277
22278
22278
22278
22279
22280
22281
22282
22282
22282
22284
22285
22287
22288
22289
22290
22291
22292
22292
22293
22293
22295
22298
22298
22298
22299
22299
22299
22299
22301
22301
22302
22305
22308
22311
22311
22311
22312
22313
22314
22316
22318
22318
22318
22319
22319
22320
22320
22323
22326
22326
22327
22327
22327
22327
22330
22330
22331
22332
22333
22333
22333
22334
22335
22335
22336
22336
22337
22337
22338
22338
22339
22342
22344
22344
22344
22346
22348
22351
22352
22353
22354
22355
22357
22360
22361
22362
22364
22365
22367
22368
22368
22368
22369
22369
22371
22371
22371
22372
22373
22374
22374
22375
22375
22376
22377
22378
22378
22378
22378
22380
22380
22381
22383
22384
22389
22389
22390
22391
22391
22393
22395
22395
22396
22397
22397
22404
22404
22404
22405
22407
22407
22409
22409
22409
22410
22411
22412
22412
22414
22414
22416
22417
22417
22418
22421
22422
22422
22423
22424
22425
22426
22426
22426
22427
22427
22428
22428
22429
22429
22429
22433
22434
22435
22436
22436
22438
22438
22439
22440
22440
22440
22442
22443
22444
22445
22446
22446
22447
22448
22448
22449
22450
22450
22450
22453
22455
22455
22455
22457
22459
22460
22460
22460
22460
22461
22462
22462
22464
22466
22466
22466
22470
22472
22472
22473
22473
22474
22474
22476
22478
22480
22481
22485
22485
22486
22487
22487
22488
22488
22488
22489
22490
22492
22497
22499
22500
22500
22501
22502
22505
22505
22507
22507
22507
22507
22508
22512
22512
22513
22516
22516
22517
22517
22518
22519
22519
22519
22520
22521
22521
22521
22522
22522
22524
22524
22527
22527
22527
22527
22528
22529
22530
22530
22530
22530
22532
22534
22534
22534
22536
22538
22538
22539
22540
22543
22543
22545
22546
22549
22550
22552
22554
22555
22555
22557
22560
22562
22562
22562
22563
22565
22567
22568
22568
22572
22572
22574
22575
22578
22578
22579
22579
22579
22579
22580
22580
22581
22582
22583
22585
22585
22589
22592
22594
22594
22595
22596
22598
22600
22600
22601
22603
22604
22604
22608
22608
22609
22613
22613
22614
22615
22615
22615
22615
22616
22616
22617
22618
22618
22619
22620
22621
22623
22625
22625
22626
22627
22629
22629
22630
22633
22634
22635
22638
22640
22641
22641
22643
22644
22644
22647
22650
22652
22654
22656
22656
22656
22657
22659
22661
22661
22662
22662
22668
22669
22670
22671
22672
22672
22677
22678
22678
22679
22680
22680
22681
22685
22686
22686
22687
22689
22689
22689
22691
22692
22692
22693
22693
22693
22694
22694
22694
22695
22696
22698
22699
22699
22700
22702
22702
22702
22703
22704
22704
22705
22705
22706
22706
22707
22708
22709
22709
22710
22710
22713
22713
22714
22715
22717
22722
22722
22722
22724
22724
22727
22727
22727
22728
22729
22730
22730
22732
22732
22734
22735
22736
22738
22739
22739
22741
22741
22742
22743
22743
22743
22745
22745
22745
22745
22745
22746
22747
22749
22750
22751
22751
22752
22752
22752
22755
22755
22758
22760
22761
22761
22761
22762
22763
22764
22765
22765
22766
22768
22769
22769
22769
22770
22771
22772
22772
22774
22776
22776
22778
22778
22779
22780
22780
22781
22781
22784
22785
22787
22791
22791
22792
22793
22795
22796
22797
22798
22800
22801
22803
22805
22805
22806
22808
22808
22808
22809
22810
22810
22810
22810
22810
22810
22812
22812
22813
22813
22815
22815
22816
22816
22817
22818
22819
22819
22820
22821
22821
22821
22822
22826
22827
22827
22828
22828
22830
22831
22831
22831
22834
22835
22835
22836
22836
22837
22838
22838
22838
22839
22840
22840
22842
22842
22843
22844
22844
22846
22848
22848
22849
22849
22851
22851
22852
22852
22854
22854
22854
22855
22857
22858
22858
22858
22859
22860
22862
22864
22865
22866
22867
22867
22869
22869
22869
22870
22870
22871
22872
22873
22873
22874
22874
22875
22875
22875
22876
22878
22879
22881
22881
22881
22883
22884
22884
22884
22886
22886
22886
22887
22888
22889
22891
22892
22893
22894
22894
22896
22897
22899
22901
22902
22903
22903
22905
22906
22908
22908
22909
22909
22912
22915
22915
22918
22918
22918
22918
22919
22922
22926
22926
22926
22927
22927
22928
22928
22928
22928
22929
22932
22932
22936
22936
22940
22940
22941
22942
22942
22943
22947
22948
22949
22951
22953
22953
22954
22955
22957
22957
22957
22958
22958
22958
22959
22960
22961
22962
22963
22964
22964
22964
22965
22966
22968
22969
22972
22974
22974
22975
22975
22976
22976
22976
22976
22978
22978
22979
22979
22979
22980
22981
22982
22983
22984
22984
22984
22987
22987
22987
22987
22988
22990
22990
22990
22992
22992
22992
22993
22994
22994
22994
22995
22995
22995
22995
22996
22997
22998
22998
22999
23000
23001
23002
23002
23005
23006
23007
23007
23007
23008
23008
23009
23010
23011
23011
23013
23013
23016
23016
23017
23019
23019
23020
23021
23022
23027
23028
23030
23031
23035
23036
23036
23036
23036
23038
23042
23042
23042
23044
23045
23046
23047
23048
23048
23049
23050
23050
23050
23051
23052
23053
23053
23055
23055
23058
23058
23058
23059
23060
23062
23064
23064
23065
23065
23065
23067
23067
23068
23070
23071
23072
23072
23073
23073
23073
23074
23074
23074
23075
23078
23079
23082
23083
23083
23084
23086
23087
23090
23090
23091
23091
23092
23093
23093
23094
23095
23095
23096
23096
23098
23099
23101
23102
23102
23103
23104
23104
23104
23104
23105
23105
23105
23106
23106
23106
23108
23109
23110
23110
23110
23111
23111
23112
23112
23112
23114
23115
23116
23117
23118
23118
23119
23121
23122
23122
23122
23123
23124
23124
23125
23126
23127
23128
23130
23130
23132
23133
23136
23136
23136
23137
23139
23139
23139
23141
23141
23141
23142
23142
23143
23144
23147
23147
23148
23149
23150
23151
23152
23153
23154
23154
23160
23160
23160
23161
23162
23163
23163
23163
23163
23164
23164
23164
23166
23166
23167
23169
23169
23171
23173
23173
23175
23175
23175
23175
23176
23177
23178
23179
23180
23183
23184
23185
23186
23186
23187
23188
23188
23190
23190
23192
23193
23193
23194
23194
23194
23195
23196
23196
23200
23205
23206
23206
23207
23207
23208
23209
23210
23213
23214
23215
23215
23216
23218
23219
23219
23220
23220
23222
23225
23226
23227
23227
23228
23228
23230
23232
23233
23233
23233
23233
23236
23237
23238
23238
23238
23240
23241
23242
23244
23245
23245
23246
23246
23247
23250
23251
23252
23253
23253
23253
23254
23256
23256
23258
23258
23258
23259
23262
23263
23264
23264
23266
23267
23267
23268
23269
23270
23273
23273
23276
23277
23277
23278
23278
23280
23281
23281
23282
23285
23285
23288
23288
23289
23292
23292
23293
23294
23295
23296
23298
23299
23299
23302
23303
23303
23304
23305
23305
23306
23306
23311
23313
23314
23315
23315
23315
23317
23319
23320
23321
23322
23324
23325
23326
23328
23332
23332
23334
23335
23338
23341
23341
23341
23342
23345
23347
23347
23347
23347
23347
23347
23348
23348
23348
23350
23350
23350
23350
23350
23351
23352
23352
23354
23355
23356
23358
23363
23364
23364
23365
23366
23366
23367
23367
23368
23368
23369
23369
23371
23373
23373
23374
23375
23375
23380
23380
23382
23382
23383
23384
23384
23385
23385
23387
23388
23389
23389
23390
23391
23391
23391
23391
23392
23392
23397
23397
23397
23398
23398
23400
23400
23401
23402
23404
23408
23409
23410
23410
23413
23413
23413
23414
23416
23417
23418
23418
23419
23420
23420
23421
23424
23426
23430
23431
23431
23434
23434
23434
23435
23435
23436
23436
23438
23438
23439
23440
23440
23442
23443
23443
23445
23446
23447
23447
23447
23452
23455
23456
23457
23458
23460
23461
23462
23463
23463
23464
23465
23466
23466
23467
23468
23471
23472
23473
23473
23474
23474
23476
23477
23478
23478
23478
23479
23480
23481
23481
23482
23483
23484
23485
23485
23486
23487
23487
23490
23490
23491
23492
23492
23493
23494
23495
23496
23497
23499
23499
23500
23500
23503
23504
23506
23507
23508
23510
23510
23510
23512
23513
23514
23514
23514
23515
23515
23517
23520
23520
23521
23521
23522
23523
23524
23524
23525
23528
23528
23528
23529
23529
23530
23531
23532
23532
23533
23535
23536
23537
23537
23538
23539
23545
23545
23546
23546
23548
23548
23549
23554
23554
23556
23556
23558
23559
23559
23559
23561
23562
23562
23565
23565
23567
23568
23569
23570
23570
23573
23574
23575
23577
23578
23581
23581
23582
23583
23584
23585
23586
23586
23587
23588
23589
23590
23591
23591
23591
23593
23593
23594
23595
23596
23597
23597
23599
23600
23600
23605
23609
23609
23611
23611
23611
23613
23614
23616
23616
23617
23617
23618
23618
23619
23620
23623
23624
23624
23624
23626
23628
23629
23629
23635
23635
23637
23638
23639
23640
23640
23642
23642
23645
23650
23652
23655
23657
23658
23661
23662
23664
23665
23666
23667
23668
23670
23671
23671
23671
23673
23674
23674
23674
23674
23675
23676
23678
23680
23682
23682
23684
23684
23684
23684
23684
23685
23686
23687
23687
23687
23688
23688
23690
23692
23693
23694
23694
23695
23695
23696
23696
23697
23697
23699
23699
23700
23702
23703
23704
23704
23706
23706
23707
23708
23709
23712
23712
23713
23714
23714
23715
23715
23717
23718
23719
23719
23719
23720
23721
23721
23722
23722
23724
23726
23727
23731
23732
23732
23732
23733
23733
23734
23734
23734
23735
23735
23736
23736
23736
23736
23738
23739
23739
23741
23741
23741
23742
23743
23744
23744
23744
23746
23747
23748
23749
23750
23752
23752
23753
23756
23756
23757
23758
23762
23762
23763
23763
23763
23764
23765
23766
23766
23767
23768
23768
23768
23769
23770
23773
23776
23777
23777
23777
23777
23777
23779
23781
23782
23782
23784
23785
23786
23786
23787
23788
23789
23789
23789
23789
23790
23790
23793
23793
23795
23796
23796
23797
23800
23800
23801
23801
23802
23803
23803
23804
23806
23807
23807
23808
23810
23811
23811
23814
23815
23816
23816
23817
23817
23820
23820
23823
23823
23825
23826
23827
23828
23828
23830
23830
23832
23835
23836
23837
23838
23838
23838
23838
23838
23839
23839
23839
23841
23842
23842
23846
23847
23849
23851
23853
23855
23855
23856
23857
23857
23858
23860
23861
23864
23865
23866
23866
23867
23869
23869
23870
23873
23874
23876
23879
23879
23880
23881
23881
23882
23885
23885
23886
23886
23886
23887
23887
23887
23888
23890
23893
23893
23896
23896
23897
23897
23898
23899
23899
23900
23901
23901
23901
23903
23903
23904
23904
23904
23906
23906
23908
23910
23910
23910
23913
23913
23914
23915
23915
23915
23916
23916
23917
23920
23921
23921
23921
23921
23921
23922
23924
23925
23926
23926
23927
23928
23928
23929
23931
23931
23931
23932
23932
23934
23935
23935
23936
23936
23937
23939
23940
23941
23942
23943
23944
23944
23945
23945
23945
23946
23946
23946
23947
23947
23947
23947
23948
23949
23951
23952
23953
23954
23957
23958
23960
23961
23962
23962
23963
23965
23966
23966
23968
23971
23971
23971
23974
23975
23976
23976
23976
23978
23980
23981
23981
23981
23982
23983
23984
23985
23986
23986
23986
23986
23988
23989
23990
23990
23994
23996
23996
23996
23998
23999
24000
24000
24002
24004
24005
24006
24006
24007
24008
24009
24009
24011
24012
24014
24014
24016
24018
24019
24019
24020
24021
24022
24023
24024
24027
24027
24028
24031
24032
24033
24034
24035
24036
24038
24038
24039
24039
24040
24042
24044
24046
24046
24048
24048
24051
24051
24052
24052
24053
24053
24054
24055
24055
24057
24059
24060
24060
24062
24063
24064
24064
24064
24066
24066
24068
24069
24069
24070
24071
24071
24074
24075
24076
24076
24078
24079
24080
24080
24083
24084
24085
24086
24090
24093
24094
24094
24095
24095
24095
24096
24098
24098
24098
24099
24100
24102
24103
24104
24104
24105
24106
24107
24108
24108
24110
24111
24114
24114
24116
24118
24118
24122
24123
24123
24124
24124
24127
24130
24132
24134
24134
24134
24135
24136
24136
24137
24140
24141
24141
24142
24142
24142
24144
24146
24146
24148
24148
24149
24149
24149
24150
24151
24151
24153
24153
24153
24154
24155
24156
24157
24157
24158
24159
24159
24160
24161
24161
24163
24166
24167
24169
24170
24172
24177
24179
24179
24184
24188
24189
24189
24190
24190
24191
24192
24192
24195
24195
24195
24196
24196
24197
24199
24199
24199
24200
24200
24202
24203
24204
24205
24207
24208
24210
24210
24211
24212
24213
24213
24216
24219
24223
24224
24225
24227
24228
24229
24229
24230
24230
24232
24232
24235
24237
24238
24239
24240
24240
24241
24241
24242
24243
24244
24246
24246
24248
24249
24250
24250
24252
24252
24253
24253
24255
24258
24258
24259
24260
24260
24263
24263
24264
24264
24264
24266
24266
24266
24267
24267
24268
24269
24269
24270
24273
24274
24276
24276
24276
24278
24279
24279
24281
24282
24283
24285
24285
24285
24286
24287
24289
24289
24289
24290
24290
24291
24291
24291
24292
24293
24294
24297
24299
24303
24304
24304
24304
24305
24307
24308
24308
24308
24308
24309
24310
24313
24314
24315
24315
24316
24317
24319
24320
24322
24322
24324
24326
24328
24329
24329
24330
24330
24330
24330
24331
24331
24332
24332
24333
24333
24334
24335
24335
24336
24337
24339
24342
24344
24345
24346
24346
24347
24348
24348
24351
24352
24353
24353
24354
24358
24361
24364
24364
24367
24368
24370
24372
24372
24375
24375
24375
24375
24377
24378
24378
24378
24380
24380
24380
24380
24381
24381
24382
24383
24384
24385
24386
24386
24386
24387
24388
24388
24389
24391
24392
24393
24397
24397
24399
24399
24399
24400
24402
24402
24406
24409
24411
24417
24417
24417
24417
24418
24420
24420
24420
24421
24421
24422
24424
24425
24425
24428
24430
24430
24430
24431
24431
24432
24434
24436
24436
24436
24436
24437
24438
24438
24440
24441
24445
24445
24448
24449
24449
24452
24453
24453
24453
24453
24454
24455
24455
24455
24456
24456
24457
24457
24459
24459
24460
24460
24460
24461
24461
24464
24466
24466
24472
24473
24474
24476
24477
24478
24479
24479
24480
24481
24483
24484
24486
24486
24489
24490
24493
24493
24494
24494
24495
24495
24495
24496
24498
24499
24499
24500
24500
24501
24503
24504
24505
24506
24506
24510
24511
24511
24514
24514
24515
24517
24517
24518
24519
24519
24519
24520
24523
24524
24526
24526
24528
24528
24529
24530
24532
24533
24533
24534
24535
24535
24537
24538
24539
24539
24540
24540
24540
24543
24544
24546
24547
24548
24550
24551
24554
24556
24559
24560
24560
24563
24564
24565
24567
24570
24574
24574
24576
24577
24578
24579
24581
24581
24582
24584
24585
24585
24585
24586
24586
24587
24588
24589
24589
24590
24592
24592
24593
24594
24594
24596
24596
24597
24598
24598
24598
24600
24600
24600
24602
24603
24603
24603
24604
24605
24605
24606
24606
24607
24607
24609
24609
24610
24610
24610
24611
24613
24613
24613
24613
24614
24614
24614
24616
24618
24620
24620
24621
24621
24622
24626
24627
24629
24629
24629
24631
24633
24634
24635
24635
24635
24636
24636
24637
24637
24639
24640
24640
24641
24641
24642
24642
24643
24644
24646
24648
24649
24651
24653
24654
24659
24661
24661
24662
24662
24662
24663
24663
24663
24664
24665
24666
24669
24673
24673
24675
24676
24676
24677
24678
24679
24680
24680
24681
24682
24683
24685
24688
24690
24691
24693
24693
24695
24696
24697
24697
24698
24698
24704
24707
24707
24707
24708
24709
24710
24710
24710
24710
24712
24714
24714
24715
24715
24716
24716
24716
24716
24717
24717
24718
24719
24719
24719
24723
24723
24724
24725
24725
24726
24726
24727
24728
24728
24729
24730
24730
24730
24730
24732
24732
24735
24735
24735
24736
24736
24738
24738
24738
24739
24740
24740
24740
24741
24745
24749
24750
24751
24751
24753
24754
24754
24755
24757
24758
24758
24759
24762
24764
24766
24769
24771
24771
24772
24773
24773
24773
24774
24775
24775
24777
24778
24778
24779
24781
24782
24782
24782
24783
24783
24784
24784
24784
24786
24786
24787
24789
24789
24789
24791
24792
24793
24794
24794
24795
24795
24796
24797
24797
24798
24799
24802
24802
24803
24803
24805
24805
24806
24808
24808
24811
24812
24812
24813
24814
24817
24818
24818
24818
24819
24819
24820
24820
24820
24821
24823
24824
24824
24825
24830
24833
24833
24840
24841
24841
24842
24842
24843
24844
24844
24845
24846
24849
24849
24850
24850
24851
24851
24851
24852
24854
24855
24857
24857
24859
24860
24861
24861
24861
24863
24865
24865
24866
24868
24870
24871
24872
24874
24874
24876
24876
24876
24876
24880
24881
24883
24883
24887
24888
24888
24889
24889
24890
24891
24894
24900
24900
24902
24902
24906
24907
24908
24913
24915
24916
24916
24917
24917
24917
24918
24920
24921
24925
24927
24927
24930
24931
24932
24933
24934
24935
24936
24937
24938
24940
24941
24941
24942
24947
24948
24948
24951
24951
24952
24952
24954
24954
24955
24955
24955
24958
24959
24962
24963
24964
24965
24966
24968
24968
24969
24971
24971
24972
24974
24974
24976
24976
24977
24977
24977
24978
24979
24979
24980
24980
24980
24982
24983
24984
24985
24986
24986
24986
24988
24991
24992
24992
24992
24994
24994
24995
24995
24995
24996
24996
24998
25001
25002
25003
25003
25004
25005
25005
25006
25007
25008
25009
25009
25011
25011
25012
25014
25014
25015
25017
25018
25019
25020
25020
25021
25024
25024
25025
25025
25026
25027
25028
25028
25029
25031
25031
25031
25032
25032
25033
25033
25034
25034
25035
25036
25036
25039
25039
25040
25041
25042
25042
25042
25043
25043
25043
25048
25048
25050
25050
25050
25051
25052
25056
25057
25058
25058
25058
25059
25059
25061
25065
25066
25067
25067
25069
25069
25069
25070
25070
25070
25071
25071
25073
25073
25073
25074
25074
25077
25078
25080
25081
25082
25082
25083
25084
25084
25085
25085
25085
25088
25088
25089
25091
25093
25096
25097
25098
25098
25102
25104
25104
25106
25107
25109
25110
25110
25110
25114
25116
25117
25117
25119
25120
25120
25120
25120
25121
25122
25123
25124
25124
25124
25125
25126
25127
25128
25128
25132
25135
25136
25137
25137
25140
25141
25142
25142
25143
25143
25144
25144
25144
25148
25149
25149
25151
25153
25154
25154
25154
25155
25157
25157
25158
25158
25158
25159
25160
25160
25161
25162
25162
25164
25164
25164
25165
25166
25167
25167
25170
25171
25171
25171
25172
25172
25174
25176
25177
25178
25180
25180
25182
25183
25184
25184
25184
25184
25187
25188
25188
25190
25192
25192
25193
25193
25193
25194
25196
25196
25198
25199
25199
25199
25200
25200
25205
25206
25209
25209
25210
25210
25212
25215
25215
25217
25217
25217
25218
25218
25219
25219
25221
25221
25222
25222
25222
25223
25223
25224
25226
25226
25227
25227
25230
25230
25232
25232
25233
25233
25233
25234
25235
25236
25236
25237
25239
25239
25240
25241
25244
25245
25245
25246
25246
25247
25248
25249
25249
25249
25250
25250
25252
25252
25256
25256
25260
25261
25262
25262
25262
25262
25263
25263
25263
25264
25264
25265
25265
25265
25267
25268
25269
25275
25276
25276
25277
25277
25278
25278
25278
25280
25281
25281
25282
25282
25282
25286
25287
25288
25288
25288
25289
25290
25291
25293
25293
25296
25297
25297
25298
25300
25300
25301
25301
25301
25302
25303
25303
25303
25306
25307
25310
25311
25313
25314
25315
25317
25317
25319
25320
25321
25324
25325
25326
25327
25327
25328
25330
25330
25330
25334
25335
25336
25337
25339
25341
25341
25342
25342
25344
25344
25345
25345
25346
25347
25347
25351
25353
25355
25355
25355
25357
25358
25359
25360
25361
25363
25364
25365
25366
25367
25368
25368
25369
25369
25372
25372
25375
25375
25376
25377
25377
25377
25377
25378
25379
25380
25380
25381
25384
25384
25385
25385
25387
25387
25390
25391
25391
25391
25392
25392
25392
25393
25397
25398
25398
25399
25401
25402
25402
25406
25406
25407
25407
25408
25408
25409
25410
25411
25411
25412
25412
25412
25415
25416
25416
25416
25416
25416
25417
25419
25419
25423
25423
25424
25424
25425
25425
25425
25425
25428
25430
25430
25431
25432
25433
25434
25437
25440
25441
25442
25444
25446
25447
25447
25450
25450
25451
25451
25451
25451
25453
25454
25456
25457
25458
25458
25459
25460
25461
25461
25461
25461
25462
25463
25464
25465
25465
25465
25466
25467
25470
25472
25472
25474
25475
25476
25477
25479
25479
25480
25481
25481
25481
25482
25483
25483
25484
25485
25488
25490
25491
25492
25492
25492
25493
25493
25493
25494
25498
25498
25498
25498
25499
25501
25501
25502
25503
25504
25505
25507
25510
25510
25511
25511
25512
25512
25513
25514
25515
25515
25517
25521
25524
25524
25525
25525
25525
25526
25526
25527
25529
25532
25532
25534
25534
25534
25534
25536
25537
25538
25543
25545
25546
25546
25547
25547
25548
25549
25549
25550
25550
25550
25552
25553
25554
25554
25555
25556
25556
25557
25558
25559
25560
25562
25562
25563
25563
25571
25572
25574
25575
25575
25575
25576
25576
25579
25579
25580
25580
25581
25581
25583
25584
25585
25586
25587
25588
25589
25590
25590
25590
25592
25592
25598
25598
25600
25601
25601
25603
25605
25607
25611
25611
25611
25612
25615
25617
25617
25618
25619
25621
25622
25623
25623
25623
25623
25624
25624
25624
25626
25626
25628
25629
25630
25632
25632
25632
25638
25639
25639
25640
25640
25640
25641
25642
25642
25642
25644
25644
25647
25648
25649
25650
25655
25659
25661
25662
25663
25663
25664
25665
25665
25666
25668
25668
25668
25669
25671
25673
25673
25674
25675
25677
25678
25679
25681
25681
25681
25682
25682
25682
25682
25683
25684
25686
25687
25687
25693
25694
25695
25696
25697
25697
25698
25701
25702
25703
25703
25704
25704
25705
25706
25706
25707
25708
25708
25709
25709
25711
25711
25715
25715
25716
25716
25716
25716
25716
25716
25717
25717
25718
25718
25720
25722
25722
25722
25722
25723
25725
25725
25725
25726
25726
25732
25732
25732
25734
25734
25734
25735
25735
25736
25737
25737
25739
25740
25740
25740
25744
25744
25745
25745
25747
25747
25749
25750
25752
25753
25753
25754
25755
25756
25757
25758
25759
25763
25763
25764
25765
25765
25766
25767
25767
25768
25769
25770
25770
25771
25771
25771
25774
25774
25774
25776
25778
25778
25779
25781
25783
25784
25786
25787
25788
25789
25791
25791
25791
25792
25793
25793
25794
25797
25798
25799
25800
25803
25804
25805
25805
25806
25807
25808
25809
25810
25812
25812
25812
25813
25813
25814
25814
25818
25819
25819
25819
25822
25823
25824
25824
25825
25827
25827
25828
25828
25829
25829
25830
25831
25831
25831
25832
25832
25832
25833
25834
25835
25835
25837
25837
25838
25838
25839
25840
25841
25842
25842
25844
25844
25844
25845
25846
25847
25847
25847
25849
25850
25850
25850
25850
25850
25852
25853
25854
25855
25855
25855
25856
25859
25861
25862
25862
25867
25870
25871
25872
25872
25872
25873
25873
25873
25877
25877
25879
25879
25880
25881
25882
25883
25884
25884
25884
25887
25888
25892
25892
25893
25894
25894
25895
25895
25900
25901
25902
25903
25905
25906
25907
25907
25911
25912
25912
25913
25913
25913
25914
25916
25917
25918
25920
25923
25924
25925
25926
25926
25927
25927
25931
25932
25935
25937
25938
25941
25942
25943
25944
25945
25945
25948
25948
25948
25948
25950
25950
25951
25951
25952
25952
25952
25957
25957
25958
25961
25961
25963
25965
25966
25966
25967
25968
25969
25970
25971
25972
25973
25974
25974
25977
25978
25978
25978
25978
25979
25980
25981
25982
25985
25985
25986
25988
25988
25991
25991
25992
25992
25994
25995
25995
25995
25995
25996
25996
25997
25998
25998
25998
25998
26000
26001
26004
26007
26009
26009
26010
26011
26012
26012
26012
26012
26012
26015
26015
26018
26025
26025
26026
26027
26027
26028
26028
26031
26034
26035
26038
26038
26039
26042
26043
26045
26045
26046
26047
26047
26047
26048
26050
26051
26051
26051
26052
26053
26053
26053
26053
26053
26055
26055
26056
26057
26060
26062
26062
26062
26066
26066
26066
26067
26068
26068
26070
26071
26071
26073
26076
26077
26078
26078
26078
26079
26080
26080
26080
26081
26082
26084
26084
26084
26084
26084
26085
26086
26087
26087
26087
26089
26090
26092
26093
26093
26093
26095
26097
26098
26102
26103
26103
26104
26105
26106
26108
26108
26109
26109
26110
26111
26111
26112
26112
26113
26113
26114
26115
26117
26118
26119
26120
26120
26121
26121
26122
26122
26123
26123
26124
26124
26127
26129
26132
26132
26132
26132
26132
26135
26136
26136
26136
26137
26138
26139
26140
26142
26144
26144
26148
26149
26149
26150
26151
26153
26153
26154
26155
26156
26157
26158
26158
26163
26163
26165
26165
26167
26167
26168
26170
26170
26171
26171
26171
26172
26173
26178
26178
26179
26180
26183
26183
26184
26184
26184
26184
26185
26186
26186
26187
26189
26190
26192
26195
26195
26196
26196
26197
26198
26198
26199
26204
26206
26208
26209
26209
26209
26212
26214
26214
26215
26216
26217
26218
26218
26219
26220
26220
26220
26220
26221
26224
26225
26227
26231
26232
26234
26234
26235
26236
26236
26237
26237
26237
26238
26239
26239
26240
26242
26243
26243
26245
26246
26247
26249
26251
26254
26257
26257
26259
26259
26263
26263
26265
26267
26267
26268
26268
26270
26270
26271
26272
26274
26275
26275
26275
26276
26276
26276
26277
26277
26278
26278
26278
26280
26281
26284
26286
26287
26288
26288
26288
26288
26290
26293
26295
26296
26296
26297
26297
26298
26300
26300
26300
26301
26302
26302
26302
26303
26304
26304
26306
26308
26308
26310
26312
26312
26315
26316
26316
26317
26318
26318
26318
26319
26319
26319
26320
26321
26323
26323
26323
26324
26326
26326
26326
26326
26329
26329
26331
26331
26333
26333
26334
26334
26335
26338
26340
26340
26344
26345
26347
26347
26347
26347
26351
26352
26352
26353
26354
26355
26357
26358
26360
26361
26363
26366
26366
26367
26368
26368
26369
26369
26371
26372
26372
26372
26374
26375
26375
26379
26379
26380
26383
26385
26386
26388
26388
26389
26389
26389
26391
26393
26400
26401
26401
26402
26403
26404
26404
26405
26406
26407
26407
26407
26407
26410
26413
26413
26415
26416
26417
26418
26419
26422
26422
26422
26424
26425
26426
26427
26427
26427
26427
26428
26428
26429
26429
26430
26430
26430
26431
26431
26431
26433
26433
26433
26433
26434
26436
26439
26440
26440
26441
26441
26441
26442
26443
26443
26443
26444
26445
26447
26447
26449
26449
26449
26450
26450
26451
26451
26452
26452
26452
26453
26453
26455
26455
26455
26456
26457
26457
26458
26458
26460
26460
26460
26460
26462
26465
26466
26467
26468
26471
26472
26472
26475
26477
26477
26477
26478
26479
26481
26482
26482
26484
26484
26488
26489
26490
26491
26491
26493
26495
26496
26497
26497
26500
26500
26501
26501
26503
26504
26506
26506
26510
26510
26510
26511
26512
26513
26514
26514
26515
26515
26516
26517
26517
26520
26520
26520
26520
26523
26523
26523
26523
26524
26525
26525
26526
26527
26527
26528
26528
26529
26530
26531
26531
26532
26532
26534
26536
26536
26538
26540
26541
26542
26546
26546
26547
26549
26550
26551
26551
26553
26553
26554
26556
26558
26559
26561
26564
26564
26565
26566
26566
26567
26568
26571
26571
26575
26576
26578
26579
26580
26581
26581
26581
26582
26582
26583
26583
26583
26586
26587
26591
26592
26593
26593
26593
26594
26596
26597
26597
26598
26598
26599
26603
26603
26604
26605
26605
26606
26606
26607
26607
26608
26608
26610
26612
26615
26616
26616
26619
26619
26619
26620
26621
26623
26623
26625
26625
26626
26627
26627
26629
26629
26629
26631
26632
26634
26634
26635
26636
26637
26637
26639
26640
26640
26640
26641
26641
26642
26642
26642
26643
26644
26646
26647
26648
26648
26649
26652
26653
26653
26653
26653
26653
26653
26655
26655
26656
26657
26661
26662
26663
26665
26667
26667
26668
26668
26671
26672
26675
26675
26676
26676
26678
26678
26680
26681
26681
26683
26684
26684
26684
26684
26685
26685
26686
26688
26688
26689
26690
26692
26694
26695
26696
26697
26697
26699
26702
26702
26702
26703
26703
26703
26703
26704
26704
26704
26706
26706
26707
26708
26709
26709
26709
26710
26710
26711
26711
26712
26713
26714
26715
26715
26716
26717
26718
26718
26720
26721
26722
26722
26722
26723
26725
26726
26727
26728
26728
26730
26731
26732
26732
26733
26734
26735
26739
26740
26740
26743
26744
26745
26746
26746
26746
26747
26747
26747
26748
26748
26748
26749
26749
26750
26753
26755
26757
26757
26757
26758
26758
26758
26759
26759
26760
26761
26762
26762
26762
26764
26764
26765
26765
26766
26767
26768
26769
26769
26770
26771
26773
26773
26773
26774
26775
26775
26775
26776
26776
26779
26782
26782
26783
26786
26786
26787
26788
26789
26790
26790
26791
26791
26793
26794
26795
26796
26796
26796
26797
26797
26798
26799
26799
26801
26804
26805
26807
26807
26812
26812
26812
26812
26813
26814
26814
26815
26816
26816
26817
26817
26817
26817
26820
26823
26825
26825
26825
26826
26826
26827
26827
26830
26832
26832
26833
26835
26836
26837
26840
26840
26840
26841
26841
26841
26843
26843
26843
26843
26845
26847
26847
26848
26848
26849
26850
26852
26852
26853
26854
26856
26857
26857
26858
26858
26860
26860
26862
26863
26864
26864
26867
26868
26869
26870
26870
26872
26873
26873
26873
26873
26875
26877
26880
26880
26882
26883
26883
26884
26885
26885
26887
26888
26888
26888
26888
26889
26889
26890
26891
26892
26892
26893
26894
26895
26895
26896
26897
26897
26897
26897
26899
26899
26900
26901
26902
26902
26905
26905
26907
26907
26908
26909
26910
26910
26910
26910
26910
26911
26912
26913
26915
26915
26916
26918
26918
26919
26920
26921
26922
26923
26923
26924
26925
26927
26927
26928
26930
26930
26930
26930
26930
26933
26934
26934
26934
26934
26936
26936
26936
26937
26938
26938
26939
26940
26942
26943
26943
26944
26946
26947
26947
26949
26949
26951
26952
26952
26952
26952
26953
26957
26957
26957
26958
26959
26960
26961
26962
26962
26963
26964
26965
26966
26966
26966
26967
26969
26970
26972
26972
26973
26976
26977
26978
26978
26979
26981
26982
26983
26983
26984
26984
26985
26985
26987
26988
26988
26990
26990
26990
26990
26990
26992
26994
26995
26996
26997
26997
26998
26999
26999
26999
27000
27000
27002
27003
27003
27005
27005
27007
27008
27008
27010
27013
27014
27014
27015
27016
27017
27019
27019
27020
27021
27022
27022
27023
27024
27025
27027
27027
27029
27030
27031
27031
27034
27037
27039
27040
27041
27042
27043
27045
27045
27046
27046
27049
27052
27052
27055
27055
27056
27058
27058
27059
27061
27062
27063
27064
27064
27064
27064
27065
27070
27070
27071
27072
27074
27077
27078
27079
27080
27080
27080
27080
27082
27083
27084
27084
27086
27088
27089
27091
27092
27093
27094
27094
27095
27096
27098
27099
27099
27100
27100
27100
27101
27102
27103
27104
27104
27105
27106
27107
27108
27109
27110
27111
27111
27111
27115
27117
27117
27118
27118
27118
27118
27118
27119
27121
27121
27124
27124
27124
27125
27125
27125
27126
27126
27126
27128
27128
27129
27130
27130
27132
27134
27135
27135
27136
27139
27139
27141
27142
27142
27142
27143
27144
27145
27146
27148
27149
27149
27150
27151
27153
27154
27154
27155
27155
27155
27155
27157
27157
27159
27160
27160
27163
27163
27163
27164
27166
27166
27168
27169
27172
27174
27174
27175
27180
27180
27183
27186
27191
27195
27197
27198
27198
27200
27206
27206
27207
27208
27208
27208
27209
27211
27211
27211
27214
27216
27218
27220
27220
27223
27224
27224
27224
27224
27225
27230
27231
27232
27233
27233
27235
27235
27236
27237
27238
27240
27240
27240
27241
27242
27242
27242
27243
27243
27244
27244
27246
27247
27247
27248
27250
27250
27250
27251
27252
27253
27253
27253
27255
27255
27255
27257
27258
27259
27259
27262
27263
27264
27264
27265
27265
27265
27266
27268
27269
27270
27273
27274
27275
27275
27278
27280
27284
27284
27287
27287
27288
27288
27289
27290
27291
27291
27292
27295
27295
27296
27297
27297
27297
27298
27298
27300
27302
27303
27303
27304
27306
27306
27306
27306
27307
27307
27308
27311
27312
27312
27313
27316
27320
27321
27321
27322
27323
27324
27324
27325
27325
27326
27327
27327
27328
27331
27332
27332
27334
27334
27335
27335
27339
27340
27340
27341
27342
27343
27343
27343
27345
27346
27347
27348
27348
27350
27351
27355
27355
27356
27357
27358
27359
27360
27363
27363
27363
27366
27366
27367
27367
27369
27371
27372
27372
27373
27374
27375
27376
27376
27376
27377
27377
27379
27381
27382
27382
27383
27383
27384
27384
27386
27388
27389
27389
27389
27391
27394
27394
27395
27395
27399
27399
27399
27399
27400
27402
27404
27406
27408
27408
27409
27409
27412
27412
27413
27413
27414
27415
27417
27417
27418
27419
27420
27421
27422
27422
27422
27422
27424
27425
27426
27427
27428
27429
27429
27430
27430
27430
27431
27431
27431
27432
27432
27432
27433
27434
27434
27435
27435
27436
27437
27440
27440
27440
27441
27442
27442
27442
27446
27446
27448
27448
27450
27451
27451
27452
27455
27458
27462
27464
27465
27465
27465
27466
27467
27471
27471
27472
27473
27473
27475
27475
27476
27478
27480
27483
27483
27485
27486
27488
27489
27489
27490
27491
27495
27496
27496
27496
27499
27500
27501
27501
27501
27501
27501
27502
27504
27504
27504
27505
27505
27505
27506
27508
27508
27510
27511
27511
27511
27512
27514
27515
27518
27520
27522
27522
27524
27524
27525
27525
27525
27527
27527
27528
27529
27533
27533
27534
27535
27536
27536
27537
27538
27540
27540
27543
27543
27546
27549
27552
27553
27554
27554
27554
27555
27555
27556
27556
27557
27558
27558
27558
27559
27561
27561
27561
27563
27564
27564
27565
27566
27568
27572
27572
27572
27572
27574
27575
27576
27579
27580
27581
27581
27582
27582
27583
27584
27587
27588
27589
27595
27597
27598
27599
27599
27599
27599
27601
27603
27603
27603
27605
27605
27608
27608
27609
27610
27611
27611
27612
27613
27614
27614
27614
27614
27616
27617
27617
27618
27618
27620
27623
27625
27625
27627
27628
27629
27629
27631
27632
27632
27636
27636
27637
27637
27638
27640
27640
27640
27642
27644
27646
27646
27648
27648
27649
27649
27650
27650
27651
27651
27652
27652
27653
27654
27654
27656
27658
27659
27659
27659
27660
27660
27661
27662
27663
27663
27664
27664
27664
27666
27669
27669
27671
27671
27673
27676
27676
27676
27677
27677
27678
27679
27679
27680
27680
27680
27682
27684
27684
27684
27684
27685
27685
27686
27686
27687
27688
27689
27689
27691
27692
27692
27693
27693
27693
27694
27694
27695
27698
27698
27698
27698
27699
27703
27704
27705
27706
27713
27713
27713
27714
27717
27717
27719
27719
27719
27720
27721
27722
27722
27723
27724
27725
27726
27727
27727
27728
27728
27734
27735
27735
27736
27736
27737
27737
27739
27739
27739
27740
27741
27742
27743
27744
27745
27747
27747
27747
27748
27748
27749
27749
27749
27751
27751
27751
27753
27753
27755
27756
27756
27757
27758
27758
27759
27760
27761
27761
27763
27764
27765
27765
27766
27766
27766
27766
27768
27768
27769
27769
27770
27770
27771
27773
27773
27774
27775
27775
27777
27777
27777
27778
27779
27779
27780
27780
27780
27781
27784
27785
27786
27786
27787
27789
27790
27791
27793
27794
27794
27795
27796
27798
27800
27802
27803
27803
27806
27806
27808
27808
27808
27810
27810
27811
27812
27813
27813
27813
27814
27816
27816
27817
27817
27818
27818
27822
27825
27825
27827
27828
27831
27831
27834
27835
27836
27836
27837
27838
27838
27841
27843
27843
27844
27846
27851
27852
27855
27856
27856
27857
27859
27859
27861
27862
27863
27866
27867
27867
27867
27868
27869
27872
27873
27874
27876
27876
27877
27877
27877
27882
27882
27883
27884
27884
27884
27885
27889
27890
27891
27891
27892
27892
27893
27894
27896
27897
27898
27899
27899
27900
27901
27903
27905
27906
27909
27910
27910
27912
27912
27913
27913
27914
27915
27915
27915
27916
27917
27918
27919
27922
27923
27924
27926
27926
27927
27927
27927
27929
27930
27930
27931
27932
27932
27932
27933
27933
27934
27934
27937
27937
27938
27940
27941
27942
27943
27944
27944
27945
27945
27945
27947
27947
27947
27948
27949
27949
27951
27953
27954
27958
27959
27959
27960
27960
27961
27961
27961
27962
27962
27963
27964
27966
27966
27966
27966
27967
27967
27967
27967
27968
27969
27970
27971
27972
27972
27972
27974
27974
27976
27977
27978
27979
27982
27983
27984
27987
27988
27989
27990
27990
27991
27991
27993
27995
27995
27996
27997
27999
28000
28002
28004
28004
28004
28005
28006
28006
28007
28007
28009
28012
28013
28014
28014
28014
28015
28015
28015
28016
28016
28017
28018
28019
28019
28024
28025
28026
28026
28028
28029
28030
28031
28032
28033
28033
28033
28034
28035
28035
28037
28037
28037
28039
28039
28040
28040
28043
28043
28047
28047
28047
28047
28048
28048
28048
28050
28052
28052
28053
28053
28055
28055
28056
28058
28059
28059
28059
28060
28061
28062
28065
28067
28069
28070
28073
28076
28076
28078
28078
28079
28080
28086
28088
28089
28089
28090
28090
28090
28090
28091
28092
28092
28093
28094
28096
28099
28101
28102
28103
28104
28104
28105
28105
28105
28105
28105
28108
28112
28113
28113
28115
28116
28117
28117
28118
28119
28119
28121
28122
28123
28124
28124
28124
28126
28127
28128
28128
28129
28131
28132
28133
28133
28134
28134
28135
28136
28136
28136
28139
28140
28142
28143
28144
28145
28146
28147
28149
28149
28149
28150
28150
28150
28150
28151
28155
28157
28157
28158
28159
28160
28160
28163
28164
28164
28165
28165
28165
28170
28173
28174
28175
28177
28178
28180
28184
28184
28184
28187
28187
28188
28188
28192
28192
28193
28193
28194
28197
28197
28201
28203
28203
28204
28205
28206
28206
28207
28209
28211
28211
28211
28212
28213
28214
28214
28214
28214
28215
28216
28217
28217
28217
28217
28218
28222
28222
28222
28223
28224
28225
28227
28227
28227
28227
28228
28228
28231
28233
28233
28234
28234
28234
28235
28235
28236
28236
28237
28237
28238
28238
28239
28240
28241
28242
28242
28244
28245
28245
28246
28246
28246
28247
28248
28248
28249
28250
28251
28252
28253
28253
28255
28256
28257
28257
28258
28259
28259
28260
28261
28261
28262
28263
28263
28264
28265
28267
28271
28271
28273
28273
28276
28277
28279
28280
28286
28287
28287
28293
28294
28294
28295
28297
28297
28301
28301
28302
28302
28302
28303
28305
28306
28310
28310
28310
28311
28312
28312
28312
28312
28314
28314
28316
28317
28317
28317
28318
28320
28320
28320
28321
28321
28324
28324
28325
28325
28325
28327
28328
28328
28329
28330
28331
28331
28331
28332
28332
28335
28336
28336
28337
28339
28340
28341
28342
28342
28343
28343
28344
28347
28347
28348
28349
28349
28352
28352
28355
28356
28358
28358
28359
28359
28359
28361
28362
28365
28366
28366
28368
28368
28369
28370
28371
28372
28374
28376
28376
28377
28377
28378
28380
28381
28381
28382
28384
28384
28384
28386
28387
28388
28389
28390
28390
28395
28395
28397
28397
28398
28398
28402
28403
28405
28405
28405
28405
28406
28406
28406
28407
28408
28412
28413
28413
28414
28415
28416
28416
28416
28418
28419
28422
28423
28423
28423
28424
28425
28426
28427
28427
28428
28429
28431
28432
28432
28434
28435
28436
28436
28438
28439
28439
28440
28441
28441
28442
28446
28446
28446
28450
28450
28451
28451
28453
28453
28456
28456
28457
28459
28460
28463
28466
28467
28468
28468
28468
28469
28469
28471
28472
28473
28473
28473
28475
28475
28476
28476
28477
28478
28478
28479
28485
28486
28487
28487
28487
28491
28495
28495
28497
28499
28501
28503
28503
28505
28506
28507
28507
28509
28510
28510
28511
28511
28513
28513
28514
28514
28515
28517
28519
28521
28522
28523
28525
28527
28527
28528
28528
28530
28531
28532
28533
28534
28534
28535
28535
28535
28541
28544
28544
28544
28545
28545
28546
28546
28548
28550
28551
28552
28553
28553
28553
28555
28556
28556
28558
28558
28561
28561
28562
28562
28563
28564
28565
28566
28566
28566
28567
28567
28568
28569
28571
28572
28572
28573
28574
28574
28574
28575
28576
28577
28578
28579
28581
28581
28581
28584
28585
28585
28586
28587
28588
28589
28590
28590
28591
28593
28593
28593
28594
28595
28597
28597
28597
28599
28600
28601
28602
28604
28604
28606
28607
28611
28611
28612
28614
28614
28614
28615
28616
28617
28619
28619
28620
28624
28625
28626
28628
28629
28629
28630
28631
28632
28632
28633
28633
28633
28634
28635
28638
28639
28645
28651
28652
28654
28655
28656
28657
28657
28658
28659
28659
28659
28660
28660
28661
28662
28663
28663
28665
28666
28666
28670
28670
28673
28673
28677
28678
28679
28679
28683
28683
28684
28684
28688
28690
28690
28690
28691
28691
28692
28694
28699
28699
28701
28702
28702
28703
28704
28704
28704
28705
28705
28706
28708
28711
28711
28718
28718
28720
28721
28722
28724
28726
28726
28726
28728
28729
28731
28732
28733
28734
28734
28735
28736
28737
28737
28738
28738
28742
28742
28743
28744
28745
28745
28746
28747
28748
28748
28753
28755
28755
28756
28756
28758
28758
28760
28761
28764
28764
28764
28764
28765
28765
28767
28767
28767
28767
28768
28769
28770
28771
28773
28773
28774
28774
28779
28780
28782
28782
28782
28782
28784
28784
28785
28787
28788
28789
28789
28791
28792
28794
28794
28795
28798
28799
28800
28803
28804
28805
28808
28808
28809
28809
28810
28811
28813
28813
28815
28815
28815
28815
28816
28818
28818
28819
28819
28820
28820
28821
28822
28822
28822
28824
28825
28825
28827
28828
28830
28830
28832
28833
28833
28833
28835
28835
28835
28835
28836
28837
28837
28838
28839
28843
28844
28845
28846
28848
28848
28850
28850
28850
28851
28852
28853
28853
28854
28854
28854
28856
28858
28858
28859
28860
28861
28862
28863
28863
28865
28865
28866
28866
28868
28869
28869
28870
28872
28873
28874
28874
28874
28875
28876
28879
28880
28881
28881
28882
28882
28883
28883
28884
28885
28886
28886
28886
28887
28887
28889
28890
28890
28892
28892
28893
28894
28895
28897
28898
28899
28899
28900
28902
28903
28904
28905
28907
28908
28909
28909
28909
28909
28910
28910
28910
28915
28918
28920
28922
28922
28923
28923
28923
28924
28926
28930
28931
28931
28934
28936
28937
28937
28938
28939
28940
28940
28940
28944
28948
28949
28949
28949
28952
28953
28954
28954
28957
28961
28962
28962
28963
28963
28964
28965
28965
28966
28968
28968
28970
28970
28973
28974
28978
28981
28981
28985
28986
28987
28989
28989
28990
28990
28991
28992
28993
28993
28995
28998
29000
29000
29001
29002
29002
29003
29004
29004
29006
29008
29010
29011
29012
29012
29013
29014
29015
29016
29016
29016
29017
29018
29019
29020
29020
29021
29022
29022
29023
29023
29024
29026
29026
29027
29028
29028
29030
29030
29030
29031
29031
29031
29036
29036
29037
29038
29039
29040
29041
29042
29042
29043
29043
29044
29047
29048
29048
29049
29050
29050
29050
29051
29051
29052
29052
29053
29057
29057
29058
29058
29059
29059
29059
29060
29060
29061
29063
29064
29064
29065
29066
29066
29067
29067
29067
29067
29068
29069
29070
29070
29071
29071
29071
29072
29073
29073
29074
29074
29075
29077
29077
29080
29080
29080
29081
29084
29084
29085
29086
29087
29087
29087
29088
29089
29089
29090
29091
29091
29091
29091
29093
29093
29094
29096
29097
29098
29099
29099
29101
29102
29102
29104
29104
29104
29106
29107
29110
29111
29111
29112
29113
29113
29116
29116
29117
29117
29117
29118
29119
29119
29119
29120
29120
29122
29123
29125
29127
29127
29130
29130
29132
29133
29134
29135
29137
29139
29139
29140
29141
29141
29141
29144
29144
29145
29146
29146
29147
29147
29148
29148
29148
29149
29150
29153
29155
29156
29157
29158
29161
29162
29162
29165
29165
29165
29165
29167
29168
29171
29172
29172
29173
29175
29175
29178
29179
29179
29179
29181
29181
29183
29185
29186
29187
29188
29189
29192
29192
29192
29193
29193
29193
29193
29194
29196
29199
29201
29201
29201
29202
29202
29203
29206
29209
29210
29210
29213
29214
29217
29217
29218
29218
29219
29220
29220
29222
29222
29222
29223
29224
29224
29225
29225
29229
29230
29230
29231
29232
29232
29233
29233
29236
29237
29237
29238
29238
29239
29239
29240
29243
29246
29246
29247
29248
29248
29250
29250
29250
29251
29252
29252
29253
29258
29258
29258
29260
29260
29263
29264
29267
29268
29270
29272
29272
29273
29274
29274
29274
29275
29276
29276
29277
29278
29278
29279
29281
29282
29283
29283
29284
29284
29286
29286
29288
29289
29290
29291
29292
29293
29293
29295
29296
29297
29297
29298
29298
29298
29299
29300
29301
29301
29301
29303
29303
29303
29304
29304
29305
29305
29307
29308
29311
29314
29314
29315
29315
29316
29316
29316
29317
29317
29318
29318
29318
29322
29326
29327
29328
29328
29329
29329
29329
29331
29332
29332
29333
29333
29333
29335
29335
29335
29335
29336
29337
29342
29343
29344
29344
29344
29345
29347
29347
29348
29350
29354
29354
29355
29355
29358
29360
29364
29365
29365
29366
29367
29367
29367
29367
29368
29368
29369
29369
29375
29375
29375
29378
29378
29379
29379
29379
29382
29383
29383
29386
29391
29394
29394
29395
29395
29396
29398
29398
29398
29399
29399
29400
29400
29401
29402
29404
29404
29405
29408
29412
29412
29413
29414
29414
29414
29415
29417
29417
29417
29417
29419
29419
29423
29424
29424
29425
29426
29428
29428
29429
29432
29433
29436
29436
29438
29438
29439
29439
29439
29440
29440
29442
29444
29444
29446
29446
29447
29447
29447
29448
29450
29451
29451
29452
29452
29453
29454
29455
29456
29458
29458
29459
29459
29460
29460
29460
29461
29462
29463
29464
29464
29465
29466
29466
29466
29467
29469
29470
29471
29471
29473
29473
29474
29474
29476
29477
29477
29477
29478
29479
29479
29479
29480
29480
29481
29482
29483
29485
29485
29486
29487
29488
29488
29489
29489
29490
29491
29492
29493
29493
29494
29494
29495
29495
29497
29497
29498
29498
29499
29500
29503
29503
29504
29504
29504
29506
29508
29508
29509
29510
29510
29510
29510
29511
29513
29514
29514
29515
29516
29518
29521
29521
29522
29525
29525
29525
29526
29527
29527
29528
29529
29529
29530
29531
29534
29535
29536
29536
29536
29536
29537
29539
29540
29542
29542
29545
29546
29548
29548
29549
29551
29553
29555
29556
29556
29557
29558
29558
29559
29559
29560
29560
29561
29562
29562
29563
29564
29564
29568
29569
29569
29572
29574
29574
29575
29576
29576
29576
29577
29578
29578
29580
29580
29580
29583
29584
29585
29585
29588
29589
29590
29590
29591
29591
29592
29592
29593
29593
29594
29594
29596
29597
29598
29602
29605
29606
29607
29608
29609
29609
29611
29613
29614
29616
29616
29618
29618
29621
29621
29622
29623
29624
29624
29625
29627
29627
29628
29628
29629
29630
29631
29632
29632
29632
29633
29633
29635
29636
29637
29637
29638
29638
29638
29640
29641
29641
29642
29643
29643
29645
29645
29646
29648
29648
29649
29652
29652
29653
29653
29653
29654
29656
29656
29657
29660
29662
29663
29664
29665
29665
29667
29667
29667
29667
29668
29669
29671
29672
29672
29672
29673
29673
29674
29675
29675
29676
29680
29680
29681
29681
29683
29689
29689
29690
29692
29692
29692
29692
29694
29694
29700
29700
29702
29703
29706
29706
29707
29708
29708
29711
29711
29711
29712
29712
29712
29713
29713
29714
29714
29716
29716
29717
29719
29719
29720
29722
29725
29725
29725
29725
29726
29726
29726
29727
29727
29729
29732
29732
29733
29733
29736
29738
29739
29740
29741
29742
29742
29742
29742
29743
29743
29745
29745
29746
29746
29747
29747
29748
29748
29749
29749
29749
29749
29751
29752
29753
29754
29754
29754
29756
29756
29758
29759
29765
29766
29766
29768
29770
29770
29772
29773
29774
29778
29779
29779
29779
29779
29779
29779
29780
29781
29781
29783
29784
29784
29785
29785
29786
29790
29791
29792
29792
29794
29795
29796
29796
29796
29797
29800
29802
29803
29803
29807
29808
29809
29812
29813
29813
29814
29815
29816
29819
29820
29822
29823
29824
29825
29825
29825
29825
29825
29826
29826
