10022
10024
10025
10025
10025
10025
10029
10036
10038
10039
10039
10039
10042
10043
10043
10043
10044
10045
10045
10046
10046
10047
10047
10048
10049
10051
10051
10051
10051
10054
10055
10056
10060
10063
10063
10064
10065
10065
10067
10068
10072
10073
10074
10075
10078
10079
10079
10079
10079
10080
10081
10081
10082
10082
10084
10084
10085
10086
10087
10087
10088
10088
10090
10091
10091
10091
10091
10091
10092
10092
10094
10094
10095
10095
10095
10095
10096
10098
10099
10100
10100
10101
10103
10103
10103
10104
10104
10108
10108
10110
10110
10110
10111
10113
10114
10114
10115
10116
10117
10117
10119
10120
10121
10121
10122
10122
10122
10123
10123
10123
10124
10125
10125
10127
10127
10130
10130
10131
10133
10133
10134
10134
10134
10136
10140
10140
10141
10141
10141
10145
10145
10147
10153
10157
10157
10158
10158
10160
10162
10163
10164
10168
10168
10169
10169
10170
10171
10175
10175
10177
10177
10179
10180
10180
10180
10182
10184
10185
10185
10186
10186
10187
10188
10188
10188
10188
10190
10194
10198
10200
10202
10202
10206
10206
10206
10208
10212
10212
10213
10214
10215
10215
10217
10217
10218
10219
10219
10219
10222
10222
10222
10223
10223
10224
10225
10225
10226
10226
10228
10229
10229
10230
10230
10231
10231
10233
10233
10234
10235
10236
10236
10237
10239
10239
10240
10240
10240
10241
10241
10241
10241
10242
10243
10243
10246
10247
10247
10247
10247
10248
10248
10248
10248
10249
10250
10250
10252
10252
10252
10253
10254
10255
10258
10258
10258
10261
10262
10265
10265
10267
10267
10268
10268
10270
10271
10271
10272
10273
10273
10274
10275
10276
10276
10277
10279
10279
10279
10280
10280
10284
10284
10284
10285
10291
10292
10293
10294
10296
10297
10299
10299
10300
10301
10302
10302
10304
10304
10305
10305
10307
10307
10307
10308
10309
10310
10310
10311
10311
10311
10312
10312
10316
10317
10319
10319
10320
10321
10321
10321
10321
10323
10325
10327
10330
10332
10332
10332
10332
10332
10333
10334
10334
10335
10336
10340
10340
10340
10341
10343
10343
10343
10344
10346
10346
10347
10348
10351
10352
10353
10356
10357
10358
10358
10360
10361
10361
10362
10364
10364
10369
10370
10370
10371
10371
10371
10372
10374
10375
10376
10377
10378
10379
10380
10381
10382
10382
10383
10385
10385
10385
10389
10389
10391
10392
10392
10396
10396
10397
10397
10398
10400
10402
10404
10404
10405
10406
10406
10406
10407
10408
10408
10408
10409
10410
10410
10411
10411
10414
10414
10417
10418
10420
10421
10421
10422
10425
10427
10428
10431
10432
10440
10443
10443
10443
10444
10448
10449
10450
10451
10453
10454
10454
10455
10456
10457
10461
10461
10461
10462
10462
10462
10462
10463
10463
10463
10464
10465
10465
10466
10467
10467
10469
10470
10470
10471
10472
10473
10474
10474
10475
10477
10479
10481
10481
10481
10482
10483
10483
10487
10489
10490
10491
10492
10493
10495
10495
10496
10498
10498
10498
10500
10500
10500
10500
10500
10501
10502
10504
10505
10505
10506
10507
10507
10509
10511
10512
10513
10513
10515
10515
10515
10519
10523
10523
10525
10525
10525
10525
10526
10528
10530
10531
10532
10533
10534
10535
10535
10540
10545
10549
10549
10552
10553
10554
10557
10558
10562
10563
10565
10566
10566
10567
10567
10569
10569
10570
10570
10573
10573
10577
10578
10578
10578
10579
10580
10582
10583
10583
10583
10585
10586
10588
10589
10590
10591
10591
10592
10593
10593
10597
10597
10598
10598
10599
10601
10602
10602
10603
10605
10605
10609
10610
10611
10611
10612
10614
10615
10615
10615
10616
10617
10618
10618
10619
10619
10622
10622
10623
10624
10625
10626
10628
10631
10631
10631
10632
10632
10634
10635
10637
10638
10639
10640
10640
10641
10642
10642
10643
10644
10646
10647
10647
10648
10648
10649
10649
10649
10649
10650
10651
10653
10653
10653
10656
10656
10657
10657
10657
10657
10658
10658
10658
10659
10659
10660
10660
10661
10664
10664
10666
10668
10671
10671
10672
10674
10676
10676
10678
10678
10679
10679
10683
10684
10686
10688
10688
10688
10688
10691
10692
10695
10696
10696
10697
10698
10702
10702
10704
10704
10706
10708
10711
10711
10711
10712
10713
10714
10714
10714
10715
10715
10717
10717
10718
10720
10720
10721
10722
10725
10726
10726
10727
10728
10729
10729
10729
10730
10730
10731
10732
10732
10736
10737
10737
10738
10741
10742
10744
10745
10746
10747
10748
10749
10750
10751
10753
10753
10754
10755
10755
10756
10756
10756
10756
10759
10760
10760
10763
10763
10763
10764
10765
10765
10768
10768
10768
10769
10769
10770
10770
10771
10772
10774
10775
10775
10776
10776
10777
10777
10777
10779
10779
10780
10781
10783
10784
10785
10785
10786
10786
10786
10787
10788
10790
10791
10792
10793
10794
10794
10795
10797
10798
10801
10801
10802
10803
10803
10803
10805
10806
10808
10809
10810
10810
10811
10812
10813
10813
10814
10819
10820
10820
10820
10822
10822
10822
10823
10826
10827
10827
10827
10830
10832
10833
10835
10836
10836
10837
10838
10841
10842
10843
10844
10845
10845
10845
10845
10846
10847
10848
10849
10849
10850
10850
10851
10852
10852
10853
10854
10854
10854
10855
10856
10856
10858
10862
10863
10863
10864
10864
10867
10868
10869
10869
10872
10872
10875
10875
10876
10877
10877
10878
10878
10881
10881
10882
10882
10883
10884
10885
10885
10885
10885
10885
10886
10888
10889
10889
10889
10890
10890
10891
10892
10893
10893
10893
10894
10894
10895
10897
10898
10898
10899
10899
10899
10899
10900
10900
10900
10901
10901
10901
10903
10903
10904
10905
10906
10908
10909
10909
10910
10911
10912
10912
10914
10915
10916
10916
10921
10922
10922
10926
10926
10927
10928
10930
10932
10934
10934
10934
10937
10939
10940
10941
10941
10943
10943
10944
10944
10945
10945
10947
10947
10948
10949
10950
10950
10955
10955
10956
10960
10960
10963
10964
10964
10965
10965
10968
10970
10970
10971
10972
10973
10973
10975
10975
10975
10977
10977
10978
10978
10978
10979
10980
10980
10981
10982
10982
10983
10983
10984
10985
10985
10985
10986
10986
10986
10986
10988
10988
10989
10989
10991
10991
10992
10992
10993
10993
10995
10995
10996
10997
11001
11002
11003
11005
11009
11013
11013
11018
11018
11021
11021
11024
11025
11028
11031
11032
11034
11034
11034
11038
11040
11041
11041
11042
11043
11044
11044
11045
11047
11051
11052
11052
11054
11056
11057
11057
11058
11059
11061
11063
11064
11064
11065
11066
11068
11068
11069
11069
11070
11070
11070
11071
11072
11073
11074
11074
11075
11076
11077
11077
11077
11078
11078
11079
11079
11081
11081
11082
11082
11083
11084
11085
11085
11085
11086
11087
11087
11088
11088
11088
11088
11088
11089
11089
11093
11094
11096
11097
11097
11098
11100
11100
11101
11101
11103
11105
11106
11107
11107
11107
11107
11108
11111
11111
11112
11112
11113
11113
11114
11115
11115
11119
11120
11120
11121
11121
11122
11122
11122
11123
11125
11126
11126
11126
11126
11127
11128
11128
11129
11129
11129
11130
11131
11132
11134
11134
11136
11138
11138
11139
11139
11139
11140
11140
11140
11142
11142
11142
11143
11143
11144
11144
11145
11145
11145
11146
11148
11149
11151
11153
11154
11156
11156
11157
11158
11159
11160
11160
11160
11160
11162
11163
11164
11168
11169
11170
11170
11171
11171
11172
11172
11173
11173
11174
11174
11176
11176
11178
11181
11184
11185
11185
11186
11187
11187
11188
11188
11189
11189
11190
11190
11192
11193
11193
11196
11196
11196
11197
11197
11198
11198
11199
11200
11201
11202
11202
11204
11205
11207
11207
11209
11210
11210
11210
11211
11211
11214
11215
11215
11216
11216
11216
11217
11217
11218
11220
11220
11225
11227
11228
11229
11229
11229
11230
11232
11232
11232
11233
11234
11234
11234
11234
11236
11238
11238
11238
11239
11239
11240
11241
11242
11245
11247
11249
11250
11251
11253
11254
11256
11256
11257
11260
11264
11264
11265
11267
11269
11272
11273
11274
11276
11278
11278
11279
11280
11281
11282
11283
11284
11284
11284
11284
11284
11285
11285
11287
11287
11287
11288
11288
11289
11289
11290
11290
11290
11290
11294
11295
11295
11296
11298
11298
11298
11298
11301
11302
11302
11303
11303
11304
11305
11305
11307
11309
11309
11316
11318
11320
11320
11322
11322
11322
11322
11324
11325
11327
11327
11327
11328
11331
11331
11332
11333
11335
11338
11339
11339
11339
11341
11342
11343
11343
11344
11344
11344
11347
11347
11347
11348
11350
11350
11351
11351
11352
11353
11358
11359
11360
11360
11363
11364
11366
11366
11367
11367
11367
11368
11368
11369
11370
11371
11372
11373
11373
11375
11376
11376
11377
11378
11379
11379
11379
11380
11381
11383
11383
11385
11387
11388
11389
11389
11389
11390
11391
11391
11391
11392
11392
11393
11394
11394
11396
11396
11396
11396
11399
11400
11401
11402
11402
11402
11403
11403
11406
11406
11407
11408
11411
11411
11414
11414
11415
11415
11415
11415
11417
11418
11419
11421
11423
11423
11425
11426
11426
11427
11427
11429
11429
11430
11431
11433
11434
11435
11435
11435
11436
11437
11437
11437
11438
11439
11440
11442
11442
11445
11446
11447
11448
11448
11449
11449
11450
11450
11452
11453
11454
11456
11456
11457
11457
11458
11460
11461
11462
11462
11464
11467
11468
11469
11469
11470
11471
11472
11472
11474
11474
11474
11475
11475
11476
11477
11478
11478
11479
11482
11483
11483
11485
11486
11487
11488
11489
11490
11491
11491
11491
11492
11492
11493
11495
11496
11501
11502
11502
11502
11503
11503
11503
11503
11503
11504
11505
11505
11507
11508
11508
11508
11509
11510
11511
11511
11512
11514
11514
11515
11515
11517
11517
11519
11520
11522
11522
11524
11527
11527
11527
11528
11528
11529
11529
11530
11530
11532
11532
11532
11533
11533
11534
11535
11535
11537
11538
11538
11542
11542
11544
11544
11545
11545
11547
11547
11548
11548
11549
11550
11550
11551
11552
11555
11558
11558
11558
11560
11561
11562
11565
11565
11565
11566
11566
11567
11569
11569
11570
11570
11571
11571
11572
11573
11576
11576
11576
11577
11577
11581
11581
11581
11583
11586
11586
11588
11589
11589
11592
11592
11593
11593
11596
11597
11598
11600
11601
11603
11604
11606
11608
11608
11609
11609
11610
11610
11611
11611
11611
11613
11613
11614
11614
11614
11615
11616
11616
11617
11619
11619
11619
11620
11621
11622
11622
11623
11624
11624
11624
11625
11626
11631
11632
11632
11633
11634
11636
11636
11637
11639
11641
11642
11642
11643
11643
11645
11645
11645
11646
11648
11648
11648
11651
11653
11655
11656
11657
11657
11658
11658
11658
11661
11662
11662
11664
11665
11667
11667
11668
11671
11673
11673
11673
11674
11674
11675
11677
11677
11680
11680
11682
11684
11684
11686
11686
11687
11689
11690
11691
11692
11693
11693
11696
11697
11698
11699
11700
11700
11700
11702
11703
11703
11703
11707
11707
11707
11707
11710
11711
11712
11713
11714
11715
11716
11716
11716
11717
11718
11720
11720
11722
11724
11725
11725
11726
11727
11728
11728
11729
11729
11730
11730
11733
11734
11735
11737
11740
11740
11741
11741
11741
11745
11745
11746
11747
11747
11747
11748
11750
11751
11752
11753
11755
11756
11757
11759
11760
11760
11762
11762
11762
11763
11764
11765
11766
11767
11767
11769
11771
11773
11774
11774
11775
11779
11780
11781
11785
11785
11786
11786
11787
11789
11790
11795
11795
11798
11799
11801
11802
11802
11804
11805
11805
11806
11808
11809
11810
11811
11811
11814
11814
11814
11817
11818
11818
11819
11820
11820
11820
11821
11824
11825
11828
11829
11831
11832
11833
11834
11834
11835
11837
11837
11839
11840
11841
11846
11847
11847
11848
11849
11850
11851
11853
11855
11856
11856
11857
11857
11858
11860
11862
11864
11864
11864
11866
11866
11867
11869
11870
11874
11875
11875
11876
11876
11876
11877
11878
11879
11880
11882
11882
11883
11883
11884
11886
11887
11887
11888
11888
11888
11888
11889
11890
11892
11892
11892
11893
11895
11898
11898
11899
11900
11901
11902
11906
11909
11909
11910
11911
11912
11914
11914
11915
11918
11919
11921
11922
11923
11923
11926
11929
11929
11929
11931
11935
11935
11935
11935
11937
11938
11942
11943
11943
11944
11946
11946
11947
11947
11948
11950
11951
11951
11951
11952
11953
11955
11955
11956
11957
11957
11957
11957
11964
11966
11968
11969
11969
11970
11970
11970
11970
11970
11971
11971
11973
11973
11975
11975
11975
11979
11979
11979
11980
11980
11980
11981
11984
11985
11985
11986
11987
11987
11988
11989
11990
11991
11994
11995
11995
11996
11996
11996
11997
11997
11998
12001
12001
12002
12002
12002
12003
12005
12006
12007
12007
12010
12011
12012
12012
12013
12013
12014
12014
12019
12022
12022
12022
12023
12024
12024
12025
12026
12027
12027
12027
12028
12028
12029
12031
12031
12033
12034
12034
12034
12035
12036
12036
12038
12040
12041
12042
12043
12044
12044
12046
12046
12046
12047
12048
12049
12050
12050
12051
12052
12053
12053
12054
12055
12057
12057
12057
12057
12057
12062
12063
12065
12066
12070
12070
12071
12072
12072
12073
12074
12076
12078
12079
12079
12079
12080
12083
12084
12084
12087
12087
12087
12088
12090
12091
12091
12091
12094
12094
12097
12098
12098
12098
12098
12099
12100
12100
12100
12101
12102
12104
12105
12106
12108
12108
12111
12111
12112
12113
12114
12115
12116
12116
12119
12120
12122
12122
12122
12124
12124
12126
12126
12128
12128
12129
12132
12133
12133
12133
12134
12138
12138
12138
12138
12138
12139
12139
12140
12140
12141
12141
12141
12144
12147
12147
12148
12148
12148
12150
12150
12151
12152
12153
12153
12155
12155
12156
12156
12156
12157
12159
12161
12167
12167
12169
12169
12170
12172
12172
12174
12175
12179
12179
12180
12180
12180
12183
12183
12183
12184
12185
12186
12186
12187
12187
12187
12189
12189
12190
12190
12192
12193
12193
12194
12195
12196
12196
12197
12199
12200
12201
12201
12202
12207
12208
12209
12210
12211
12212
12213
12213
12216
12216
12216
12217
12217
12218
12220
12222
12222
12222
12225
12226
12227
12227
12228
12231
12231
12233
12234
12236
12236
12239
12241
12243
12243
12244
12245
12245
12246
12246
12247
12248
12249
12249
12249
12250
12251
12251
12252
12252
12252
12253
12255
12256
12256
12257
12258
12261
12262
12265
12266
12266
12268
12269
12269
12271
12271
12271
12273
12273
12273
12275
12276
12277
12278
12278
12279
12280
12282
12286
12286
12286
12287
12289
12289
12290
12290
12290
12290
12291
12292
12292
12293
12294
12296
12296
12297
12297
12297
12301
12302
12306
12306
12306
12306
12308
12309
12310
12312
12313
12317
12318
12320
12322
12322
12322
12322
12323
12324
12324
12326
12326
12328
12328
12329
12331
12331
12332
12332
12332
12333
12334
12334
12335
12336
12337
12340
12340
12340
12341
12342
12343
12343
12344
12346
12346
12351
12351
12355
12355
12356
12356
12357
12358
12358
12360
12361
12361
12362
12363
12364
12366
12367
12367
12368
12369
12369
12370
12373
12375
12375
12376
12376
12377
12377
12378
12380
12380
12382
12383
12384
12385
12385
12386
12386
12387
12388
12389
12389
12391
12392
12392
12392
12394
12395
12395
12396
12396
12399
12399
12400
12400
12402
12402
12403
12405
12405
12406
12407
12411
12411
12411
12414
12414
12416
12418
12419
12421
12421
12422
12423
12424
12427
12431
12431
12432
12435
12436
12437
12438
12439
12442
12442
12443
12444
12445
12447
12447
12448
12449
12452
12454
12456
12456
12456
12456
12458
12459
12461
12461
12465
12465
12465
12465
12466
12466
12469
12470
12470
12471
12471
12473
12474
12474
12474
12475
12476
12477
12477
12479
12480
12481
12481
12481
12482
12482
12486
12488
12489
12490
12490
12490
12492
12492
12494
12494
12495
12495
12497
12497
12497
12497
12497
12498
12500
12500
12501
12501
12502
12504
12504
12506
12508
12510
12510
12513
12513
12513
12513
12515
12516
12517
12520
12521
12524
12524
12524
12526
12527
12528
12529
12529
12529
12529
12530
12531
12533
12534
12535
12535
12539
12541
12541
12542
12543
12544
12545
12546
12546
12546
12546
12547
12548
12549
12549
12550
12551
12551
12551
12551
12552
12553
12553
12554
12555
12556
12556
12556
12558
12558
12560
12561
12565
12566
12568
12569
12573
12573
12574
12574
12576
12578
12579
12579
12580
12580
12580
12580
12582
12583
12584
12587
12589
12590
12590
12591
12593
12594
12594
12594
12595
12595
12596
12597
12597
12599
12599
12600
12601
12603
12604
12604
12604
12606
12607
12607
12607
12608
12610
12610
12610
12610
12610
12612
12612
12612
12612
12613
12614
12617
12618
12618
12619
12619
12625
12626
12626
12628
12629
12630
12633
12633
12634
12635
12638
12638
12639
12640
12641
12642
12643
12644
12644
12648
12648
12650
12651
12651
12652
12653
12653
12654
12654
12654
12655
12657
12657
12658
12660
12661
12666
12667
12667
12667
12671
12672
12673
12674
12675
12675
12675
12675
12675
12676
12676
12676
12679
12680
12680
12681
12682
12683
12683
12685
12685
12687
12687
12690
12691
12692
12692
12696
12696
12696
12702
12702
12704
12705
12705
12710
12711
12712
12712
12714
12715
12716
12717
12720
12721
12721
12723
12726
12729
12730
12732
12732
12733
12733
12733
12734
12735
12735
12735
12735
12736
12739
12739
12748
12749
12749
12750
12751
12752
12752
12752
12753
12753
12754
12755
12756
12756
12757
12758
12758
12762
12763
12763
12764
12767
12767
12767
12767
12769
12770
12772
12772
12772
12772
12773
12775
12777
12780
12780
12783
12784
12784
12785
12786
12787
12789
12790
12792
12793
12793
12793
12793
12794
12795
12795
12795
12795
12796
12796
12796
12796
12797
12798
12798
12799
12800
12800
12800
12801
12802
12804
12805
12805
12806
12806
12807
12808
12810
12812
12813
12813
12813
12814
12814
12814
12815
12816
12817
12817
12818
12819
12820
12821
12821
12823
12825
12825
12825
12828
12828
12829
12831
12832
12832
12833
12834
12835
12836
12838
12840
12840
12844
12844
12845
12846
12848
12851
12851
12853
12853
12853
12854
12855
12856
12857
12857
12857
12858
12860
12861
12862
12863
12864
12864
12864
12867
12868
12870
12871
12871
12871
12871
12871
12872
12872
12872
12873
12873
12874
12874
12875
12876
12877
12878
12878
12880
12880
12880
12881
12882
12883
12886
12887
12889
12891
12892
12892
12894
12894
12896
12897
12898
12899
12899
12901
12901
12902
12902
12905
12906
12907
12908
12908
12909
12909
12909
12910
12912
12914
12915
12917
12917
12918
12919
12921
12922
12923
12926
12927
12928
12928
12929
12931
12932
12933
12934
12935
12936
12936
12937
12937
12937
12937
12940
12940
12942
12942
12943
12943
12943
12943
12946
12947
12949
12950
12951
12952
12952
12954
12955
12957
12958
12959
12959
12960
12961
12961
12962
12963
12964
12966
12966
12967
12967
12969
12971
12972
12972
12974
12974
12974
12976
12976
12978
12979
12979
12979
12982
12983
12983
12983
12984
12985
12987
12989
12989
12989
12990
12990
12992
12992
12992
12994
12994
12997
12999
13001
13001
13002
13003
13004
13004
13006
13008
13008
13008
13009
13011
13012
13012
13014
13015
13017
13017
13018
13019
13019
13020
13020
13020
13021
13022
13022
13023
13024
13027
13027
13028
13033
13035
13038
13041
13042
13044
13045
13045
13045
13045
13045
13046
13046
13047
13048
13049
13055
13056
13056
13057
13057
13057
13057
13057
13058
13059
13060
13061
13061
13061
13062
13062
13063
13063
13064
13064
13065
13066
13066
13069
13070
13073
13073
13073
13074
13074
13074
13074
13075
13075
13076
13076
13080
13081
13081
13083
13083
13088
13090
13090
13090
13090
13090
13091
13092
13093
13093
13093
13093
13096
13097
13097
13098
13099
13100
13100
13102
13102
13103
13104
13105
13105
13106
13106
13107
13107
13108
13109
13111
13112
13112
13112
13113
13115
13115
13116
13116
13117
13118
13118
13119
13121
13121
13123
13124
13124
13125
13125
13126
13126
13127
13131
13131
13132
13133
13134
13135
13136
13137
13140
13142
13142
13142
13144
13145
13147
13148
13149
13152
13152
13153
13154
13154
13154
13155
13156
13156
13157
13159
13159
13160
13162
13163
13165
13165
13167
13169
13169
13170
13172
13172
13173
13174
13174
13176
13177
13177
13177
13177
13178
13178
13180
13180
13180
13180
13182
13183
13183
13184
13184
13184
13190
13190
13190
13191
13194
13194
13194
13195
13195
13198
13199
13200
13202
13202
13203
13204
13205
13205
13206
13207
13207
13209
13209
13216
13216
13217
13218
13218
13218
13220
13221
13223
13224
13225
13225
13227
13227
13227
13228
13230
13232
13233
13234
13235
13236
13238
13238
13239
13241
13241
13241
13244
13244
13245
13245
13245
13246
13246
13247
13247
13249
13250
13251
13252
13254
13256
13256
13257
13259
13260
13262
13263
13263
13263
13264
13265
13266
13268
13270
13271
13273
13273
13273
13273
13275
13275
13277
13278
13278
13282
13282
13282
13282
13283
13283
13283
13283
13286
13286
13286
13287
13287
13287
13287
13289
13290
13290
13291
13292
13293
13294
13295
13295
13296
13299
13300
13301
13301
13301
13302
13303
13304
13305
13307
13309
13311
13311
13312
13316
13318
13318
13320
13320
13321
13322
13326
13327
13328
13330
13331
13332
13332
13332
13334
13336
13337
13338
13338
13338
13340
13341
13343
13343
13347
13349
13350
13351
13351
13354
13354
13355
13358
13359
13360
13363
13364
13364
13365
13367
13367
13370
13370
13370
13372
13374
13375
13375
13376
13376
13376
13376
13378
13378
13384
13384
13385
13385
13386
13387
13389
13389
13389
13390
13391
13393
13396
13397
13398
13400
13400
13401
13401
13401
13402
13402
13403
13405
13406
13406
13408
13408
13411
13412
13413
13413
13413
13415
13416
13416
13416
13417
13417
13418
13419
13419
13420
13421
13421
13423
13423
13424
13425
13426
13426
13427
13427
13429
13430
13430
13431
13431
13431
13432
13433
13433
13435
13436
13437
13438
13439
13439
13440
13440
13443
13443
13445
13445
13445
13445
13446
13446
13456
13456
13457
13458
13459
13459
13461
13461
13462
13463
13463
13465
13466
13469
13470
13470
13473
13473
13474
13474
13475
13476
13476
13476
13477
13477
13479
13482
13482
13482
13482
13484
13484
13484
13485
13487
13488
13489
13490
13494
13494
13494
13494
13496
13497
13498
13502
13504
13505
13505
13505
13505
13507
13508
13509
13513
13515
13519
13519
13521
13522
13523
13524
13524
13526
13526
13527
13527
13530
13530
13531
13537
13539
13540
13540
13541
13543
13544
13544
13545
13546
13548
13548
13549
13549
13550
13553
13553
13554
13554
13555
13557
13558
13558
13560
13561
13562
13566
13567
13567
13568
13569
13569
13570
13570
13571
13571
13572
13572
13572
13572
13573
13575
13575
13576
13577
13579
13580
13581
13581
13582
13583
13584
13585
13586
13587
13588
13588
13589
13592
13592
13592
13592
13594
13594
13596
13597
13598
13598
13599
13599
13599
13600
13602
13605
13605
13606
13608
13609
13610
13610
13610
13612
13612
13612
13612
13613
13613
13614
13615
13615
13617
13617
13619
13619
13619
13620
13621
13622
13623
13623
13625
13625
13625
13627
13627
13628
13629
13629
13631
13631
13632
13633
13633
13635
13641
13642
13643
13643
13644
13644
13644
13650
13651
13653
13653
13653
13654
13658
13658
13662
13664
13664
13664
13665
13666
13669
13669
13670
13671
13672
13673
13673
13674
13674
13675
13676
13677
13677
13679
13679
13681
13683
13683
13683
13683
13684
13684
13685
13686
13687
13687
13688
13688
13689
13689
13689
13690
13690
13693
13697
13697
13698
13701
13702
13702
13703
13704
13704
13705
13705
13705
13706
13706
13707
13707
13707
13709
13710
13711
13712
13714
13714
13714
13714
13718
13718
13718
13720
13720
13720
13721
13721
13721
13723
13725
13728
13730
13731
13731
13732
13732
13734
13736
13737
13738
13739
13742
13742
13742
13744
13745
13745
13746
13747
13750
13751
13752
13754
13755
13755
13758
13758
13759
13759
13761
13762
13763
13763
13764
13764
13765
13767
13767
13767
13768
13768
13769
13770
13770
13771
13773
13773
13773
13774
13774
13774
13775
13776
13776
13776
13777
13779
13781
13782
13782
13782
13782
13783
13784
13784
13785
13785
13785
13787
13787
13789
13791
13793
13793
13794
13794
13796
13797
13797
13797
13798
13800
13802
13802
13802
13803
13803
13805
13805
13806
13806
13807
13808
13812
13812
13812
13813
13814
13814
13814
13815
13817
13819
13819
13819
13820
13821
13822
13822
13822
13823
13825
13826
13827
13827
13827
13829
13829
13829
13830
13831
13831
13834
13836
13839
13840
13842
13842
13843
13843
13843
13844
13849
13849
13850
13851
13851
13852
13858
13858
13858
13859
13860
13860
13861
13861
13861
13862
13863
13863
13864
13864
13865
13866
13866
13867
13871
13873
13874
13876
13876
13880
13881
13881
13881
13882
13883
13885
13885
13887
13888
13888
13889
13889
13889
13890
13891
13893
13896
13896
13897
13898
13898
13899
13900
13900
13902
13904
13904
13904
13904
13905
13905
13906
13907
13907
13908
13908
13908
13909
13909
13910
13911
13912
13912
13913
13914
13915
13916
13916
13917
13919
13920
13920
13922
13923
13923
13923
13923
13924
13924
13926
13927
13928
13928
13928
13929
13930
13931
13932
13932
13933
13934
13936
13936
13937
13940
13941
13941
13942
13945
13945
13947
13947
13948
13950
13951
13952
13953
13953
13955
13955
13956
13957
13957
13958
13958
13959
13959
13959
13959
13959
13960
13961
13961
13964
13964
13965
13965
13966
13967
13967
13968
13970
13971
13972
13978
13981
13981
13981
13982
13982
13983
13983
13984
13986
13986
13988
13988
13990
13990
13991
13992
13992
13992
13993
13994
13995
13995
13997
13998
13999
13999
14000
14001
14001
14002
14003
14003
14004
14006
14007
14008
14008
14009
14009
14010
14012
14013
14014
14015
14016
14018
14019
14020
14020
14020
14021
14024
14025
14028
14031
14032
14032
14033
14033
14034
14036
14039
14042
14042
14042
14044
14047
14047
14049
14050
14051
14052
14054
14054
14054
14055
14056
14057
14060
14060
14064
14065
14067
14067
14069
14072
14075
14075
14076
14076
14076
14078
14080
14081
14082
14082
14082
14083
14084
14085
14086
14087
14089
14090
14090
14090
14091
14092
14092
14093
14094
14098
14099
14099
14101
14102
14103
14103
14103
14105
14105
14105
14106
14107
14108
14108
14108
14109
14109
14109
14110
14110
14111
14113
14114
14114
14114
14114
14115
14115
14117
14119
14120
14120
14120
14121
14122
14122
14124
14125
14125
14126
14127
14127
14129
14129
14130
14131
14131
14132
14133
14133
14134
14134
14134
14136
14137
14137
14137
14139
14140
14142
14142
14142
14143
14145
14145
14146
14149
14150
14151
14155
14156
14157
14158
14158
14159
14160
14161
14162
14163
14164
14165
14168
14169
14170
14171
14171
14175
14175
14176
14176
14176
14176
14177
14180
14182
14185
14185
14186
14188
14188
14189
14190
14191
14191
14192
14192
14195
14195
14195
14196
14197
14197
14198
14198
14199
14199
14199
14200
14200
14203
14204
14205
14207
14207
14207
14212
14213
14213
14214
14214
14215
14215
14215
14216
14216
14219
14219
14219
14219
14222
14222
14224
14227
14228
14228
14228
14229
14231
14232
14232
14232
14232
14233
14236
14240
14243
14243
14244
14244
14245
14245
14248
14248
14251
14252
14252
14252
14253
14253
14254
14255
14256
14259
14260
14260
14261
14261
14262
14263
14265
14265
14266
14267
14270
14272
14272
14273
14273
14277
14277
14277
14278
14279
14280
14283
14283
14284
14285
14286
14286
14286
14287
14288
14288
14288
14289
14291
14293
14293
14294
14294
14294
14295
14295
14296
14296
14299
14300
14300
14300
14301
14302
14304
14307
14307
14308
14309
14309
14310
14314
14316
14316
14316
14317
14317
14317
14318
14319
14320
14320
14321
14322
14323
14323
14324
14324
14324
14325
14325
14326
14333
14334
14335
14336
14337
14341
14341
14342
14343
14345
14347
14348
14352
14353
14353
14353
14355
14355
14356
14356
14358
14358
14360
14363
14365
14365
14365
14366
14368
14369
14369
14371
14371
14373
14373
14374
14376
14376
14381
14381
14383
14383
14383
14384
14385
14386
14386
14387
14388
14388
14388
14389
14390
14391
14391
14392
14392
14393
14393
14393
14396
14397
14399
14399
14399
14400
14401
14402
14403
14403
14404
14404
14404
14405
14406
14406
14407
14408
14408
14411
14411
14412
14413
14413
14413
14415
14417
14418
14418
14420
14420
14421
14423
14423
14424
14424
14428
14429
14430
14430
14431
14432
14433
14433
14434
14434
14434
14436
14436
14437
14440
14441
14441
14443
14444
14444
14445
14446
14446
14448
14450
14451
14451
14452
14456
14457
14458
14458
14460
14460
14464
14465
14466
14466
14466
14466
14467
14468
14468
14468
14469
14469
14469
14470
14470
14470
14472
14472
14473
14473
14473
14474
14477
14478
14479
14479
14480
14480
14480
14480
14485
14486
14487
14487
14487
14488
14489
14489
14489
14490
14490
14490
14491
14493
14493
14494
14494
14496
14497
14499
14499
14500
14500
14501
14502
14503
14504
14504
14505
14505
14507
14507
14509
14510
14512
14513
14516
14517
14518
14521
14522
14524
14525
14525
14525
14526
14527
14527
14527
14528
14529
14531
14532
14533
14534
14534
14535
14540
14541
14541
14543
14544
14545
14546
14546
14548
14548
14549
14552
14552
14552
14552
14552
14552
14553
14553
14555
14556
14556
14557
14558
14558
14560
14562
14565
14567
14567
14567
14570
14570
14570
14570
14571
14572
14573
14573
14575
14575
14577
14578
14580
14582
14583
14585
14585
14586
14587
14587
14587
14589
14589
14590
14590
14595
14595
14596
14596
14597
14597
14599
14599
14599
14600
14602
14604
14605
14605
14608
14608
14608
14611
14614
14614
14615
14615
14616
14616
14616
14618
14618
14620
14621
14622
14622
14623
14625
14625
14626
14626
14626
14628
14630
14630
14630
14631
14631
14632
14632
14632
14633
14634
14637
14639
14639
14641
14641
14642
14643
14643
14644
14645
14646
14647
14648
14649
14649
14650
14650
14651
14652
14653
14653
14653
14653
14654
14655
14657
14657
14657
14658
14658
14659
14660
14660
14660
14661
14661
14662
14662
14662
14668
14669
14670
14671
14672
14674
14674
14675
14676
14676
14678
14679
14679
14682
14684
14686
14687
14688
14688
14689
14690
14690
14691
14692
14692
14692
14694
14695
14696
14696
14696
14702
14703
14706
14707
14707
14707
14707
14708
14708
14709
14709
14712
14715
14715
14716
14717
14717
14717
14718
14720
14721
14722
14722
14723
14723
14726
14726
14727
14728
14729
14732
14733
14734
14735
14735
14736
14736
14738
14741
14741
14742
14743
14745
14745
14745
14745
14746
14747
14747
14748
14751
14752
14753
14754
14754
14754
14757
14758
14758
14758
14758
14758
14759
14762
14763
14764
14767
14768
14769
14770
14772
14773
14773
14773
14773
14775
14777
14777
14778
14778
14778
14778
14780
14784
14784
14785
14786
14788
14789
14790
14790
14791
14792
14793
14794
14795
14795
14796
14796
14797
14797
14798
14798
14800
14802
14805
14807
14809
14815
14816
14817
14817
14817
14818
14820
14820
14820
14822
14825
14827
14829
14830
14831
14833
14836
14836
14838
14839
14839
14843
14844
14844
14846
14847
14849
14849
14850
14854
14855
14855
14856
14856
14857
14858
14860
14862
14867
14868
14868
14869
14869
14869
14870
14871
14873
14873
14874
14875
14876
14878
14879
14880
14880
14884
14886
14886
14887
14887
14888
14889
14890
14891
14891
14891
14892
14893
14896
14897
14897
14900
14901
14901
14901
14906
14907
14908
14909
14909
14910
14910
14914
14915
14915
14916
14916
14925
14925
14927
14929
14929
14930
14930
14932
14933
14934
14936
14937
14938
14942
14942
14942
14946
14947
14947
14952
14953
14953
14954
14956
14957
14959
14959
14959
14960
14960
14965
14966
14968
14971
14972
14972
14972
14974
14974
14974
14976
14978
14978
14978
14978
14980
14980
14980
14981
14982
14982
14983
14983
14984
14986
14988
14988
14988
14988
14989
14990
14990
14990
14991
14991
14991
14993
14994
14996
14996
14997
14999
15000
15002
15002
15005
15005
15007
15007
15008
15010
15011
15014
15016
15019
15020
15021
15021
15021
15022
15023
15025
15029
15030
15030
15030
15031
15031
15033
15034
15036
15037
15037
15037
15037
15038
15038
15039
15039
15040
15044
15044
15046
15046
15047
15047
15048
15048
15050
15051
15051
15051
15052
15053
15053
15054
15055
15057
15057
15058
15058
15059
15059
15061
15062
15062
15063
15063
15063
15064
15065
15065
15065
15066
15067
15068
15069
15069
15070
15070
15071
15071
15073
15074
15076
15076
15078
15078
15080
15081
15081
15082
15083
15084
15084
15086
15086
15087
15087
15088
15088
15088
15088
15089
15089
15090
15090
15090
15092
15094
15094
15095
15097
15102
15103
15106
15108
15108
15108
15108
15108
15108
15109
15109
15110
15111
15113
15114
15114
15115
15118
15118
15118
15119
15119
15121
15122
15123
15124
15125
15125
15126
15126
15126
15127
15129
15129
15130
15131
15131
15131
15132
15134
15134
15134
15135
15135
15137
15138
15140
15142
15143
15144
15144
15145
15146
15146
15148
15149
15153
15153
15153
15154
15154
15155
15156
15156
15157
15162
15164
15165
15165
15166
15167
15170
15170
15170
15172
15172
15174
15174
15175
15175
15175
15175
15177
15177
15177
15177
15178
15179
15180
15181
15181
15181
15183
15183
15183
15186
15187
15189
15189
15190
15190
15191
15192
15192
15192
15193
15193
15193
15194
15194
15195
15196
15198
15198
15198
15199
15200
15203
15203
15203
15205
15206
15207
15207
15209
15209
15209
15210
15210
15210
15211
15211
15212
15213
15216
15219
15220
15220
15220
15221
15223
15223
15225
15225
15226
15227
15227
15230
15231
15231
15234
15234
15235
15235
15236
15237
15241
15241
15241
15244
15244
15245
15245
15245
15247
15247
15248
15248
15250
15250
15251
15251
15252
15252
15253
15254
15254
15254
15255
15255
15257
15257
15258
15261
15262
15264
15265
15266
15266
15268
15268
15268
15268
15268
15269
15269
15269
15270
15272
15274
15276
15277
15278
15278
15279
15280
15281
15282
15284
15284
15286
15286
15287
15289
15290
15290
15290
15291
15292
15292
15295
15295
15301
15306
15307
15308
15309
15311
15315
15315
15315
15315
15316
15317
15318
15318
15319
15319
15320
15322
15323
15325
15327
15327
15329
15330
15332
15333
15334
15335
15335
15336
15336
15337
15337
15337
15338
15338
15338
15340
15342
15342
15344
15345
15345
15348
15349
15353
15354
15354
15356
15357
15359
15360
15361
15362
15363
15364
15364
15364
15367
15367
15367
15368
15368
15369
15369
15370
15370
15372
15373
15374
15376
15378
15379
15379
15380
15382
15383
15384
15384
15389
15389
15390
15393
15393
15394
15396
15396
15397
15399
15400
15401
15401
15402
15403
15406
15409
15409
15410
15412
15413
15413
15413
15415
15416
15416
15417
15417
15418
15418
15419
15419
15421
15422
15423
15423
15424
15424
15424
15424
15427
15428
15429
15433
15433
15435
15435
15436
15437
15437
15437
15438
15442
15443
15445
15445
15445
15446
15447
15447
15448
15449
15450
15450
15451
15451
15452
15458
15458
15459
15461
15463
15466
15467
15468
15468
15469
15469
15470
15471
15474
15474
15475
15475
15478
15479
15479
15480
15481
15481
15482
15483
15485
15486
15488
15489
15489
15495
15497
15498
15498
15499
15500
15500
15502
15503
15504
15504
15504
15504
15504
15505
15506
15507
15508
15510
15512
15515
15515
15515
15516
15516
15519
15521
15523
15523
15525
15526
15527
15527
15528
15528
15529
15531
15532
15532
15533
15534
15535
15538
15539
15540
15542
15542
15543
15547
15550
15551
15553
15555
15556
15557
15558
15560
15561
15562
15562
15563
15564
15564
15565
15565
15566
15567
15567
15568
15568
15569
15569
15571
15571
15571
15572
15574
15576
15576
15576
15576
15577
15577
15578
15580
15581
15582
15582
15582
15584
15585
15586
15589
15592
15595
15596
15597
15599
15599
15600
15601
15601
15601
15602
15602
15602
15603
15604
15604
15604
15605
15605
15606
15608
15608
15608
15609
15610
15611
15611
15612
15612
15613
15614
15615
15615
15615
15616
15619
15621
15621
15621
15621
15623
15623
15623
15626
15627
15627
15628
15631
15632
15634
15635
15636
15640
15641
15642
15645
15647
15647
15648
15649
15652
15653
15654
15654
15655
15658
15659
15661
15661
15662
15663
15664
15669
15669
15671
15671
15673
15673
15673
15673
15673
15674
15675
15675
15675
15677
15677
15679
15679
15679
15680
15680
15681
15681
15682
15684
15685
15685
15687
15688
15689
15690
15690
15690
15690
15691
15693
15696
15696
15696
15697
15697
15698
15699
15700
15700
15701
15701
15702
15702
15703
15705
15706
15706
15706
15709
15711
15712
15713
15714
15714
15715
15715
15715
15716
15717
15717
15718
15718
15719
15719
15720
15721
15722
15723
15723
15724
15725
15725
15726
15727
15729
15730
15732
15733
15734
15734
15734
15735
15735
15736
15736
15736
15737
15737
15738
15740
15741
15741
15742
15743
15744
15746
15747
15749
15749
15750
15750
15750
15751
15752
15754
15758
15759
15759
15760
15760
15761
15762
15762
15763
15764
15766
15766
15766
15766
15768
15770
15770
15771
15771
15772
15772
15774
15776
15776
15777
15777
15779
15780
15781
15781
15783
15783
15785
15785
15786
15790
15791
15792
15792
15792
15794
15794
15799
15799
15799
15801
15803
15804
15805
15805
15805
15806
15807
15808
15808
15808
15809
15809
15810
15815
15816
15817
15818
15820
15820
15821
15823
15825
15826
15828
15829
15830
15831
15831
15832
15832
15833
15834
15836
15837
15837
15837
15839
15840
15841
15841
15841
15841
15842
15842
15843
15843
15844
15845
15845
15845
15846
15846
15848
15849
15851
15851
15852
15853
15856
15857
15857
15862
15862
15862
15862
15864
15865
15865
15866
15866
15867
15867
15868
15869
15869
15870
15871
15871
15872
15875
15876
15876
15876
15877
15878
15879
15880
15880
15880
15880
15880
15881
15881
15883
15885
15885
15888
15888
15888
15889
15890
15891
15893
15893
15895
15896
15897
15897
15897
15897
15898
15900
15900
15902
15904
15906
15910
15911
15911
15911
15913
15914
15914
15915
15917
15917
15919
15919
15919
15920
15921
15922
15922
15925
15925
15927
15928
15929
15930
15931
15931
15932
15932
15933
15934
15935
15935
15937
15938
15938
15939
15939
15939
15939
15941
15941
15944
15946
15947
15949
15949
15951
15953
15954
15954
15954
15955
15955
15955
15955
15956
15956
15956
15956
15959
15962
15963
15963
15963
15964
15964
15964
15965
15966
15967
15968
15969
15969
15973
15976
15977
15978
15979
15979
15980
15981
15983
15983
15986
15987
15988
15988
15989
15989
15989
15989
15992
15994
15996
15996
15997
15998
15999
16000
16000
16001
16003
16004
16005
16007
16007
16008
16009
16011
16012
16014
16014
16014
16015
16016
16016
16017
16018
16018
16019
16019
16020
16021
16021
16021
16023
16024
16024
16024
16025
16025
16026
16028
16031
16032
16032
16032
16032
16033
16033
16033
16035
16036
16039
16039
16039
16041
16042
16042
16043
16043
16043
16044
16044
16046
16046
16046
16047
16049
16049
16050
16052
16053
16053
16054
16054
16058
16059
16062
16063
16064
16065
16065
16066
16066
16066
16067
16068
16070
16070
16070
16070
16073
16074
16074
16075
16076
16077
16077
16078
16078
16079
16080
16080
16082
16083
16083
16084
16084
16084
16085
16086
16089
16090
16091
16092
16093
16094
16096
16097
16098
16098
16101
16102
16102
16103
16103
16103
16104
16105
16105
16107
16107
16109
16111
16112
16113
16113
16115
16115
16117
16119
16120
16120
16120
16121
16122
16123
16124
16124
16125
16127
16127
16128
16131
16132
16132
16133
16133
16134
16134
16135
16136
16136
16137
16137
16137
16138
16138
16139
16140
16141
16141
16142
16142
16143
16143
16144
16145
16146
16147
16148
16151
16151
16151
16151
16153
16153
16154
16155
16155
16156
16158
16161
16161
16162
16162
16162
16164
16164
16168
16168
16168
16169
16171
16172
16172
16173
16173
16174
16175
16175
16176
16176
16177
16178
16181
16182
16183
16184
16185
16188
16188
16192
16192
16193
16193
16195
16196
16196
16198
16199
16200
16200
16202
16202
16205
16205
16206
16207
16208
16208
16209
16210
16211
16211
16212
16212
16213
16214
16214
16214
16215
16216
16219
16219
16221
16222
16222
16223
16223
16229
16231
16231
16232
16233
16233
16235
16237
16237
16238
16238
16241
16243
16246
16247
16248
16249
16251
16251
16254
16256
16257
16258
16258
16259
16259
16260
16261
16266
16266
16268
16269
16270
16271
16273
16273
16274
16274
16274
16277
16278
16278
16278
16281
16283
16283
16283
16286
16288
16289
16289
16289
16290
16291
16291
16292
16293
16294
16296
16296
16297
16298
16299
16299
16302
16302
16303
16305
16306
16307
16308
16309
16309
16311
16312
16312
16313
16314
16314
16315
16316
16316
16316
16317
16319
16321
16321
16322
16323
16324
16325
16329
16329
16329
16331
16333
16333
16334
16334
16334
16335
16335
16335
16337
16337
16338
16338
16340
16348
16348
16349
16352
16353
16354
16356
16356
16356
16356
16356
16358
16359
16359
16360
16361
16361
16361
16362
16362
16363
16363
16366
16368
16370
16374
16374
16375
16376
16377
16378
16380
16381
16381
16382
16382
16383
16384
16385
16386
16388
16390
16390
16392
16392
16392
16395
16395
16396
16398
16399
16403
16404
16404
16405
16405
16407
16407
16410
16414
16416
16417
16418
16420
16421
16421
16421
16422
16423
16424
16425
16425
16425
16426
16427
16427
16428
16429
16431
16431
16432
16433
16435
16435
16435
16437
16437
16439
16439
16440
16441
16442
16442
16443
16444
16444
16444
16445
16445
16446
16446
16447
16447
16448
16448
16449
16450
16450
16451
16451
16451
16452
16454
16454
16455
16456
16457
16457
16458
16460
16460
16462
16465
16466
16468
16469
16472
16472
16473
16476
16477
16478
16479
16479
16480
16480
16480
16482
16486
16487
16487
16487
16487
16489
16490
16490
16492
16492
16492
16493
16494
16495
16495
16496
16497
16498
16498
16499
16499
16500
16500
16500
16502
16502
16502
16506
16506
16507
16510
16510
16510
16510
16511
16512
16512
16514
16514
16514
16515
16516
16517
16517
16520
16521
16522
16523
16523
16524
16526
16529
16529
16529
16530
16530
16532
16534
16534
16534
16535
16535
16538
16540
16542
16543
16545
16545
16546
16548
16549
16551
16551
16554
16555
16556
16559
16560
16560
16560
16561
16563
16563
16564
16565
16566
16567
16567
16568
16568
16569
16570
16570
16570
16572
16572
16575
16576
16577
16577
16577
16580
16583
16583
16583
16584
16584
16587
16588
16588
16588
16590
16590
16590
16591
16593
16595
16598
16598
16600
16601
16601
16602
16602
16603
16603
16603
16604
16608
16609
16611
16611
16611
16613
16613
16615
16615
16616
16616
16618
16619
16621
16622
16622
16623
16623
16626
16630
16631
16635
16635
16635
16636
16636
16637
16637
16637
16640
16640
16640
16640
16642
16643
16647
16648
16649
16650
16650
16651
16652
16652
16654
16654
16654
16654
16655
16656
16657
16657
16658
16659
16661
16664
16665
16665
16666
16667
16668
16668
16671
16672
16672
16673
16673
16676
16677
16677
16677
16678
16679
16679
16680
16682
16682
16684
16685
16686
16689
16689
16690
16690
16690
16693
16694
16694
16695
16696
16697
16697
16698
16699
16699
16700
16700
16702
16702
16703
16704
16705
16705
16706
16706
16707
16707
16708
16709
16710
16712
16712
16712
16713
16713
16714
16714
16714
16715
16717
16717
16719
16720
16725
16726
16726
16727
16728
16729
16730
16732
16733
16733
16736
16736
16736
16736
16736
16738
16738
16739
16741
16741
16742
16743
16743
16745
16745
16746
16748
16750
16750
16750
16751
16752
16752
16753
16753
16754
16755
16755
16755
16758
16758
16759
16760
16763
16763
16764
16766
16768
16769
16769
16773
16774
16775
16777
16780
16782
16782
16783
16784
16786
16786
16787
16787
16788
16789
16789
16789
16791
16792
16795
16796
16796
16796
16797
16798
16799
16800
16800
16800
16801
16803
16804
16805
16805
16807
16807
16808
16810
16810
16810
16815
16820
16824
16825
16828
16829
16829
16830
16833
16833
16835
16836
16838
16838
16839
16840
16840
16843
16843
16844
16846
16846
16846
16846
16849
16851
16852
16852
16856
16856
16856
16857
16857
16859
16860
16862
16862
16862
16862
16865
16865
16867
16868
16869
16869
16870
16871
16871
16874
16874
16875
16875
16875
16876
16877
16877
16877
16877
16878
16879
16880
16880
16880
16881
16882
16882
16883
16884
16884
16885
16885
16886
16887
16888
16889
16890
16890
16893
16894
16897
16897
16897
16897
16898
16904
16904
16908
16908
16909
16910
16911
16912
16913
16914
16916
16916
16917
16917
16918
16922
16923
16923
16924
16924
16924
16925
16925
16926
16927
16927
16928
16928
16932
16933
16934
16935
16937
16938
16938
16938
16938
16940
16941
16941
16943
16945
16949
16950
16950
16951
16952
16952
16952
16952
16952
16955
16955
16956
16956
16956
16958
16958
16958
16958
16959
16960
16962
16962
16963
16963
16965
16965
16967
16968
16969
16972
16972
16974
16974
16976
16976
16977
16977
16983
16984
16984
16985
16985
16988
16989
16991
16991
16991
16991
16992
16993
16994
16995
16996
16997
16997
16999
16999
17001
17002
17005
17005
17005
17009
17009
17010
17011
17012
17012
17012
17012
17013
17013
17016
17017
17017
17020
17020
17021
17021
17021
17022
17023
17024
17024
17026
17027
17029
17030
17031
17032
17033
17034
17034
17036
17038
17041
17044
17044
17045
17046
17050
17050
17054
17055
17056
17057
17060
17060
17061
17061
17064
17064
17065
17065
17066
17066
17067
17069
17070
17070
17070
17071
17071
17071
17071
17071
17072
17073
17073
17073
17074
17074
17075
17078
17078
17079
17079
17080
17080
17081
17083
17084
17085
17086
17087
17088
17089
17089
17091
17092
17093
17094
17095
17096
17096
17099
17100
17101
17101
17103
17103
17104
17105
17106
17106
17106
17108
17108
17110
17110
17112
17112
17114
17116
17117
17119
17120
17120
17121
17122
17122
17124
17124
17125
17125
17125
17127
17127
17128
17128
17129
17130
17130
17131
17132
17133
17134
17135
17136
17136
17136
17137
17137
17139
17139
17140
17140
17141
17141
17144
17144
17144
17144
17144
17149
17149
17149
17150
17151
17152
17152
17152
17152
17152
17152
17155
17156
17158
17160
17160
17162
17165
17165
17165
17166
17167
17168
17168
17169
17170
17170
17174
17176
17176
17177
17177
17178
17178
17179
17181
17184
17185
17186
17189
17190
17190
17191
17191
17193
17193
17193
17194
17195
17195
17196
17198
17198
17198
17198
17199
17201
17201
17201
17202
17207
17209
17210
17211
17212
17212
17214
17215
17216
17219
17220
17223
17224
17224
17225
17226
17228
17230
17230
17232
17233
17234
17238
17238
17238
17239
17240
17240
17241
17242
17242
17243
17244
17244
17245
17247
17248
17249
17250
17255
17255
17255
17256
17256
17256
17259
17260
17262
17263
17266
17267
17267
17267
17267
17268
17269
17269
17269
17269
17269
17270
17277
17279
17279
17280
17282
17283
17284
17284
17284
17284
17286
17286
17287
17288
17289
17289
17290
17290
17291
17292
17292
17293
17293
17293
17294
17298
17298
17300
17300
17300
17300
17300
17303
17304
17304
17304
17308
17310
17314
17316
17317
17319
17319
17319
17320
17321
17321
17321
17322
17322
17322
17323
17326
17326
17328
17330
17332
17332
17334
17334
17336
17336
17336
17336
17337
17338
17339
17339
17340
17340
17340
17341
17343
17344
17344
17345
17345
17346
17349
17349
17350
17351
17352
17353
17353
17354
17356
17358
17359
17360
17365
17367
17369
17372
17373
17373
17373
17374
17376
17376
17380
17380
17380
17380
17380
17382
17383
17384
17385
17386
17387
17387
17387
17389
17391
17392
17393
17393
17393
17393
17394
17394
17395
17398
17399
17399
17400
17400
17401
17401
17401
17401
17403
17403
17406
17406
17407
17407
17408
17410
17411
17412
17412
17414
17418
17420
17420
17421
17421
17421
17422
17426
17430
17433
17435
17436
17438
17440
17440
17441
17441
17441
17441
17441
17442
17443
17444
17445
17447
17447
17449
17451
17452
17454
17455
17456
17457
17457
17460
17460
17460
17460
17461
17463
17463
17463
17464
17464
17465
17467
17467
17471
17472
17472
17472
17473
17474
17475
17478
17479
17479
17479
17480
17480
17481
17481
17481
17482
17484
17485
17485
17486
17487
17488
17488
17488
17489
17489
17491
17492
17492
17493
17493
17499
17501
17501
17501
17503
17505
17505
17507
17508
17509
17509
17510
17510
17510
17510
17511
17511
17513
17513
17516
17517
17518
17519
17521
17524
17524
17525
17527
17527
17528
17528
17528
17528
17529
17531
17531
17531
17533
17535
17536
17536
17537
17541
17542
17542
17543
17546
17546
17546
17547
17547
17547
17548
17549
17549
17550
17550
17554
17558
17558
17561
17562
17564
17566
17568
17568
17568
17568
17573
17574
17574
17576
17578
17579
17579
17579
17580
17580
17581
17581
17582
17582
17582
17582
17582
17584
17586
17586
17586
17587
17588
17588
17589
17590
17592
17593
17594
17596
17597
17597
17600
17603
17603
17603
17605
17605
17606
17606
17607
17609
17609
17612
17614
17616
17617
17617
17617
17619
17619
17619
17620
17622
17622
17622
17622
17625
17626
17626
17629
17630
17631
17632
17634
17635
17635
17636
17638
17639
17641
17641
17642
17643
17645
17647
17650
17651
17651
17651
17653
17653
17654
17654
17655
17656
17663
17663
17664
17664
17665
17665
17665
17667
17667
17667
17669
17669
17669
17669
17670
17671
17673
17674
17674
17675
17676
17679
17680
17680
17680
17681
17681
17681
17682
17683
17683
17683
17685
17685
17685
17686
17686
17688
17690
17691
17691
17692
17692
17694
17694
17695
17695
17695
17696
17696
17697
17697
17698
17699
17702
17705
17705
17705
17711
17711
17711
17712
17712
17712
17712
17713
17715
17717
17717
17718
17719
17720
17721
17725
17726
17726
17727
17731
17732
17734
17735
17737
17739
17739
17739
17740
17741
17742
17742
17743
17744
17745
17748
17749
17750
17750
17751
17753
17753
17754
17755
17759
17761
17761
17762
17762
17763
17767
17768
17768
17768
17769
17769
17772
17772
17773
17773
17775
17776
17777
17777
17778
17779
17779
17781
17781
17782
17782
17783
17784
17784
17785
17786
17786
17789
17791
17791
17792
17792
17794
17795
17795
17796
17796
17799
17800
17801
17801
17804
17806
17807
17809
17809
17811
17811
17812
17812
17813
17815
17817
17817
17817
17817
17817
17818
17819
17821
17821
17825
17827
17827
17829
17830
17830
17835
17835
17838
17839
17840
17843
17846
17847
17850
17852
17853
17853
17853
17854
17854
17855
17856
17857
17857
17858
17865
17866
17867
17867
17868
17868
17870
17871
17874
17874
17875
17875
17879
17881
17881
17881
17882
17882
17883
17883
17884
17884
17884
17885
17886
17886
17887
17888
17890
17890
17891
17891
17892
17892
17892
17893
17894
17894
17894
17895
17895
17895
17896
17896
17896
17899
17899
17900
17900
17900
17901
17901
17901
17902
17904
17904
17906
17906
17907
17908
17908
17908
17909
17911
17916
17916
17916
17916
17921
17922
17922
17924
17925
17927
17928
17928
17930
17932
17933
17934
17936
17936
17936
17937
17937
17937
17940
17941
17941
17942
17942
17943
17944
17948
17950
17951
17952
17952
17953
17953
17955
17957
17958
17958
17961
17961
17962
17963
17965
17967
17968
17968
17969
17969
17969
17969
17970
17970
17971
17971
17971
17972
17973
17976
17976
17977
17978
17983
17985
17985
17985
17987
17987
17988
17990
17994
17995
17995
17995
17998
18000
18001
18001
18002
18002
18004
18005
18008
18009
18009
18010
18011
18011
18012
18013
18014
18014
18015
18015
18017
18017
18017
18019
18021
18024
18025
18026
18027
18028
18029
18029
18029
18030
18031
18032
18032
18032
18032
18034
18034
18034
18035
18037
18038
18038
18039
18039
18040
18041
18042
18043
18044
18044
18044
18044
18044
18044
18045
18045
18045
18045
18046
18051
18054
18056
18059
18061
18061
18062
18064
18067
18068
18069
18070
18071
18072
18072
18073
18073
18077
18077
18080
18080
18081
18082
18084
18084
18085
18086
18088
18094
18095
18095
18100
18100
18101
18101
18102
18102
18102
18103
18104
18104
18104
18104
18105
18107
18108
18109
18109
18112
18113
18113
18113
18114
18115
18117
18117
18118
18118
18119
18120
18121
18121
18121
18123
18124
18124
18124
18127
18129
18129
18130
18130
18130
18130
18131
18132
18132
18132
18134
18135
18140
18140
18140
18141
18141
18141
18143
18143
18143
18145
18147
18147
18149
18150
18151
18153
18154
18157
18157
18157
18157
18157
18157
18157
18159
18159
18163
18165
18165
18166
18166
18168
18168
18168
18169
18172
18173
18174
18175
18175
18177
18177
18178
18178
18179
18179
18179
18182
18183
18187
18188
18189
18190
18193
18193
18193
18196
18197
18199
18200
18200
18200
18201
18203
18204
18204
18205
18205
18206
18206
18210
18212
18213
18214
18215
18217
18217
18218
18218
18218
18219
18221
18222
18222
18222
18223
18224
18226
18227
18227
18227
18227
18228
18228
18228
18228
18230
18230
18232
18235
18238
18239
18240
18240
18243
18243
18243
18245
18245
18247
18248
18248
18248
18250
18252
18254
18255
18256
18258
18258
18258
18258
18264
18267
18269
18269
18269
18269
18270
18270
18272
18273
18273
18274
18276
18277
18281
18281
18281
18283
18283
18283
18285
18286
18289
18294
18297
18297
18298
18299
18301
18302
18303
18307
18308
18309
18312
18313
18315
18316
18316
18316
18320
18320
18320
18323
18324
18325
18326
18327
18328
18330
18330
18333
18333
18333
18333
18334
18335
18335
18338
18339
18341
18341
18341
18344
18344
18344
18345
18347
18353
18354
18356
18356
18357
18358
18358
18361
18362
18363
18364
18364
18364
18365
18367
18370
18371
18373
18373
18373
18375
18375
18375
18378
18378
18378
18380
18380
18380
18383
18384
18385
18386
18386
18387
18387
18387
18387
18389
18389
18390
18390
18393
18394
18395
18396
18397
18397
18400
18400
18400
18402
18403
18403
18403
18403
18404
18404
18404
18404
18406
18409
18410
18411
18411
18411
18413
18414
18416
18417
18418
18419
18419
18422
18423
18423
18425
18426
18428
18428
18429
18430
18431
18432
18433
18433
18433
18434
18436
18438
18439
18442
18443
18444
18444
18444
18444
18445
18445
18449
18450
18452
18452
18453
18453
18454
18455
18456
18456
18456
18457
18458
18459
18459
18459
18460
18461
18461
18461
18462
18462
18463
18463
18465
18465
18465
18467
18467
18470
18472
18476
18478
18479
18479
18480
18481
18481
18481
18483
18484
18484
18484
18489
18489
18490
18491
18492
18492
18494
18494
18498
18498
18501
18501
18501
18502
18502
18503
18503
18504
18505
18505
18506
18508
18512
18513
18514
18514
18514
18514
18515
18516
18516
18516
18518
18518
18518
18520
18520
18523
18525
18526
18526
18528
18529
18531
18532
18533
18534
18535
18536
18536
18539
18540
18540
18540
18541
18542
18542
18543
18544
18544
18546
18547
18548
18548
18549
18549
18550
18551
18551
18553
18553
18555
18561
18562
18562
18563
18564
18564
18564
18565
18565
18565
18566
18567
18567
18567
18574
18574
18575
18578
18580
18581
18581
18582
18583
18583
18583
18584
18585
18585
18587
18587
18589
18589
18591
18591
18592
18592
18594
18595
18597
18597
18598
18599
18600
18600
18601
18601
18602
18607
18608
18608
18609
18609
18614
18615
18615
18616
18617
18617
18619
18619
18619
18621
18623
18625
18626
18626
18626
18627
18627
18630
18631
18631
18634
18635
18635
18636
18636
18638
18638
18640
18641
18642
18645
18646
18646
18647
18648
18648
18649
18651
18654
18657
18658
18659
18659
18661
18662
18663
18663
18664
18666
18667
18667
18668
18668
18669
18669
18670
18670
18671
18671
18671
18672
18672
18672
18673
18673
18675
18676
18678
18679
18680
18682
18682
18683
18684
18685
18685
18686
18687
18688
18689
18690
18691
18693
18695
18696
18696
18701
18702
18702
18704
18707
18708
18708
18708
18709
18710
18712
18712
18712
18718
18718
18720
18720
18720
18722
18724
18724
18724
18725
18728
18728
18728
18729
18730
18731
18731
18732
18733
18733
18733
18734
18734
18735
18736
18737
18738
18738
18740
18740
18740
18741
18743
18743
18744
18746
18747
18749
18749
18750
18750
18751
18752
18752
18754
18756
18756
18758
18758
18759
18761
18762
18762
18762
18762
18763
18764
18765
18766
18772
18772
18773
18773
18775
18776
18777
18778
18779
18780
18780
18784
18785
18785
18785
18786
18786
18787
18787
18787
18789
18789
18790
18793
18795
18796
18797
18797
18797
18797
18798
18798
18799
18801
18802
18802
18803
18803
18805
18806
18806
18807
18808
18808
18812
18812
18815
18815
18816
18818
18818
18820
18821
18823
18829
18829
18830
18831
18832
18832
18833
18834
18835
18836
18839
18840
18840
18841
18842
18843
18845
18846
18846
18846
18847
18848
18849
18850
18853
18853
18854
18855
18856
18857
18859
18861
18861
18861
18861
18862
18863
18865
18866
18867
18867
18868
18869
18870
18871
18872
18872
18872
18875
18876
18877
18878
18878
18879
18879
18880
18881
18885
18886
18887
18888
18888
18891
18892
18892
18893
18897
18898
18898
18898
18898
18899
18899
18903
18904
18906
18907
18908
18909
18909
18910
18910
18913
18914
18916
18917
18918
18919
18919
18919
18920
18921
18922
18923
18924
18925
18925
18925
18925
18926
18927
18932
18932
18932
18933
18933
18934
18934
18934
18935
18936
18936
18937
18937
18937
18938
18939
18942
18944
18944
18944
18944
18945
18946
18946
18947
18948
18948
18949
18950
18951
18954
18958
18958
18958
18959
18961
18961
18962
18962
18962
18962
18964
18964
18968
18969
18970
18972
18973
18973
18973
18975
18977
18978
18978
18978
18979
18980
18982
18983
18983
18983
18983
18985
18985
18986
18987
18988
18990
18991
18991
18992
18995
18995
18996
18997
18999
18999
19002
19003
19003
19004
19005
19006
19007
19007
19008
19009
19011
19011
19012
19013
19015
19016
19017
19017
19017
19019
19020
19021
19021
19021
19022
19025
19026
19026
19026
19028
19028
19028
19029
19029
19029
19030
19032
19032
19033
19033
19033
19034
19037
19038
19039
19039
19040
19041
19042
19042
19043
19045
19049
19049
19049
19053
19056
19056
19058
19059
19059
19059
19060
19061
19061
19062
19063
19063
19064
19064
19064
19067
19067
19067
19068
19069
19070
19071
19071
19071
19073
19074
19075
19076
19079
19079
19080
19080
19080
19083
19083
19084
19084
19084
19085
19087
19087
19088
19089
19089
19090
19090
19090
19092
19092
19093
19094
19097
19097
19097
19099
19099
19100
19105
19105
19105
19106
19107
19107
19109
19110
19110
19111
19114
19114
19116
19117
19117
19118
19118
19120
19120
19123
19123
19125
19125
19130
19131
19131
19134
19138
19138
19140
19142
19143
19145
19147
19147
19147
19147
19148
19152
19154
19155
19155
19156
19156
19157
19159
19160
19161
19161
19161
19161
19162
19162
19162
19165
19165
19166
19166
19168
19170
19170
19171
19171
19171
19172
19173
19176
19180
19180
19180
19181
19182
19183
19185
19185
19186
19189
19190
19191
19191
19193
19194
19197
19197
19197
19199
19199
19201
19203
19203
19203
19203
19205
19205
19206
19208
19209
19210
19213
19213
19213
19214
19215
19217
19217
19219
19219
19220
19222
19222
19223
19224
19229
19230
19230
19233
19233
19234
19234
19236
19237
19237
19237
19239
19239
19242
19243
19243
19247
19248
19249
19250
19253
19253
19253
19254
19254
19255
19257
19258
19259
19261
19261
19262
19262
19263
19264
19264
19265
19266
19267
19267
19267
19270
19270
19271
19272
19273
19273
19274
19274
19276
19277
19279
19279
19279
19279
19281
19281
19283
19283
19283
19283
19284
19286
19288
19288
19289
19290
19291
19293
19294
19294
19295
19295
19296
19296
19297
19297
19297
19297
19299
19299
19300
19302
19302
19303
19304
19304
19305
19307
19308
19309
19311
19312
19312
19314
19315
19316
19316
19318
19321
19322
19322
19325
19326
19326
19326
19327
19327
19330
19330
19331
19333
19334
19335
19335
19336
19336
19336
19337
19337
19338
19339
19339
19340
19340
19341
19342
19344
19344
19346
19347
19347
19349
19350
19351
19352
19353
19355
19356
19360
19362
19363
19365
19366
19369
19369
19371
19371
19372
19373
19374
19376
19379
19382
19382
19382
19383
19383
19386
19388
19389
19391
19392
19393
19393
19395
19395
19396
19396
19397
19398
19398
19400
19400
19400
19401
19401
19403
19407
19408
19409
19410
19410
19410
19413
19413
19413
19414
19415
19416
19417
19417
19419
19419
19421
19424
19427
19431
19432
19432
19435
19436
19438
19439
19440
19440
19441
19441
19442
19443
19444
19445
19445
19447
19447
19449
19450
19450
19452
19452
19455
19455
19457
19460
19461
19463
19463
19464
19464
19467
19468
19468
19471
19472
19474
19476
19476
19477
19478
19478
19479
19479
19480
19483
19484
19485
19485
19488
19489
19489
19490
19492
19494
19494
19495
19496
19497
19499
19499
19500
19500
19500
19503
19504
19505
19506
19506
19507
19507
19511
19512
19513
19514
19515
19517
19518
19518
19520
19521
19522
19522
19523
19526
19526
19526
19527
19529
19530
19531
19533
19533
19534
19535
19535
19537
19537
19538
19540
19541
19542
19543
19546
19547
19549
19551
19551
19552
19553
19554
19555
19556
19556
19558
19560
19562
19562
19563
19565
19565
19566
19570
19571
19572
19572
19573
19573
19573
19574
19574
19576
19577
19577
19580
19580
19584
19584
19585
19585
19585
19590
19590
19591
19592
19594
19595
19595
19596
19597
19597
19598
19600
19601
19605
19607
19607
19607
19608
19608
19609
19609
19610
19611
19612
19612
19613
19614
19614
19615
19616
19616
19618
19618
19619
19619
19622
19623
19623
19624
19626
19626
19627
19628
19629
19630
19631
19631
19632
19635
19637
19637
19643
19645
19651
19651
19651
19653
19653
19658
19658
19659
19659
19659
19660
19661
19665
19665
19665
19667
19667
19668
19669
19669
19669
19669
19670
19670
19670
19671
19671
19671
19672
19673
19673
19674
19676
19676
19677
19681
19682
19686
19689
19689
19691
19691
19692
19695
19695
19699
19700
19701
19701
19702
19702
19702
19705
19708
19710
19710
19711
19712
19713
19713
19714
19714
19716
19717
19719
19720
19723
19723
19723
19724
19724
19725
19728
19728
19728
19729
19730
19731
19733
19733
19734
19736
19736
19737
19739
19739
19741
19742
19743
19744
19745
19745
19745
19746
19747
19747
19747
19749
19749
19751
19751
19753
19753
19754
19756
19756
19756
19757
19758
19758
19759
19760
19760
19761
19762
19762
19762
19762
19763
19764
19765
19765
19766
19767
19768
19768
19768
19768
19773
19776
19779
19779
19780
19781
19782
19782
19783
19784
19784
19786
19786
19788
19789
19791
19793
19795
19796
19796
19796
19798
19799
19799
19806
19808
19808
19810
19811
19812
19814
19815
19815
19816
19816
19817
19818
19819
19819
19821
19821
19821
19821
19822
19823
19823
19824
19828
19830
19832
19833
19833
19834
19837
19837
19838
19838
19839
19840
19841
19841
19843
19844
19844
19844
19845
19845
19847
19849
19852
19853
19853
19854
19856
19857
19858
19858
19859
19859
19860
19860
19861
19861
19861
19861
19862
19863
19866
19867
19867
19868
19868
19869
19869
19869
19869
19871
19876
19876
19878
19879
19880
19881
19884
19884
19886
19886
19890
19891
19891
19892
19892
19894
19895
19895
19896
19899
19901
19903
19905
19906
19906
19906
19907
19908
19910
19913
19917
19917
19918
19919
19919
19922
19922
19922
19924
19925
19927
19929
19929
19931
19931
19931
19933
19936
19937
19937
19938
19938
19939
19939
19940
19941
19941
19942
19943
19945
19945
19946
19946
19948
19950
19952
19952
19953
19953
19954
19955
19955
19956
19958
19958
19958
19959
