29826
29827
29827
29829
29830
29830
29831
29833
29834
29835
29836
29836
29837
29839
29839
29840
29841
29841
29841
29842
29843
29845
29845
29849
29850
29850
29850
29851
29851
29851
29853
29853
29854
29854
29855
29856
29856
29859
29859
29861
29865
29866
29866
29867
29867
29869
29869
29870
29871
29872
29872
29873
29875
29876
29876
29876
29876
29876
29876
29877
29878
29878
29878
29878
29879
29879
29881
29882
29883
29883
29883
29885
29885
29887
29887
29893
29894
29896
29896
29897
29897
29898
29898
29900
29900
29901
29902
29903
29903
29904
29906
29910
29911
29911
29912
29914
29914
29915
29917
29917
29919
29921
29922
29925
29926
29926
29926
29927
29927
29928
29928
29933
29933
29934
29934
29935
29939
29940
29941
29943
29944
29945
29946
29946
29948
29949
29950
29953
29955
29956
29956
29957
29960
29963
29964
29966
29966
29966
29970
29970
29971
29972
29973
29973
29974
29975
29978
29978
29978
29979
29979
29979
29980
29981
29986
29987
29987
29988
29989
29989
29989
29989
29990
29994
29995
29996
29996
29998
29999
30002
30002
30002
30003
30003
30004
30004
30005
30005
30006
30009
30009
30009
30010
30010
30010
30011
30012
30014
30015
30016
30017
30020
30021
30022
30023
30024
30024
30028
30029
30033
30033
30034
30035
30036
30036
30036
30037
30038
30038
30039
30040
30041
30042
30042
30043
30045
30045
30045
30047
30047
30048
30048
30050
30050
30051
30052
30053
30054
30054
30054
30057
30060
30060
30061
30062
30063
30063
30065
30066
30066
30068
30069
30070
30072
30072
30072
30072
30073
30073
30073
30074
30075
30075
30077
30077
30077
30079
30083
30084
30084
30086
30086
30087
30088
30092
30094
30095
30095
30095
30096
30097
30097
30099
30099
30100
30100
30100
30101
30102
30102
30102
30102
30103
30104
30104
30108
30109
30110
30110
30111
30113
30113
30116
30116
30116
30116
30117
30118
30118
30121
30121
30121
30122
30125
30127
30128
30129
30129
30130
30130
30131
30132
30134
30135
30136
30138
30139
30139
30140
30144
30145
30147
30148
30148
30148
30151
30152
30152
30153
30154
30154
30154
30156
30156
30156
30159
30162
30163
30163
30163
30164
30164
30164
30165
30166
30166
30168
30171
30171
30172
30173
30174
30175
30177
30177
30178
30179
30179
30180
30180
30180
30181
30182
30182
30183
30183
30184
30185
30186
30186
30187
30187
30190
30190
30190
30191
30193
30193
30196
30196
30196
30200
30200
30203
30204
30210
30210
30212
30212
30213
30214
30215
30216
30216
30216
30217
30217
30218
30218
30220
30220
30222
30222
30224
30225
30228
30229
30231
30232
30233
30234
30234
30235
30235
30236
30238
30239
30244
30245
30247
30248
30250
30251
30252
30253
30254
30254
30257
30258
30260
30261
30262
30263
30264
30268
30269
30270
30270
30271
30271
30272
30272
30274
30274
30276
30276
30280
30283
30283
30284
30285
30285
30286
30286
30286
30288
30288
30289
30290
30290
30291
30291
30291
30293
30293
30294
30295
30296
30297
30297
30297
30301
30301
30301
30303
30303
30304
30305
30306
30308
30311
30313
30314
30314
30315
30316
30318
30318
30318
30319
30319
30320
30320
30322
30324
30324
30326
30328
30328
30328
30330
30330
30333
30333
30335
30335
30336
30339
30340
30341
30342
30342
30343
30343
30344
30345
30345
30345
30346
30347
30349
30350
30351
30351
30353
30355
30357
30357
30358
30359
30359
30360
30361
30363
30363
30364
30364
30365
30366
30369
30370
30371
30372
30375
30377
30378
30379
30381
30384
30385
30386
30388
30390
30390
30391
30394
30394
30395
30396
30396
30396
30398
30399
30400
30401
30401
30401
30401
30401
30402
30403
30403
30404
30404
30405
30405
30406
30406
30407
30409
30410
30410
30410
30411
30413
30416
30417
30417
30418
30418
30418
30420
30420
30420
30420
30422
30422
30424
30424
30425
30427
30428
30431
30431
30432
30433
30433
30436
30437
30437
30438
30438
30441
30441
30441
30442
30444
30445
30445
30446
30449
30450
30450
30451
30451
30451
30453
30453
30455
30456
30457
30457
30457
30458
30458
30458
30459
30459
30461
30463
30464
30464
30464
30465
30465
30467
30467
30467
30468
30471
30471
30471
30472
30475
30478
30478
30479
30479
30479
30479
30483
30486
30487
30488
30488
30488
30489
30489
30490
30492
30497
30497
30498
30498
30498
30498
30499
30499
30499
30500
30502
30505
30505
30507
30508
30512
30513
30514
30515
30515
30517
30519
30521
30522
30525
30527
30527
30527
30529
30529
30530
30530
30530
30530
30531
30531
30532
30533
30534
30534
30535
30536
30537
30537
30538
30538
30539
30539
30539
30540
30540
30542
30543
30545
30548
30548
30548
30549
30550
30550
30554
30554
30555
30555
30557
30558
30563
30564
30566
30566
30567
30568
30568
30569
30569
30571
30571
30571
30573
30574
30574
30575
30576
30577
30577
30578
30579
30582
30583
30583
30585
30586
30587
30587
30588
30588
30589
30589
30591
30591
30591
30592
30593
30599
30599
30600
30604
30605
30607
30607
30608
30609
30610
30611
30612
30614
30615
30616
30616
30616
30616
30617
30617
30619
30620
30621
30621
30622
30623
30624
30627
30627
30628
30629
30629
30630
30630
30631
30631
30632
30632
30633
30633
30633
30633
30636
30636
30640
30640
30640
30641
30642
30643
30646
30646
30646
30647
30649
30650
30650
30651
30651
30651
30653
30653
30657
30658
30659
30659
30661
30661
30663
30663
30664
30664
30665
30666
30667
30669
30670
30672
30673
30673
30673
30673
30674
30676
30676
30678
30678
30679
30679
30679
30679
30680
30680
30680
30680
30684
30687
30689
30690
30691
30693
30694
30696
30696
30696
30697
30699
30700
30700
30702
30703
30703
30704
30705
30706
30707
30707
30707
30709
30709
30709
30709
30711
30711
30711
30711
30711
30712
30712
30714
30715
30719
30719
30721
30722
30722
30724
30726
30728
30730
30730
30732
30732
30732
30733
30735
30735
30737
30739
30743
30743
30744
30746
30747
30747
30749
30750
30751
30752
30753
30754
30756
30756
30756
30758
30758
30758
30761
30762
30762
30762
30763
30763
30765
30766
30768
30768
30772
30774
30776
30776
30777
30778
30780
30780
30780
30783
30783
30783
30784
30785
30785
30786
30787
30788
30789
30791
30793
30793
30794
30794
30795
30796
30798
30802
30803
30805
30805
30807
30809
30810
30811
30814
30816
30820
30821
30824
30824
30826
30826
30826
30827
30827
30828
30828
30829
30831
30831
30831
30831
30834
30835
30835
30837
30838
30839
30841
30843
30844
30845
30848
30850
30851
30852
30853
30854
30855
30855
30856
30856
30857
30860
30860
30862
30863
30863
30865
30867
30867
30868
30870
30870
30870
30871
30871
30872
30873
30873
30877
30881
30881
30882
30886
30886
30887
30889
30890
30890
30892
30892
30895
30895
30895
30895
30895
30895
30895
30895
30896
30898
30898
30898
30900
30903
30903
30909
30909
30915
30915
30916
30917
30918
30918
30919
30919
30920
30921
30921
30921
30921
30922
30924
30929
30931
30934
30935
30935
30935
30937
30937
30937
30937
30939
30939
30939
30939
30939
30939
30940
30940
30942
30943
30943
30943
30943
30944
30944
30944
30945
30946
30946
30948
30949
30949
30951
30952
30952
30952
30952
30953
30953
30954
30955
30956
30956
30962
30963
30964
30965
30966
30967
30969
30970
30971
30972
30972
30972
30973
30974
30974
30975
30976
30977
30978
30981
30982
30983
30983
30986
30986
30987
30989
30990
30990
30991
30993
30993
30994
30994
30996
30996
30999
31000
31000
31004
31005
31005
31006
31007
31009
31009
31009
31011
31012
31013
31013
31013
31014
31016
31016
31017
31017
31018
31019
31020
31020
31021
31023
31024
31024
31025
31026
31028
31029
31031
31034
31034
31035
31036
31036
31036
31037
31039
31040
31040
31041
31041
31043
31045
31045
31046
31047
31047
31047
31047
31047
31047
31048
31050
31050
31051
31052
31053
31053
31055
31056
31056
31056
31056
31057
31058
31058
31060
31061
31062
31062
31065
31065
31069
31069
31070
31071
31071
31073
31074
31075
31076
31077
31080
31081
31082
31082
31083
31083
31084
31086
31086
31087
31093
31094
31095
31098
31098
31100
31100
31102
31104
31104
31104
31105
31107
31108
31109
31111
31111
31112
31113
31113
31114
31115
31118
31118
31119
31123
31123
31123
31124
31125
31131
31131
31133
31133
31136
31136
31137
31137
31138
31139
31140
31141
31142
31143
31143
31143
31143
31145
31146
31147
31149
31149
31150
31151
31153
31154
31156
31156
31156
31157
31157
31157
31158
31159
31160
31162
31162
31165
31166
31167
31168
31168
31169
31169
31170
31170
31171
31172
31172
31173
31175
31176
31176
31178
31181
31181
31181
31182
31183
31183
31185
31185
31185
31185
31186
31187
31191
31192
31192
31195
31196
31196
31197
31197
31198
31198
31200
31200
31201
31201
31203
31204
31205
31205
31206
31206
31207
31207
31208
31209
31212
31213
31214
31215
31216
31220
31221
31222
31225
31225
31225
31227
31230
31234
31235
31235
31235
31235
31235
31236
31239
31239
31240
31241
31241
31243
31243
31244
31244
31244
31247
31249
31249
31249
31250
31251
31251
31251
31252
31255
31255
31255
31256
31258
31258
31259
31260
31262
31263
31263
31265
31268
31268
31268
31268
31269
31269
31269
31270
31271
31272
31273
31274
31276
31277
31280
31283
31284
31285
31285
31286
31287
31287
31287
31288
31289
31290
31291
31293
31294
31294
31295
31297
31298
31301
31301
31301
31302
31303
31304
31305
31306
31306
31307
31308
31312
31312
31313
31313
31313
31314
31314
31314
31315
31315
31315
31317
31318
31320
31320
31322
31322
31322
31323
31324
31325
31325
31327
31327
31327
31328
31329
31329
31330
31331
31333
31333
31333
31335
31337
31338
31339
31343
31344
31347
31350
31351
31352
31352
31353
31353
31354
31355
31355
31359
31359
31360
31366
31366
31372
31373
31375
31375
31375
31376
31379
31380
31382
31384
31385
31386
31387
31387
31391
31394
31394
31394
31395
31396
31397
31399
31399
31401
31403
31403
31404
31404
31405
31407
31408
31409
31411
31411
31412
31413
31414
31414
31414
31415
31416
31416
31417
31418
31419
31419
31419
31419
31420
31421
31426
31427
31427
31427
31427
31428
31429
31429
31432
31432
31432
31432
31432
31435
31435
31437
31439
31440
31443
31444
31446
31446
31447
31448
31449
31450
31451
31456
31456
31457
31458
31458
31461
31462
31463
31464
31466
31469
31471
31472
31472
31473
31474
31474
31478
31479
31479
31480
31480
31481
31481
31482
31482
31483
31483
31486
31486
31487
31488
31488
31488
31488
31488
31489
31491
31491
31491
31492
31492
31492
31492
31493
31495
31496
31496
31497
31499
31500
31501
31501
31502
31503
31504
31507
31508
31509
31511
31514
31515
31516
31519
31522
31522
31523
31524
31525
31525
31525
31528
31534
31534
31538
31540
31540
31540
31540
31540
31541
31542
31542
31543
31544
31544
31546
31547
31547
31547
31549
31549
31550
31550
31552
31553
31554
31554
31556
31558
31558
31560
31561
31561
31562
31563
31564
31565
31565
31566
31566
31567
31567
31567
31569
31569
31570
31570
31570
31572
31572
31572
31573
31575
31575
31576
31576
31578
31579
31580
31581
31583
31583
31584
31584
31585
31585
31586
31588
31590
31591
31592
31593
31593
31593
31594
31594
31595
31595
31595
31596
31597
31598
31598
31600
31601
31602
31603
31603
31603
31605
31606
31606
31607
31607
31607
31608
31609
31609
31609
31610
31611
31611
31613
31614
31615
31617
31618
31618
31618
31619
31619
31620
31621
31621
31622
31623
31623
31625
31626
31627
31628
31630
31630
31631
31632
31632
31632
31632
31633
31635
31635
31636
31637
31637
31638
31638
31640
31640
31640
31643
31643
31644
31644
31645
31645
31645
31646
31647
31648
31650
31650
31651
31652
31655
31655
31657
31657
31658
31659
31659
31660
31662
31662
31662
31663
31664
31664
31665
31667
31669
31669
31670
31671
31671
31671
31673
31674
31674
31674
31675
31675
31676
31676
31677
31677
31678
31679
31680
31680
31681
31685
31685
31685
31685
31689
31690
31693
31694
31696
31696
31697
31698
31701
31701
31704
31704
31705
31705
31706
31706
31707
31707
31707
31710
31710
31711
31712
31713
31714
31714
31716
31719
31721
31721
31723
31724
31726
31726
31726
31727
31727
31728
31732
31732
31732
31733
31733
31735
31737
31737
31738
31739
31741
31741
31743
31743
31743
31745
31746
31746
31747
31747
31747
31748
31749
31749
31749
31752
31753
31759
31759
31760
31760
31764
31765
31767
31768
31768
31768
31769
31770
31771
31773
31775
31775
31775
31776
31776
31777
31778
31779
31779
31782
31783
31784
31787
31788
31789
31790
31790
31791
31792
31793
31793
31794
31794
31795
31795
31797
31797
31797
31799
31801
31802
31804
31805
31805
31806
31807
31807
31808
31810
31810
31811
31812
31812
31812
31814
31815
31815
31819
31819
31821
31822
31823
31824
31824
31825
31825
31827
31830
31834
31835
31835
31836
31836
31836
31837
31837
31837
31838
31839
31839
31839
31842
31844
31845
31846
31846
31846
31850
31851
31852
31852
31852
31852
31852
31853
31854
31857
31861
31862
31864
31865
31866
31866
31866
31868
31869
31874
31875
31875
31877
31882
31883
31884
31884
31884
31886
31890
31894
31895
31895
31895
31895
31896
31897
31898
31898
31899
31900
31900
31901
31901
31902
31902
31902
31902
31903
31903
31903
31905
31906
31907
31911
31913
31913
31913
31914
31914
31918
31922
31922
31923
31925
31926
31927
31928
31929
31931
31933
31934
31934
31936
31936
31938
31938
31938
31940
31943
31943
31943
31943
31944
31944
31944
31946
31946
31948
31949
31950
31950
31950
31952
31952
31954
31955
31955
31956
31960
31961
31962
31963
31963
31964
31967
31968
31969
31969
31970
31972
31972
31974
31974
31974
31976
31978
31979
31980
31980
31980
31981
31982
31982
31982
31983
31984
31985
31986
31987
31987
31991
31992
31993
31994
31995
31996
31999
31999
32000
32001
32002
32002
32002
32003
32005
32006
32006
32007
32007
32007
32009
32009
32010
32012
32014
32014
32018
32019
32020
32021
32025
32026
32027
32029
32030
32032
32033
32033
32034
32035
32035
32036
32037
32037
32038
32038
32040
32040
32041
32041
32041
32042
32043
32043
32044
32044
32045
32046
32047
32047
32048
32048
32050
32050
32051
32051
32051
32053
32053
32053
32056
32057
32058
32059
32060
32062
32062
32065
32065
32066
32069
32071
32071
32071
32074
32074
32074
32074
32075
32076
32077
32077
32078
32078
32078
32079
32079
32083
32084
32085
32086
32086
32086
32088
32089
32089
32091
32093
32093
32094
32095
32096
32097
32097
32097
32099
32100
32102
32102
32103
32103
32105
32106
32107
32107
32108
32111
32111
32112
32115
32115
32118
32118
32118
32121
32122
32122
32123
32123
32124
32126
32126
32127
32127
32127
32128
32129
32129
32130
32130
32130
32131
32132
32132
32134
32135
32135
32135
32139
32142
32143
32143
32143
32145
32145
32147
32149
32149
32150
32150
32151
32152
32153
32155
32158
32158
32159
32162
32162
32162
32164
32164
32164
32165
32165
32165
32166
32167
32167
32167
32168
32168
32169
32170
32171
32172
32174
32176
32176
32177
32181
32181
32184
32184
32185
32185
32190
32193
32193
32195
32196
32196
32197
32197
32197
32199
32200
32201
32201
32201
32201
32201
32202
32202
32203
32204
32205
32206
32208
32209
32211
32213
32213
32213
32214
32216
32216
32220
32221
32221
32221
32222
32223
32223
32224
32224
32225
32227
32227
32228
32228
32229
32230
32230
32232
32232
32233
32233
32233
32234
32235
32235
32236
32237
32238
32239
32240
32240
32240
32240
32242
32243
32245
32246
32246
32247
32248
32248
32249
32249
32250
32254
32257
32257
32259
32259
32260
32263
32265
32265
32265
32265
32266
32266
32269
32269
32271
32272
32273
32273
32273
32274
32277
32277
32278
32278
32279
32279
32280
32281
32281
32282
32282
32282
32286
32287
32289
32289
32289
32289
32291
32292
32293
32295
32296
32298
32300
32300
32301
32302
32302
32304
32304
32305
32305
32305
32306
32308
32309
32309
32311
32311
32313
32315
32315
32316
32316
32317
32317
32317
32318
32319
32319
32320
32322
32323
32324
32325
32328
32328
32328
32329
32331
32332
32335
32335
32337
32338
32339
32339
32340
32340
32340
32340
32341
32345
32346
32347
32348
32348
32348
32353
32357
32358
32358
32360
32362
32362
32362
32364
32365
32365
32367
32368
32372
32372
32374
32375
32377
32377
32377
32377
32377
32377
32381
32383
32384
32384
32384
32385
32386
32386
32387
32388
32389
32390
32391
32392
32393
32394
32395
32395
32396
32397
32403
32403
32403
32404
32404
32405
32406
32407
32409
32410
32412
32413
32414
32414
32415
32415
32416
32416
32418
32419
32419
32420
32427
32428
32429
32431
32433
32435
32436
32436
32436
32436
32438
32440
32440
32441
32441
32441
32442
32443
32443
32445
32446
32447
32447
32447
32447
32448
32448
32449
32450
32452
32452
32453
32453
32454
32454
32457
32457
32457
32459
32462
32463
32463
32464
32466
32467
32468
32468
32468
32469
32469
32469
32470
32473
32473
32475
32475
32476
32476
32476
32477
32478
32479
32482
32483
32487
32487
32488
32489
32489
32492
32493
32493
32493
32493
32495
32496
32498
32499
32499
32500
32502
32503
32504
32505
32506
32508
32508
32508
32508
32509
32510
32510
32511
32512
32513
32514
32516
32518
32518
32519
32520
32520
32522
32523
32527
32528
32530
32530
32530
32531
32532
32534
32535
32535
32536
32536
32536
32537
32537
32541
32544
32545
32545
32546
32546
32547
32548
32548
32549
32550
32550
32551
32551
32552
32553
32554
32555
32558
32559
32560
32560
32560
32561
32561
32562
32563
32563
32563
32563
32564
32565
32566
32566
32567
32568
32568
32569
32571
32573
32574
32575
32575
32576
32576
32577
32581
32582
32583
32584
32585
32588
32590
32590
32591
32593
32595
32595
32595
32595
32596
32596
32598
32599
32600
32600
32601
32602
32603
32604
32605
32605
32606
32607
32608
32609
32610
32611
32613
32616
32618
32620
32621
32623
32623
32624
32626
32627
32628
32628
32630
32630
32631
32633
32634
32637
32637
32638
32640
32640
32641
32642
32642
32645
32645
32646
32647
32647
32648
32648
32648
32650
32651
32651
32652
32652
32654
32654
32654
32655
32658
32658
32659
32660
32660
32662
32662
32663
32663
32665
32666
32666
32667
32668
32669
32669
32670
32672
32673
32673
32673
32674
32675
32675
32675
32675
32675
32676
32676
32678
32682
32685
32685
32686
32686
32688
32689
32689
32690
32691
32691
32692
32692
32694
32694
32698
32699
32699
32702
32704
32704
32706
32707
32707
32708
32708
32709
32710
32711
32712
32713
32715
32715
32717
32717
32718
32719
32719
32719
32722
32724
32724
32725
32729
32730
32730
32730
32731
32733
32733
32734
32734
32734
32734
32735
32736
32738
32740
32740
32741
32742
32742
32743
32744
32747
32747
32747
32748
32749
32752
32753
32754
32757
32758
32758
32759
32761
32761
32761
32764
32765
32765
32766
32767
32768
32770
32770
32771
32771
32772
32773
32774
32775
32777
32777
32777
32778
32778
32779
32779
32779
32779
32779
32780
32781
32782
32784
32784
32788
32788
32789
32789
32791
32791
32793
32793
32793
32794
32795
32796
32796
32798
32798
32798
32799
32799
32799
32800
32800
32800
32801
32801
32802
32802
32803
32803
32809
32810
32813
32813
32814
32816
32818
32823
32824
32824
32825
32825
32826
32830
32830
32830
32831
32831
32831
32835
32835
32837
32838
32838
32838
32839
32840
32842
32843
32844
32849
32849
32849
32849
32851
32851
32852
32854
32854
32856
32858
32860
32862
32863
32865
32866
32867
32867
32868
32868
32868
32870
32871
32875
32875
32878
32879
32880
32884
32885
32886
32887
32888
32889
32889
32889
32890
32894
32895
32895
32896
32897
32898
32899
32899
32899
32899
32901
32903
32904
32904
32905
32906
32906
32906
32907
32909
32909
32910
32910
32910
32914
32915
32917
32918
32920
32921
32921
32923
32923
32924
32924
32927
32929
32931
32934
32934
32935
32935
32936
32936
32936
32938
32938
32939
32940
32940
32941
32942
32942
32943
32947
32947
32948
32949
32949
32949
32949
32950
32953
32953
32955
32956
32958
32958
32959
32961
32962
32962
32963
32964
32966
32966
32966
32967
32967
32967
32967
32967
32968
32968
32969
32971
32972
32972
32974
32975
32975
32976
32976
32977
32978
32978
32979
32980
32980
32980
32982
32983
32986
32987
32987
32987
32989
32990
32992
32994
32995
32995
32995
32995
32995
32995
32997
32997
32997
32998
32999
33001
33004
33004
33004
33005
33006
33007
33007
33009
33012
33014
33015
33015
33016
33016
33017
33018
33019
33021
33023
33023
33027
33028
33028
33029
33029
33030
33030
33031
33031
33031
33033
33033
33033
33036
33036
33037
33038
33039
33041
33043
33044
33046
33047
33047
33048
33048
33049
33050
33050
33051
33052
33053
33054
33054
33054
33054
33056
33056
33057
33058
33058
33059
33063
33066
33068
33068
33069
33069
33070
33070
33074
33074
33074
33074
33074
33075
33076
33077
33078
33079
33079
33080
33083
33083
33084
33084
33084
33084
33086
33088
33088
33089
33090
33091
33093
33093
33094
33094
33094
33097
33099
33102
33102
33103
33103
33103
33104
33105
33106
33107
33108
33109
33110
33111
33111
33112
33113
33118
33119
33120
33120
33121
33121
33121
33124
33126
33127
33130
33132
33132
33134
33135
33136
33137
33138
33138
33140
33141
33142
33143
33143
33146
33146
33150
33151
33152
33155
33155
33155
33156
33156
33157
33157
33157
33158
33159
33160
33161
33161
33163
33164
33164
33164
33164
33165
33165
33166
33166
33168
33169
33169
33169
33170
33170
33173
33173
33173
33174
33175
33175
33176
33179
33180
33182
33182
33183
33185
33185
33187
33187
33187
33191
33191
33193
33195
33195
33196
33197
33198
33201
33202
33203
33203
33204
33206
33207
33208
33208
33208
33209
33209
33210
33212
33212
33214
33214
33214
33215
33215
33217
33218
33220
33220
33220
33223
33224
33225
33225
33228
33230
33231
33234
33234
33235
33236
33236
33236
33237
33237
33238
33238
33240
33241
33242
33243
33244
33244
33247
33247
33247
33247
33249
33250
33251
33253
33254
33254
33256
33257
33259
33260
33263
33263
33263
33264
33264
33264
33268
33269
33270
33270
33272
33274
33275
33277
33278
33280
33281
33282
33283
33284
33284
33285
33285
33287
33288
33289
33289
33291
33292
33293
33294
33295
33296
33296
33298
33299
33300
33300
33300
33301
33301
33303
33303
33304
33305
33307
33310
33310
33311
33312
33313
33313
33315
33315
33315
33317
33317
33317
33318
33318
33321
33322
33327
33328
33329
33330
33330
33330
33331
33331
33333
33336
33337
33338
33338
33339
33340
33341
33341
33341
33341
33342
33343
33343
33345
33345
33345
33349
33350
33351
33352
33354
33354
33356
33356
33357
33358
33359
33361
33365
33367
33369
33369
33372
33372
33373
33375
33376
33376
33376
33378
33380
33380
33382
33383
33384
33385
33386
33388
33388
33390
33391
33392
33392
33393
33393
33394
33394
33395
33395
33395
33396
33398
33401
33401
33404
33405
33406
33406
33406
33406
33407
33408
33408
33410
33412
33413
33414
33414
33414
33415
33420
33420
33420
33421
33421
33423
33424
33424
33425
33425
33427
33427
33429
33429
33430
33430
33431
33431
33433
33433
33434
33435
33435
33435
33436
33437
33438
33438
33439
33439
33441
33443
33443
33444
33445
33447
33449
33450
33453
33455
33457
33460
33460
33462
33466
33467
33469
33470
33471
33471
33475
33476
33476
33477
33477
33477
33479
33482
33482
33483
33483
33485
33485
33485
33485
33486
33486
33488
33488
33490
33491
33492
33494
33494
33498
33499
33501
33501
33503
33503
33505
33507
33507
33507
33508
33508
33509
33509
33510
33510
33513
33515
33516
33517
33517
33518
33519
33520
33521
33524
33525
33528
33529
33531
33531
33531
33531
33533
33533
33533
33533
33535
33536
33537
33538
33539
33539
33540
33540
33541
33542
33543
33543
33544
33544
33545
33548
33550
33552
33552
33552
33552
33553
33555
33557
33558
33558
33559
33560
33563
33567
33567
33568
33568
33572
33572
33572
33575
33577
33578
33579
33580
33584
33584
33585
33588
33591
33595
33595
33595
33597
33597
33598
33598
33599
33599
33600
33601
33602
33603
33603
33604
33605
33605
33607
33607
33608
33609
33610
33611
33611
33611
33613
33614
33615
33618
33618
33618
33620
33620
33620
33621
33621
33622
33622
33622
33622
33623
33625
33625
33626
33627
33628
33628
33629
33630
33631
33633
33634
33634
33635
33636
33640
33642
33642
33643
33643
33646
33646
33647
33648
33648
33649
33650
33653
33654
33655
33656
33656
33656
33657
33657
33657
33658
33659
33660
33661
33662
33663
33663
33664
33666
33668
33669
33672
33673
33677
33677
33677
33679
33680
33681
33681
33682
33682
33682
33683
33685
33689
33689
33689
33689
33690
33690
33691
33692
33695
33695
33696
33696
33699
33699
33699
33700
33700
33703
33704
33704
33706
33706
33707
33708
33708
33709
33709
33710
33712
33714
33716
33717
33717
33718
33718
33720
33721
33724
33724
33725
33728
33729
33730
33730
33730
33732
33732
33733
33733
33734
33738
33740
33741
33743
33746
33747
33747
33747
33748
33749
33749
33750
33750
33752
33752
33752
33753
33754
33759
33760
33761
33762
33762
33762
33762
33763
33768
33769
33769
33769
33770
33770
33770
33771
33771
33773
33773
33774
33775
33775
33776
33777
33777
33778
33780
33781
33781
33782
33782
33784
33787
33788
33788
33789
33790
33791
33792
33793
33793
33794
33795
33795
33795
33796
33797
33798
33799
33799
33800
33800
33800
33801
33801
33802
33804
33805
33806
33806
33806
33808
33809
33809
33810
33811
33811
33811
33811
33811
33812
33817
33817
33818
33820
33821
33821
33822
33823
33826
33826
33830
33830
33832
33833
33834
33834
33836
33837
33837
33838
33839
33840
33844
33844
33845
33845
33845
33845
33847
33848
33850
33850
33851
33851
33851
33851
33851
33853
33853
33854
33854
33855
33857
33858
33858
33858
33858
33862
33863
33864
33866
33867
33868
33871
33871
33871
33871
33874
33875
33876
33877
33878
33878
33882
33884
33885
33888
33888
33889
33890
33895
33896
33897
33898
33898
33899
33899
33900
33901
33901
33901
33902
33905
33906
33907
33907
33908
33914
33917
33918
33920
33922
33922
33924
33924
33926
33927
33927
33930
33931
33931
33932
33935
33935
33936
33936
33937
33938
33943
33944
33946
33946
33948
33950
33950
33951
33952
33952
33954
33954
33956
33956
33957
33959
33959
33959
33959
33960
33962
33963
33964
33965
33965
33966
33966
33966
33969
33970
33970
33971
33971
33975
33975
33976
33977
33978
33978
33979
33980
33980
33984
33984
33986
33988
33990
33990
33991
33993
33994
33995
33996
33997
33998
33998
33998
33999
33999
34000
34000
34001
34003
34006
34007
34008
34010
34011
34013
34014
34014
34015
34017
34017
34018
34018
34019
34021
34024
34024
34025
34025
34026
34028
34029
34029
34030
34030
34031
34032
34033
34034
34035
34038
34038
34040
34041
34042
34044
34045
34046
34047
34047
34048
34050
34050
34051
34051
34052
34053
34054
34056
34057
34058
34058
34060
34060
34061
34063
34065
34069
34070
34070
34071
34074
34075
34075
34078
34080
34081
34081
34081
34083
34083
34084
34086
34086
34086
34086
34091
34091
34091
34093
34095
34095
34095
34095
34096
34098
34099
34099
34101
34103
34104
34104
34104
34105
34106
34106
34107
34108
34108
34110
34111
34112
34115
34115
34117
34119
34120
34120
34121
34122
34129
34132
34134
34135
34136
34136
34138
34138
34138
34140
34140
34142
34142
34142
34142
34143
34145
34148
34149
34149
34152
34152
34153
34153
34154
34155
34156
34158
34159
34159
34160
34161
34161
34163
34166
34169
34169
34170
34172
34174
34177
34177
34178
34178
34180
34183
34184
34186
34186
34187
34187
34189
34189
34193
34194
34194
34195
34195
34197
34198
34200
34205
34205
34207
34209
34209
34209
34210
34210
34210
34211
34213
34214
34216
34218
34218
34219
34220
34221
34222
34224
34226
34227
34227
34227
34227
34229
34229
34230
34231
34233
34234
34235
34238
34240
34240
34240
34242
34242
34243
34246
34247
34247
34247
34247
34247
34248
34249
34250
34252
34253
34254
34254
34256
34257
34258
34259
34260
34261
34263
34264
34265
34267
34268
34269
34269
34270
34271
34272
34272
34274
34276
34277
34278
34279
34279
34280
34280
34282
34282
34282
34284
34284
34284
34285
34285
34286
34286
34286
34287
34289
34291
34291
34293
34293
34293
34297
34300
34300
34301
34305
34311
34312
34314
34314
34315
34316
34317
34319
34320
34320
34320
34321
34321
34323
34325
34326
34328
34330
34331
34332
34333
34334
34335
34337
34337
34341
34341
34341
34343
34347
34347
34352
34352
34356
34358
34358
34359
34359
34359
34361
34361
34361
34361
34362
34362
34362
34363
34364
34365
34365
34365
34366
34366
34367
34367
34368
34369
34369
34370
34371
34372
34372
34372
34373
34374
34374
34374
34375
34376
34377
34377
34379
34382
34383
34386
34387
34387
34387
34389
34389
34390
34391
34393
34394
34395
34395
34398
34399
34400
34402
34402
34402
34403
34403
34407
34407
34407
34408
34410
34411
34411
34413
34413
34414
34415
34415
34415
34415
34415
34416
34416
34416
34417
34417
34417
34419
34420
34420
34420
34422
34422
34423
34426
34426
34427
34428
34428
34429
34431
34432
34432
34433
34434
34435
34436
34436
34438
34439
34441
34441
34443
34443
34443
34444
34445
34446
34446
34446
34447
34448
34450
34450
34452
34452
34453
34454
34455
34455
34455
34457
34457
34458
34458
34462
34464
34464
34465
34465
34466
34467
34467
34468
34470
34470
34470
34471
34473
34474
34476
34478
34479
34480
34481
34486
34486
34489
34491
34493
34494
34494
34496
34500
34500
34500
34501
34501
34502
34504
34505
34509
34510
34511
34512
34513
34515
34515
34515
34517
34517
34517
34519
34520
34523
34523
34524
34524
34524
34528
34528
34529
34529
34537
34537
34537
34539
34540
34541
34542
34542
34543
34544
34544
34545
34545
34546
34546
34546
34548
34550
34551
34551
34551
34555
34555
34556
34556
34557
34558
34558
34558
34560
34561
34561
34561
34563
34564
34565
34565
34566
34567
34570
34571
34573
34574
34574
34575
34576
34580
34582
34582
34583
34584
34584
34588
34590
34590
34590
34592
34593
34593
34595
34596
34596
34596
34597
34597
34598
34598
34598
34601
34602
34606
34607
34607
34608
34609
34609
34609
34610
34612
34613
34615
34616
34617
34617
34618
34619
34620
34620
34621
34622
34622
34623
34624
34626
34626
34627
34628
34630
34630
34631
34631
34632
34633
34634
34637
34638
34640
34641
34643
34644
34645
34648
34649
34649
34650
34650
34651
34652
34654
34654
34657
34659
34662
34663
34663
34664
34665
34667
34668
34669
34670
34672
34672
34672
34674
34677
34677
34678
34682
34682
34683
34684
34684
34685
34686
34687
34687
34688
34692
34693
34694
34695
34695
34696
34697
34698
34699
34699
34702
34702
34702
34703
34703
34703
34704
34704
34704
34705
34707
34707
34707
34707
34708
34708
34708
34709
34709
34710
34710
34711
34712
34712
34713
34713
34715
34716
34716
34716
34717
34718
34721
34721
34722
34722
34725
34726
34728
34729
34731
34732
34732
34732
34733
34736
34740
34741
34742
34743
34744
34745
34747
34748
34748
34749
34749
34750
34752
34753
34754
34755
34755
34756
34756
34757
34757
34758
34758
34761
34765
34765
34766
34766
34766
34766
34766
34766
34768
34769
34769
34771
34772
34772
34774
34775
34776
34776
34777
34778
34779
34782
34784
34784
34785
34786
34786
34788
34789
34789
34791
34791
34791
34792
34792
34793
34793
34793
34794
34796
34797
34797
34798
34801
34802
34802
34804
34805
34806
34807
34808
34810
34812
34812
34815
34816
34817
34819
34819
34819
34821
34824
34825
34827
34828
34828
34828
34829
34830
34831
34831
34832
34833
34834
34835
34835
34836
34836
34837
34837
34839
34839
34840
34841
34841
34842
34846
34847
34848
34848
34849
34851
34852
34853
34854
34855
34856
34856
34856
34857
34857
34857
34857
34858
34858
34859
34860
34861
34869
34869
34869
34870
34870
34870
34872
34872
34872
34873
34873
34877
34879
34879
34880
34883
34885
34887
34887
34891
34893
34893
34895
34897
34898
34899
34900
34900
34901
34901
34901
34902
34904
34904
34904
34904
34907
34909
34910
34911
34911
34911
34911
34911
34912
34913
34918
34918
34919
34919
34921
34922
34922
34922
34924
34925
34927
34927
34928
34929
34929
34929
34930
34931
34931
34933
34934
34934
34937
34940
34940
34942
34943
34944
34944
34946
34947
34948
34948
34948
34950
34950
34951
34951
34951
34951
34951
34953
34953
34953
34954
34955
34957
34959
34959
34959
34960
34960
34963
34966
34967
34967
34967
34968
34968
34969
34970
34970
34972
34972
34973
34974
34974
34975
34975
34976
34976
34978
34978
34982
34983
34984
34984
34993
34994
34994
34994
34995
34995
34995
34996
34996
34998
35003
35006
35006
35007
35007
35007
35009
35009
35009
35010
35010
35010
35010
35013
35014
35015
35015
35017
35017
35018
35019
35019
35019
35022
35023
35023
35024
35024
35025
35025
35027
35030
35030
35030
35031
35032
35035
35035
35036
35036
35038
35039
35040
35040
35041
35045
35045
35048
35052
35052
35052
35053
35055
35055
35057
35058
35058
35058
35059
35059
35062
35063
35064
35066
35066
35067
35068
35069
35069
35071
35074
35074
35075
35078
35079
35079
35080
35080
35082
35082
35084
35084
35085
35085
35086
35087
35087
35088
35088
35089
35090
35094
35095
35095
35095
35096
35096
35096
35096
35096
35097
35097
35099
35100
35101
35101
35103
35105
35106
35106
35107
35108
35108
35108
35108
35109
35113
35114
35114
35117
35118
35119
35119
35120
35122
35122
35123
35124
35127
35130
35134
35135
35136
35138
35138
35139
35140
35145
35146
35146
35147
35149
35149
35150
35150
35150
35150
35152
35152
35153
35153
35155
35156
35157
35157
35158
35158
35158
35161
35162
35163
35163
35164
35164
35168
35168
35169
35170
35170
35172
35172
35173
35174
35174
35175
35176
35176
35178
35179
35180
35181
35182
35182
35185
35187
35188
35189
35189
35190
35190
35191
35191
35193
35193
35194
35194
35195
35196
35197
35204
35205
35206
35208
35213
35214
35214
35215
35217
35217
35218
35219
35220
35221
35221
35224
35226
35227
35227
35229
35230
35231
35231
35232
35233
35233
35233
35235
35236
35236
35238
35239
35239
35240
35241
35241
35247
35248
35248
35248
35249
35250
35250
35252
35252
35252
35253
35254
35257
35257
35257
35259
35260
35261
35261
35261
35262
35263
35264
35266
35268
35269
35269
35269
35270
35271
35271
35272
35273
35273
35273
35275
35275
35275
35276
35276
35278
35278
35278
35279
35280
35280
35281
35282
35286
35287
35287
35287
35288
35288
35289
35290
35291
35291
35291
35292
35293
35293
35295
35301
35301
35302
35304
35304
35304
35305
35305
35306
35309
35309
35310
35310
35310
35311
35312
35313
35314
35314
35316
35320
35321
35322
35322
35322
35323
35323
35323
35324
35326
35326
35327
35328
35329
35329
35331
35331
35334
35334
35335
35336
35336
35336
35336
35337
35343
35344
35344
35348
35352
35354
35355
35355
35356
35357
35357
35359
35360
35362
35363
35364
35364
35365
35365
35366
35366
35366
35366
35366
35369
35370
35370
35374
35376
35377
35377
35377
35379
35379
35379
35380
35381
35381
35382
35382
35382
35382
35382
35383
35384
35385
35385
35385
35386
35386
35387
35387
35388
35390
35391
35392
35392
35393
35395
35395
35396
35396
35396
35400
35400
35400
35402
35404
35405
35405
35405
35406
35406
35407
35407
35408
35408
35408
35409
35409
35410
35411
35411
35411
35411
35412
35414
35416
35417
35418
35420
35421
35421
35422
35423
35423
35423
35424
35424
35424
35424
35425
35425
35426
35426
35427
35428
35429
35430
35431
35431
35431
35432
35432
35433
35433
35434
35436
35438
35441
35441
35443
35443
35446
35446
35453
35453
35454
35454
35456
35457
35457
35458
35462
35463
35466
35467
35468
35469
35469
35469
35469
35469
35470
35470
35470
35472
35473
35473
35473
35475
35475
35476
35478
35478
35479
35480
35483
35484
35484
35484
35485
35487
35487
35487
35489
35489
35489
35491
35491
35492
35492
35492
35495
35496
35496
35497
35499
35499
35501
35501
35501
35502
35502
35503
35503
35503
35504
35505
35505
35508
35508
35510
35511
35511
35514
35515
35516
35516
35517
35518
35520
35521
35526
35527
35527
35528
35528
35529
35529
35531
35531
35532
35532
35533
35533
35534
35535
35537
35538
35539
35539
35540
35541
35541
35541
35541
35543
35544
35544
35544
35545
35546
35546
35547
35547
35548
35549
35550
35551
35552
35553
35556
35558
35558
35559
35559
35561
35562
35563
35563
35564
35567
35567
35568
35569
35569
35570
35572
35572
35572
35575
35578
35578
35580
35581
35581
35582
35583
35584
35584
35584
35584
35585
35586
35587
35588
35589
35589
35589
35591
35592
35592
35593
35594
35595
35597
35599
35599
35599
35600
35600
35601
35602
35602
35603
35603
35603
35603
35608
35610
35615
35615
35615
35618
35618
35620
35620
35621
35621
35622
35623
35624
35624
35627
35627
35628
35629
35629
35631
35633
35635
35638
35641
35641
35643
35645
35645
35645
35648
35649
35650
35651
35651
35655
35655
35656
35656
35657
35659
35659
35660
35664
35665
35666
35666
35669
35669
35674
35675
35675
35676
35677
35678
35678
35680
35680
35680
35681
35682
35682
35683
35684
35684
35685
35685
35685
35686
35687
35688
35688
35689
35691
35692
35695
35696
35696
35697
35697
35699
35699
35700
35701
35701
35701
35703
35705
35707
35707
35707
35708
35708
35708
35710
35710
35712
35712
35712
35713
35714
35715
35715
35716
35717
35718
35719
35719
35719
35719
35720
35721
35722
35722
35722
35724
35724
35724
35727
35728
35729
35729
35730
35730
35730
35731
35732
35733
35734
35734
35734
35735
35735
35735
35735
35736
35737
35737
35737
35737
35738
35739
35740
35741
35742
35742
35743
35743
35744
35745
35745
35745
35746
35748
35749
35749
35750
35750
35751
35752
35753
35756
35756
35756
35756
35756
35758
35758
35759
35760
35760
35761
35764
35765
35766
35767
35769
35770
35770
35772
35773
35773
35775
35775
35776
35777
35777
35778
35780
35780
35781
35783
35785
35786
35787
35791
35791
35792
35794
35795
35795
35796
35796
35797
35799
35800
35801
35806
35807
35808
35812
35812
35813
35813
35815
35817
35821
35821
35821
35823
35823
35828
35828
35829
35830
35830
35832
35832
35834
35834
35834
35835
35842
35842
35842
35844
35844
35845
35847
35847
35848
35850
35851
35853
35855
35855
35857
35861
35861
35862
35863
35863
35863
35863
35863
35863
35865
35865
35867
35868
35869
35869
35869
35869
35870
35870
35870
35872
35875
35876
35876
35876
35878
35878
35879
35881
35881
35887
35888
35889
35890
35891
35891
35891
35896
35896
35898
35898
35899
35899
35901
35901
35903
35903
35903
35904
35904
35906
35907
35907
35911
35911
35912
35913
35916
35917
35918
35919
35919
35921
35922
35923
35925
35925
35925
35926
35928
35928
35928
35930
35930
35931
35932
35933
35936
35938
35939
35940
35941
35941
35941
35942
35943
35943
35944
35945
35945
35945
35945
35947
35947
35947
35948
35953
35953
35953
35954
35954
35956
35958
35959
35960
35960
35961
35962
35962
35962
35964
35966
35966
35967
35970
35971
35973
35974
35975
35975
35975
35977
35979
35982
35983
35983
35983
35984
35984
35985
35985
35985
35986
35986
35991
35991
35992
35995
35995
35996
35996
35998
36000
36000
36001
36001
36001
36002
36002
36004
36005
36005
36006
36006
36007
36008
36009
36009
36010
36012
36012
36013
36014
36015
36016
36017
36017
36017
36018
36020
36020
36021
36023
36023
36024
36024
36025
36027
36030
36031
36032
36033
36036
36036
36037
36037
36039
36040
36040
36042
36044
36045
36046
36047
36049
36053
36055
36055
36056
36057
36057
36058
36061
36062
36065
36066
36067
36068
36068
36069
36070
36070
36074
36074
36074
36074
36076
36077
36077
36077
36078
36078
36079
36081
36083
36083
36083
36084
36084
36084
36086
36087
36088
36088
36089
36089
36089
36090
36090
36092
36092
36093
36093
36094
36099
36100
36101
36101
36102
36104
36104
36106
36106
36107
36108
36110
36112
36112
36115
36117
36119
36120
36120
36122
36122
36124
36124
36125
36125
36125
36126
36128
36128
36129
36129
36130
36131
36131
36131
36132
36137
36137
36138
36139
36140
36143
36146
36147
36147
36148
36148
36148
36149
36151
36152
36153
36153
36153
36153
36154
36154
36155
36156
36158
36158
36158
36159
36159
36160
36161
36161
36163
36164
36166
36168
36169
36171
36172
36174
36176
36176
36178
36179
36180
36181
36182
36185
36185
36186
36189
36189
36192
36193
36194
36194
36196
36197
36199
36199
36202
36202
36202
36204
36205
36208
36211
36211
36216
36218
36221
36223
36224
36224
36224
36227
36230
36232
36233
36234
36235
36237
36238
36238
36240
36242
36243
36243
36244
36246
36246
36246
36246
36246
36248
36250
36251
36252
36253
36253
36254
36255
36258
36258
36258
36258
36259
36259
36260
36261
36262
36263
36263
36263
36264
36265
36266
36270
36270
36271
36271
36272
36272
36275
36282
36282
36283
36283
36286
36286
36287
36287
36288
36289
36290
36290
36290
36293
36296
36297
36298
36301
36302
36303
36303
36303
36304
36305
36305
36306
36306
36307
36308
36308
36311
36311
36311
36311
36311
36313
36317
36318
36319
36320
36321
36321
36322
36323
36325
36325
36325
36326
36327
36327
36329
36332
36332
36334
36335
36337
36337
36337
36337
36338
36340
36341
36341
36343
36344
36344
36345
36345
36349
36349
36349
36349
36349
36352
36352
36354
36354
36355
36355
36355
36356
36356
36356
36357
36357
36359
36359
36360
36363
36363
36363
36367
36368
36369
36371
36375
36376
36376
36376
36376
36377
36378
36378
36378
36378
36379
36380
36381
36382
36383
36385
36386
36386
36388
36390
36392
36392
36393
36393
36393
36394
36395
36397
36397
36400
36401
36403
36403
36404
36405
36406
36407
36407
36407
36407
36408
36409
36410
36410
36410
36412
36413
36414
36415
36415
36415
36418
36419
36420
36420
36421
36421
36422
36423
36425
36427
36429
36430
36430
36430
36431
36431
36431
36433
36434
36435
36435
36439
36439
36439
36439
36439
36440
36442
36443
36443
36443
36444
36445
36445
36445
36446
36448
36449
36449
36449
36450
36451
36452
36452
36454
36454
36454
36456
36457
36460
36460
36462
36462
36463
36464
36465
36465
36465
36466
36469
36470
36471
36471
36471
36472
36475
36477
36478
36480
36481
36486
36487
36488
36489
36490
36490
36491
36492
36492
36494
36494
36494
36495
36496
36497
36499
36499
36500
36502
36504
36505
36506
36506
36507
36508
36508
36509
36512
36513
36515
36517
36517
36517
36517
36518
36519
36521
36521
36521
36523
36523
36524
36525
36527
36528
36528
36529
36529
36530
36530
36531
36533
36533
36534
36534
36535
36535
36536
36536
36537
36540
36541
36542
36546
36546
36548
36548
36549
36549
36550
36550
36552
36552
36553
36553
36555
36555
36560
36563
36565
36566
36567
36568
36568
36569
36569
36569
36570
36570
36572
36573
36574
36574
36575
36576
36577
36577
36579
36580
36584
36585
36587
36590
36590
36591
36593
36596
36597
36598
36599
36600
36601
36603
36603
36605
36606
36607
36607
36610
36612
36613
36614
36615
36616
36617
36618
36618
36618
36618
36619
36619
36620
36620
36620
36622
36626
36626
36626
36627
36627
36628
36629
36631
36631
36632
36634
36634
36634
36635
36636
36637
36639
36641
36641
36643
36644
36644
36644
36644
36644
36645
36645
36646
36646
36649
36649
36649
36650
36650
36650
36653
36654
36654
36655
36656
36656
36657
36658
36658
36659
36659
36659
36660
36661
36661
36662
36664
36665
36665
36665
36666
36667
36669
36669
36669
36670
36673
36673
36674
36675
36675
36677
36677
36678
36678
36679
36680
36683
36683
36684
36685
36685
36685
36688
36689
36690
36691
36694
36694
36694
36695
36695
36696
36696
36696
36698
36699
36700
36701
36701
36702
36702
36702
36703
36705
36705
36706
36709
36711
36711
36712
36713
36714
36718
36718
36718
36719
36720
36721
36721
36722
36723
36723
36726
36726
36726
36727
36728
36728
36729
36730
36730
36732
36732
36733
36735
36735
36736
36736
36737
36738
36739
36739
36739
36740
36740
36742
36742
36743
36744
36744
36745
36745
36745
36746
36747
36748
36751
36751
36753
36754
36755
36756
36756
36756
36757
36758
36758
36759
36760
36760
36760
36760
36761
36761
36763
36764
36766
36766
36768
36769
36773
36774
36776
36777
36777
36778
36781
36782
36783
36784
36784
36788
36790
36794
36795
36797
36803
36803
36804
36805
36805
36807
36808
36809
36810
36811
36811
36813
36815
36816
36816
36816
36818
36818
36819
36820
36822
36823
36823
36825
36826
36828
36828
36829
36830
36831
36833
36837
36839
36841
36841
36842
36843
36845
36846
36848
36848
36850
36850
36850
36851
36851
36851
36852
36852
36853
36853
36855
36855
36855
36856
36856
36858
36859
36867
36867
36867
36867
36868
36869
36870
36870
36870
36870
36872
36873
36875
36875
36876
36877
36878
36878
36878
36879
36879
36879
36879
36879
36879
36881
36882
36884
36884
36884
36886
36887
36888
36889
36891
36894
36895
36895
36896
36896
36897
36898
36899
36902
36902
36903
36903
36903
36907
36907
36907
36907
36908
36909
36909
36909
36910
36914
36914
36915
36917
36917
36917
36918
36919
36919
36920
36921
36922
36922
36925
36927
36927
36929
36931
36931
36932
36933
36934
36934
36934
36934
36934
36937
36937
36939
36939
36940
36940
36941
36942
36942
36942
36942
36946
36946
36946
36947
36947
36948
36950
36951
36951
36952
36952
36954
36956
36957
36958
36959
36960
36961
36962
36963
36963
36966
36967
36967
36968
36968
36969
36969
36971
36974
36974
36975
36976
36977
36979
36979
36979
36980
36981
36981
36981
36981
36982
36982
36982
36982
36992
36993
36993
36996
36996
36997
36999
36999
36999
36999
37000
37001
37001
37002
37005
37005
37007
37008
37009
37012
37014
37015
37015
37016
37018
37018
37019
37019
37020
37021
37022
37023
37024
37024
37025
37026
37027
37027
37028
37029
37031
37031
37032
37033
37034
37035
37035
37037
37041
37043
37043
37044
37044
37045
37045
37046
37046
37046
37049
37050
37050
37051
37051
37053
37054
37056
37056
37058
37059
37062
37063
37064
37066
37068
37068
37069
37069
37070
37070
37071
37072
37072
37072
37073
37075
37077
37079
37079
37079
37081
37082
37084
37084
37087
37088
37088
37090
37091
37093
37093
37095
37096
37096
37096
37097
37098
37098
37099
37099
37100
37101
37101
37103
37103
37105
37105
37105
37106
37107
37107
37107
37108
37109
37109
37114
37114
37114
37116
37117
37117
37118
37119
37119
37120
37120
37121
37123
37123
37124
37124
37124
37124
37124
37127
37127
37127
37132
37134
37135
37135
37137
37138
37139
37139
37140
37142
37142
37143
37143
37143
37145
37146
37146
37146
37147
37149
37149
37149
37151
37151
37152
37152
37153
37153
37153
37155
37155
37159
37159
37162
37163
37163
37163
37165
37165
37166
37167
37168
37168
37170
37170
37171
37172
37172
37173
37173
37174
37177
37177
37178
37181
37182
37184
37186
37189
37192
37194
37196
37197
37198
37198
37200
37201
37202
37204
37204
37209
37209
37212
37212
37213
37213
37214
37214
37214
37215
37215
37217
37219
37220
37220
37221
37221
37224
37225
37225
37227
37227
37227
37229
37229
37231
37232
37232
37232
37233
37233
37234
37235
37235
37235
37237
37238
37238
37238
37240
37241
37241
37242
37242
37243
37243
37244
37244
37246
37247
37247
37248
37248
37249
37250
37252
37253
37259
37260
37261
37262
37263
37263
37264
37268
37269
37269
37269
37270
37273
37273
37275
37275
37275
37276
37276
37277
37278
37278
37279
37280
37281
37281
37282
37283
37286
37286
37286
37288
37288
37289
37293
37293
37294
37295
37297
37297
37301
37301
37302
37303
37305
37305
37306
37306
37307
37308
37308
37308
37308
37309
37310
37310
37314
37314
37314
37315
37315
37316
37316
37318
37319
37319
37320
37321
37321
37324
37324
37325
37326
37327
37328
37328
37330
37330
37331
37331
37331
37331
37333
37335
37335
37336
37336
37337
37337
37337
37338
37341
37343
37344
37344
37346
37349
37350
37351
37351
37351
37352
37354
37355
37355
37355
37358
37360
37360
37361
37361
37362
37365
37367
37368
37369
37371
37374
37374
37375
37376
37376
37378
37380
37381
37381
37383
37383
37386
37389
37390
37390
37391
37392
37392
37393
37393
37394
37396
37397
37397
37398
37398
37398
37400
37401
37402
37403
37403
37405
37406
37406
37407
37407
37408
37409
37410
37410
37410
37410
37411
37413
37413
37415
37416
37417
37418
37420
37422
37425
37425
37427
37428
37432
37432
37432
37434
37435
37435
37436
37436
37436
37437
37438
37438
37438
37438
37439
37440
37442
37443
37444
37444
37445
37447
37448
37449
37450
37451
37452
37452
37455
37456
37457
37457
37457
37458
37458
37458
37458
37459
37461
37462
37462
37463
37463
37463
37464
37464
37464
37465
37465
37467
37467
37467
37470
37471
37473
37473
37474
37474
37475
37475
37477
37479
37479
37481
37482
37486
37488
37488
37489
37491
37493
37493
37494
37495
37495
37497
37498
37499
37499
37501
37501
37501
37502
37505
37505
37506
37507
37507
37507
37507
37508
37509
37510
37510
37510
37511
37511
37512
37515
37517
37519
37520
37520
37520
37520
37521
37521
37522
37522
37522
37524
37525
37526
37527
37528
37528
37529
37529
37529
37529
37531
37531
37533
37534
37535
37536
37538
37539
37540
37540
37541
37542
37543
37544
37544
37545
37545
37546
37547
37550
37550
37551
37552
37552
37553
37554
37554
37556
37556
37558
37558
37559
37563
37563
37564
37565
37565
37567
37569
37570
37573
37574
37576
37576
37583
37583
37585
37586
37586
37587
37589
37590
37590
37591
37593
37595
37596
37600
37601
37601
37601
37601
37602
37603
37603
37605
37605
37605
37606
37607
37607
37608
37609
37609
37610
37610
37611
37612
37613
37614
37614
37614
37619
37619
37622
37622
37624
37624
37625
37625
37625
37630
37630
37631
37632
37633
37633
37633
37634
37634
37635
37637
37637
37639
37640
37642
37643
37643
37644
37644
37645
37645
37645
37646
37647
37647
37648
37649
37649
37650
37656
37657
37658
37659
37659
37661
37663
37663
37664
37664
37664
37664
37664
37664
37665
37665
37666
37668
37668
37670
37671
37671
37674
37674
37674
37675
37675
37676
37677
37679
37679
37680
37682
37683
37683
37683
37685
37686
37686
37687
37690
37690
37692
37692
37696
37696
37696
37697
37699
37699
37700
37700
37702
37704
37705
37706
37707
37709
37709
37709
37714
37714
37715
37715
37716
37716
37716
37716
37716
37718
37718
37719
37721
37723
37723
37724
37725
37725
37726
37728
37732
37733
37734
37734
37734
37735
37737
37738
37739
37739
37739
37739
37741
37742
37742
37744
37747
37747
37748
37749
37749
37751
37751
37753
37754
37754
37755
37757
37757
37761
37762
37763
37763
37765
37769
37769
37773
37773
37774
37774
37775
37777
37778
37779
37780
37780
37784
37785
37787
37789
37789
37789
37790
37792
37792
37792
37793
37793
37794
37795
37796
37797
37797
37798
37798
37799
37805
37806
37806
37806
37806
37808
37808
37809
37809
37810
37811
37814
37815
37816
37816
37817
37818
37820
37822
37822
37823
37824
37824
37825
37826
37829
37830
37831
37832
37835
37835
37836
37836
37838
37838
37839
37839
37840
37841
37841
37845
37845
37845
37846
37846
37847
37849
37852
37853
37856
37857
37857
37857
37860
37861
37861
37862
37864
37864
37868
37869
37870
37870
37870
37871
37871
37873
37874
37874
37875
37876
37877
37878
37878
37879
37881
37881
37884
37885
37885
37887
37887
37887
37888
37888
37888
37895
37896
37897
37899
37900
37900
37900
37901
37902
37903
37904
37905
37905
37906
37907
37907
37911
37913
37913
37915
37915
37916
37916
37917
37918
37919
37920
37920
37920
37922
37925
37926
37926
37927
37927
37928
37928
37929
37930
37930
37931
37931
37932
37932
37936
37936
37942
37942
37943
37944
37948
37948
37948
37949
37952
37952
37953
37953
37954
37954
37960
37960
37961
37962
37962
37962
37963
37964
37965
37965
37966
37966
37968
37968
37969
37970
37971
37973
37974
37978
37978
37978
37978
37982
37982
37983
37985
37987
37987
37987
37987
37991
37991
37991
37992
37993
37994
37995
37996
37996
37997
37997
37998
37998
38000
38001
38002
38002
38003
38003
38004
38004
38005
38006
38007
38008
38010
38010
38010
38013
38015
38015
38017
38018
38021
38021
38025
38026
38027
38028
38028
38031
38031
38032
38033
38034
38037
38037
38038
38040
38040
38042
38044
38045
38045
38046
38049
38050
38050
38050
38050
38055
38058
38058
38059
38060
38060
38060
38062
38063
38064
38064
38064
38066
38067
38069
38069
38075
38075
38076
38077
38077
38079
38080
38080
38080
38087
38088
38088
38090
38091
38091
38091
38093
38094
38097
38098
38098
38099
38099
38099
38099
38100
38102
38103
38104
38104
38106
38107
38107
38107
38107
38113
38113
38114
38114
38117
38117
38117
38117
38118
38119
38120
38120
38121
38121
38122
38122
38124
38125
38125
38128
38129
38133
38133
38134
38134
38134
38134
38137
38137
38138
38138
38141
38143
38143
38144
38145
38147
38148
38148
38150
38151
38153
38153
38154
38154
38155
38157
38158
38159
38160
38160
38161
38162
38163
38163
38165
38167
38167
38167
38169
38170
38170
38170
38171
38172
38173
38174
38174
38175
38177
38179
38181
38182
38183
38183
38183
38184
38186
38186
38186
38188
38189
38190
38190
38191
38191
38193
38193
38193
38195
38198
38200
38200
38202
38202
38204
38204
38206
38207
38208
38209
38209
38209
38210
38211
38211
38212
38213
38214
38214
38217
38218
38223
38224
38224
38226
38226
38226
38228
38231
38232
38232
38232
38233
38234
38235
38235
38237
38238
38238
38241
38242
38242
38242
38242
38243
38244
38244
38246
38246
38247
38248
38250
38250
38251
38251
38251
38251
38252
38255
38256
38256
38261
38261
38261
38262
38263
38265
38267
38269
38270
38270
38270
38271
38271
38271
38272
38274
38275
38275
38278
38278
38279
38279
38280
38281
38281
38283
38283
38284
38284
38285
38285
38291
38293
38295
38298
38299
38299
38299
38300
38304
38304
38304
38305
38305
38310
38312
38312
38316
38317
38317
38317
38318
38318
38319
38321
38323
38324
38326
38326
38327
38329
38329
38329
38331
38331
38332
38336
38336
38336
38337
38338
38338
38339
38339
38340
38341
38342
38343
38345
38346
38347
38347
38348
38349
38351
38352
38353
38353
38354
38355
38357
38357
38358
38362
38362
38363
38365
38365
38366
38366
38366
38367
38368
38370
38370
38371
38371
38372
38375
38375
38377
38378
38378
38379
38380
38380
38382
38383
38384
38387
38387
38389
38390
38392
38395
38397
38399
38402
38402
38403
38404
38405
38406
38407
38408
38409
38409
38410
38410
38411
38412
38414
38414
38414
38414
38415
38415
38416
38418
38418
38418
38419
38419
38420
38426
38426
38429
38433
38434
38434
38435
38435
38436
38436
38436
38437
38438
38439
38441
38441
38442
38444
38444
38445
38448
38448
38449
38450
38451
38451
38452
38454
38455
38455
38455
38456
38457
38459
38464
38464
38465
38465
38466
38468
38468
38469
38470
38471
38471
38472
38473
38477
38477
38478
38478
38480
38481
38482
38482
38482
38482
38485
38487
38487
38487
38487
38487
38488
38489
38490
38490
38491
38491
38492
38492
38493
38495
38496
38496
38500
38500
38500
38501
38501
38502
38502
38502
38503
38503
38504
38506
38508
38508
38509
38509
38509
38510
38510
38511
38511
38512
38513
38513
38513
38517
38518
38518
38519
38520
38521
38522
38522
38526
38527
38528
38528
38530
38531
38533
38534
38535
38537
38539
38540
38540
38540
38540
38543
38544
38544
38544
38546
38550
38551
38551
38551
38553
38553
38555
38556
38556
38556
38557
38558
38558
38559
38561
38561
38561
38561
38562
38562
38563
38564
38564
38564
38564
38564
38566
38567
38568
38569
38571
38571
38572
38574
38574
38580
38580
38581
38582
38583
38585
38585
38585
38588
38588
38588
38590
38590
38593
38594
38594
38597
38597
38597
38597
38598
38599
38600
38601
38602
38603
38603
38604
38606
38607
38610
38613
38615
38616
38616
38617
38617
38617
38617
38619
38619
38621
38624
38626
38627
38627
38633
38635
38635
38638
38639
38639
38642
38642
38644
38645
38646
38646
38646
38646
38647
38647
38647
38648
38649
38652
38653
38654
38656
38657
38659
38660
38660
38661
38662
38664
38666
38666
38668
38671
38672
38673
38674
38676
38676
38676
38676
38677
38679
38680
38681
38681
38681
38682
38682
38684
38685
38687
38688
38688
38691
38691
38692
38693
38694
38695
38696
38697
38697
38698
38698
38699
38699
38700
38701
38702
38707
38708
38711
38712
38712
38712
38713
38713
38713
38714
38718
38718
38719
38720
38722
38725
38729
38730
38731
38731
38732
38732
38732
38732
38734
38735
38735
38736
38736
38737
38740
38740
38741
38742
38742
38743
38744
38746
38747
38748
38751
38751
38753
38754
38756
38756
38756
38757
38759
38759
38760
38760
38761
38763
38764
38768
38770
38772
38773
38773
38774
38774
38775
38775
38777
38780
38780
38781
38781
38781
38782
38783
38784
38784
38784
38784
38785
38787
38788
38788
38789
38789
38792
38792
38794
38795
38796
38796
38797
38799
38801
38801
38805
38808
38809
38809
38809
38810
38810
38810
38812
38813
38814
38815
38816
38816
38817
38820
38822
38822
38823
38823
38824
38825
38826
38827
38830
38830
38831
38833
38836
38837
38839
38839
38840
38840
38841
38841
38843
38844
38845
38845
38846
38847
38847
38849
38849
38850
38850
38852
38852
38853
38855
38855
38855
38857
38858
38858
38858
38859
38860
38862
38862
38863
38863
38863
38864
38864
38869
38870
38872
38873
38873
38873
38874
38874
38875
38879
38879
38881
38881
38881
38882
38882
38882
38883
38884
38884
38885
38887
38887
38887
38888
38889
38890
38892
38893
38895
38895
38895
38895
38897
38897
38898
38900
38901
38901
38902
38903
38903
38903
38904
38905
38907
38907
38908
38910
38911
38913
38915
38917
38918
38918
38919
38923
38924
38924
38924
38925
38928
38930
38930
38932
38935
38936
38937
38937
38941
38941
38943
38945
38946
38949
38951
38952
38952
38953
38955
38955
38956
38959
38960
38960
38960
38962
38962
38965
38965
38966
38966
38968
38969
38970
38971
38972
38974
38975
38977
38977
38979
38981
38981
38983
38984
38985
38986
38989
38990
38990
38991
38991
38992
38992
38993
38994
38994
38995
38996
38997
38997
38997
39000
39000
39002
39004
39005
39006
39006
39009
39010
39010
39010
39013
39013
39013
39013
39014
39016
39017
39020
39021
39023
39023
39025
39027
39027
39028
39028
39029
39032
39034
39034
39035
39035
39038
39038
39039
39041
39042
39042
39044
39044
39045
39045
39046
39046
39049
39049
39050
39050
39050
39051
39051
39051
39053
39054
39055
39056
39057
39059
39059
39059
39060
39060
39061
39063
39063
39063
39064
39065
39067
39070
39073
39074
39074
39076
39076
39077
39078
39079
39080
39080
39081
39081
39082
39082
39082
39082
39084
39085
39085
39085
39086
39088
39089
39090
39090
39091
39092
39093
39094
39095
39096
39096
39099
39102
39103
39104
39104
39108
39110
39110
39111
39113
39113
39114
39115
39116
39118
39120
39120
39121
39124
39124
39125
39126
39127
39127
39129
39129
39131
39136
39138
39138
39140
39144
39144
39145
39145
39145
39145
39146
39147
39147
39151
39151
39151
39152
39152
39153
39154
39154
39155
39156
39161
39161
39162
39164
39164
39164
39165
39165
39166
39166
39168
39169
39169
39169
39169
39170
39171
39171
39173
39173
39176
39176
39177
39178
39180
39181
39181
39181
39182
39182
39185
39186
39187
39189
39190
39191
39191
39192
39192
39194
39194
39195
39196
39196
39196
39196
39196
39196
39198
39199
39199
39199
39200
39201
39201
39201
39202
39203
39207
39208
39209
39209
39210
39212
39213
39213
39214
39217
39218
39218
39218
39219
39219
39222
39223
39223
39223
39224
39225
39225
39226
39226
39226
39229
39229
39229
39230
39232
39233
39235
39236
39236
39236
39236
39237
39238
39241
39241
39241
39241
39245
39245
39247
39247
39248
39249
39250
39251
39252
39254
39254
39254
39256
39256
39257
39258
39259
39259
39260
39260
39261
39264
39265
39267
39272
39273
39274
39275
39276
39276
39276
39277
39277
39277
39278
39278
39279
39279
39280
39280
39283
39284
39284
39284
39285
39287
39288
39288
39291
39291
39292
39292
39294
39294
39297
39297
39298
39300
39300
39301
39301
39301
39301
39302
39303
39303
39304
39305
39306
39308
39309
39310
39310
39311
39311
39313
39313
39314
39317
39317
39320
39323
39324
39324
39325
39326
39328
39329
39330
39330
39332
39334
39336
39336
39336
39336
39337
39338
39338
39338
39340
39344
39346
39347
39349
39350
39350
39352
39355
39356
39356
39357
39357
39357
39358
39359
39360
39360
39360
39361
39362
39363
39366
39366
39366
39368
39368
39368
39369
39369
39370
39371
39372
39372
39372
39373
39373
39375
39377
39377
39377
39377
39378
39379
39380
39382
39382
39384
39385
39385
39386
39386
39386
39388
39392
39392
39394
39396
39396
39396
39396
39398
39399
39403
39404
39405
39407
39407
39408
39410
39410
39410
39412
39413
39413
39413
39414
39416
39418
39420
39420
39420
39421
39424
39424
39427
39429
39429
39430
39432
39432
39433
39434
39434
39434
39435
39436
39437
39439
39442
39442
39442
39443
39443
39444
39445
39446
39446
39449
39450
39451
39453
39453
39454
39454
39456
39458
39459
39460
39462
39464
39464
39468
39473
39473
39475
39475
39475
39477
39477
39477
39477
39479
39481
39481
39481
39482
39485
39485
39487
39488
39488
39489
39489
39490
39493
39495
39495
39496
39497
39497
39498
39499
39499
39500
39503
39505
39507
39507
39510
39511
39511
39513
39513
39514
39514
39515
39515
39517
39518
39519
39519
39520
39521
39522
39522
39522
39522
39524
39524
39528
39528
39529
39532
39532
39536
39536
39536
39537
39538
39540
39541
39542
39543
39544
39544
39545
39548
39549
39550
39551
39556
39556
39556
39557
39557
39557
39558
39558
39559
39561
39562
39562
39563
39564
39564
39565
39565
39566
39566
39567
39567
39569
39572
39574
39576
39577
39579
39580
39580
39581
39582
39583
39583
39583
39583
39584
39584
39585
39587
39587
39588
39588
39590
39590
39592
39592
39594
39596
39597
39597
39599
39599
39602
39605
39605
39606
39606
39606
39606
39608
39609
39609
39610
39610
39613
39614
39615
39617
39618
39619
39619
39620
39620
39624
39624
39624
39626
39628
39628
39628
39629
39630
39630
39633
39634
39637
39640
39641
39641
39641
39641
39642
39643
39643
39647
39647
39651
39651
39655
39656
39658
39659
39659
39660
39661
39663
39663
39664
39664
39665
39665
39666
39666
39668
39668
39668
39670
39671
39672
39672
39672
39674
39675
39679
39680
39681
39681
39681
39682
39685
39685
39685
39688
39688
39688
39688
39691
39691
39693
39694
39694
39697
39697
39698
39698
39699
39700
39700
39700
39702
39704
39704
39707
39707
39708
39711
39712
39712
39712
39713
39714
39715
39718
39718
39722
39722
39722
39725
39726
39728
39735
39737
39738
39739
39741
39742
39742
39743
39743
39744
39745
39745
39747
39748
39748
39748
39750
39750
39750
39751
39755
39756
39756
39756
39761
39762
39762
39763
39763
39764
39767
39767
39768
39768
39770
39771
39771
39772
39773
39773
39773
39773
39773
39774
39774
39774
39776
39776
39779
39781
39782
39783
39783
39785
39789
39791
39793
39796
39797
39800
39801
39802
39802
39804
39804
39805
39806
39807
39808
39809
39810
39811
39812
39813
39815
39816
39818
39818
39818
39819
39820
39820
39820
39823
39826
39829
39829
39831
39831
39832
39834
39835
39836
39836
39836
39840
39840
39840
39842
39843
39845
39846
39847
39847
39848
39848
39848
39849
39850
39851
39852
39855
39855
39856
39856
39857
39858
