14
17
19
20
20
20
20
21
21
23
23
24
26
27
27
28
29
29
32
34
34
34
34
36
39
39
40
41
44
44
45
46
47
47
47
47
48
48
48
49
49
50
52
53
53
54
55
56
58
58
58
60
61
65
65
67
69
70
75
75
76
76
77
78
78
79
79
80
80
81
81
83
84
84
84
85
85
86
86
86
88
89
89
90
90
91
94
95
95
98
99
100
100
101
102
103
104
107
109
113
114
116
117
118
118
118
120
120
120
121
121
121
121
121
122
122
123
126
127
128
129
129
130
131
131
134
134
135
135
136
136
137
137
137
138
139
139
140
140
141
144
145
145
146
146
146
148
149
150
151
152
153
154
156
156
156
156
157
157
158
159
159
159
160
161
162
162
164
164
164
165
166
169
169
169
171
173
173
175
177
179
179
182
182
182
182
183
185
186
186
189
191
191
193
194
194
195
196
196
196
197
198
199
200
200
201
202
203
203
205
208
208
211
211
213
213
213
213
213
214
214
215
215
217
219
220
220
220
223
223
224
225
228
228
229
230
230
230
231
233
234
234
235
236
239
239
241
241
243
244
245
245
246
248
249
250
250
250
251
254
254
256
258
259
260
260
261
261
263
263
264
265
265
267
267
268
269
269
270
271
273
273
276
278
278
278
278
279
279
280
280
281
282
282
283
288
288
288
289
289
290
291
291
292
292
293
294
298
298
298
301
301
302
303
304
305
305
307
308
309
310
310
311
311
313
313
316
316
316
320
320
321
322
323
323
323
324
326
326
327
328
328
329
329
329
329
333
335
335
336
338
340
342
343
343
343
345
346
348
350
350
350
350
351
351
351
352
353
355
355
356
356
357
357
357
357
358
360
360
360
360
361
363
364
365
365
366
367
368
369
370
373
373
374
375
376
376
379
383
383
385
385
387
388
388
388
389
389
390
390
391
391
393
397
399
402
402
404
406
406
407
407
408
409
410
410
410
411
411
413
416
416
417
417
417
418
419
419
419
421
422
422
423
423
423
423
425
425
425
425
427
430
431
431
432
432
433
433
436
436
438
439
440
440
440
442
443
443
450
451
454
454
456
456
457
459
461
462
462
462
463
463
464
464
466
469
470
471
471
474
476
477
477
478
478
479
479
480
481
483
483
483
483
484
484
485
486
486
490
490
492
492
494
494
495
496
496
497
500
500
501
502
502
503
504
505
508
510
510
511
511
512
514
516
517
518
520
522
523
523
523
527
528
529
530
530
531
531
531
533
534
534
538
540
541
541
542
544
545
546
547
550
553
553
554
555
557
557
559
559
559
559
559
560
563
566
566
567
567
567
569
569
569
570
570
573
574
575
578
585
586
586
586
587
588
588
589
589
590
591
594
596
596
599
600
600
605
606
610
610
614
616
617
617
621
621
622
622
624
624
628
628
629
629
632
632
634
635
636
637
639
639
640
640
640
641
642
642
643
643
643
644
644
645
646
646
647
648
649
650
652
652
653
653
654
654
655
657
657
657
659
660
660
661
662
663
663
664
664
664
665
665
667
667
667
670
671
671
673
675
676
677
677
677
678
680
680
684
685
686
687
688
688
689
690
690
690
691
693
694
694
694
695
695
696
696
696
696
697
697
698
699
700
700
703
706
707
708
710
710
711
711
711
712
714
714
715
715
715
715
715
716
718
718
719
720
720
720
721
722
723
724
724
725
727
727
730
731
732
732
732
732
733
733
737
737
738
740
742
743
744
744
745
745
745
748
748
749
750
751
751
753
755
757
758
759
760
762
762
762
763
764
765
765
765
766
767
767
773
773
774
774
776
778
780
780
781
781
781
785
785
785
786
787
789
790
791
792
792
792
792
793
793
794
795
795
797
798
800
802
804
806
808
812
812
813
813
814
815
817
820
821
821
821
821
821
824
824
826
826
826
827
828
828
829
829
830
830
830
831
832
832
834
835
835
836
836
837
838
838
839
839
839
841
843
843
845
846
847
848
848
850
852
852
854
854
854
854
856
856
858
860
863
863
865
865
865
866
867
870
870
871
872
873
874
874
877
878
881
882
883
884
884
885
885
886
887
887
887
889
890
891
892
892
892
895
895
898
898
899
900
902
902
904
908
909
910
913
915
915
916
917
920
921
921
922
923
925
928
929
931
931
932
934
935
936
936
937
938
940
940
940
941
944
945
946
946
946
949
950
950
951
954
955
958
958
958
959
960
961
962
963
963
963
965
965
966
967
968
968
969
972
974
974
979
979
982
983
984
984
985
985
986
986
987
987
988
988
989
989
990
990
991
992
994
995
997
997
1000
1001
1002
1003
1004
1004
1005
1006
1006
1006
1007
1008
1008
1008
1009
1010
1011
1012
1013
1013
1013
1014
1018
1020
1021
1021
1021
1022
1024
1024
1025
1026
1026
1028
1030
1032
1033
1034
1034
1042
1043
1044
1044
1046
1047
1047
1050
1050
1051
1052
1053
1055
1056
1057
1058
1058
1058
1059
1059
1060
1060
1063
1063
1063
1063
1064
1065
1071
1071
1073
1075
1075
1076
1086
1086
1090
1090
1090
1091
1092
1092
1093
1095
1097
1097
1097
1098
1100
1105
1105
1106
1107
1108
1109
1112
1113
1114
1114
1115
1115
1117
1117
1117
1117
1117
1117
1119
1119
1119
1120
1122
1122
1123
1123
1125
1125
1125
1125
1128
1128
1130
1130
1132
1132
1132
1134
1135
1135
1137
1137
1138
1139
1141
1142
1142
1142
1142
1144
1147
1147
1148
1149
1149
1150
1151
1152
1154
1156
1157
1160
1160
1161
1162
1162
1164
1164
1165
1166
1166
1166
1167
1168
1170
1171
1171
1174
1175
1177
1181
1181
1181
1181
1184
1185
1186
1188
1188
1189
1189
1190
1192
1193
1194
1194
1198
1199
1199
1200
1200
1204
1204
1205
1207
1208
1211
1211
1212
1218
1219
1220
1222
1223
1224
1225
1226
1227
1229
1229
1233
1233
1233
1233
1235
1239
1240
1240
1240
1241
1242
1243
1246
1249
1249
1249
1250
1251
1252
1253
1255
1258
1262
1263
1264
1264
1265
1268
1271
1272
1272
1273
1275
1275
1276
1276
1280
1281
1282
1284
1285
1286
1288
1290
1290
1292
1293
1294
1294
1295
1298
1299
1299
1300
1300
1302
1303
1303
1304
1305
1306
1307
1308
1311
1312
1313
1313
1315
1315
1316
1316
1317
1319
1320
1320
1321
1325
1332
1334
1334
1334
1335
1335
1336
1337
1338
1339
1339
1342
1346
1347
1347
1347
1349
1353
1354
1354
1355
1356
1358
1359
1360
1360
1360
1360
1360
1361
1361
1362
1363
1364
1364
1364
1365
1366
1366
1366
1366
1366
1369
1372
1372
1372
1372
1374
1374
1375
1376
1377
1377
1378
1379
1379
1381
1381
1381
1382
1382
1383
1385
1385
1388
1390
1390
1391
1391
1392
1392
1394
1394
1398
1401
1401
1401
1402
1404
1404
1404
1406
1406
1408
1409
1410
1413
1415
1417
1421
1421
1421
1422
1422
1424
1426
1427
1427
1428
1428
1429
1430
1431
1434
1434
1436
1438
1438
1439
1440
1445
1446
1449
1450
1450
1451
1452
1453
1454
1455
1455
1456
1456
1456
1457
1457
1458
1460
1460
1460
1463
1463
1464
1465
1466
1466
1467
1468
1468
1468
1470
1470
1471
1472
1473
1473
1474
1475
1475
1480
1485
1486
1486
1487
1488
1490
1491
1493
1493
1494
1495
1502
1503
1504
1504
1506
1506
1506
1506
1507
1509
1512
1513
1513
1514
1514
1515
1517
1519
1520
1521
1521
1521
1522
1523
1523
1523
1525
1526
1528
1529
1529
1529
1530
1531
1531
1533
1535
1536
1536
1537
1538
1539
1539
1541
1544
1545
1545
1546
1548
1550
1551
1552
1552
1552
1553
1554
1554
1555
1556
1557
1557
1558
1559
1561
1561
1562
1563
1563
1565
1566
1570
1570
1572
1572
1572
1573
1575
1576
1576
1576
1577
1577
1579
1581
1583
1584
1584
1584
1584
1585
1586
1586
1586
1588
1588
1588
1590
1591
1594
1596
1596
1596
1597
1598
1598
1601
1601
1601
1601
1606
1607
1608
1609
1609
1609
1610
1612
1613
1613
1613
1614
1617
1617
1618
1618
1620
1620
1620
1621
1622
1622
1623
1627
1627
1628
1630
1632
1633
1633
1633
1634
1635
1635
1635
1636
1637
1637
1640
1641
1643
1643
1644
1645
1646
1646
1647
1648
1651
1652
1654
1655
1655
1657
1657
1657
1658
1660
1660
1660
1661
1661
1662
1664
1665
1666
1667
1667
1668
1672
1672
1674
1676
1676
1678
1685
1685
1690
1691
1691
1691
1692
1694
1694
1695
1697
1698
1700
1701
1702
1702
1706
1707
1707
1707
1709
1711
1712
1712
1713
1713
1713
1714
1717
1717
1717
1718
1719
1719
1719
1719
1720
1721
1721
1722
1723
1724
1726
1728
1728
1730
1731
1732
1734
1735
1737
1737
1738
1740
1740
1741
1741
1742
1743
1744
1744
1745
1745
1749
1749
1749
1749
1750
1751
1751
1751
1753
1754
1754
1754
1755
1755
1756
1760
1761
1762
1763
1763
1763
1764
1764
1765
1765
1766
1767
1767
1768
1768
1769
1769
1771
1771
1771
1772
1774
1775
1775
1777
1777
1780
1780
1780
1780
1780
1780
1783
1784
1785
1790
1791
1791
1791
1792
1795
1795
1796
1797
1799
1799
1801
1801
1802
1802
1802
1803
1803
1804
1804
1805
1805
1813
1814
1814
1814
1814
1815
1819
1819
1824
1824
1825
1826
1826
1828
1829
1830
1830
1832
1833
1833
1833
1834
1834
1835
1835
1835
1835
1835
1836
1836
1837
1837
1837
1838
1839
1840
1842
1843
1844
1844
1845
1845
1846
1847
1848
1849
1849
1851
1854
1859
1859
1859
1860
1860
1860
1861
1861
1862
1863
1863
1863
1865
1865
1868
1868
1872
1872
1874
1874
1877
1877
1878
1879
1880
1880
1880
1881
1882
1883
1883
1884
1885
1885
1885
1886
1891
1891
1895
1895
1898
1899
1899
1900
1900
1900
1901
1905
1906
1908
1909
1911
1914
1915
1916
1916
1917
1918
1919
1919
1919
1920
1921
1922
1923
1924
1924
1924
1925
1925
1927
1927
1929
1929
1930
1931
1931
1932
1932
1933
1934
1935
1935
1935
1937
1939
1940
1941
1941
1942
1943
1944
1945
1945
1946
1946
1947
1947
1948
1949
1951
1951
1952
1952
1952
1953
1954
1954
1956
1959
1959
1960
1962
1964
1964
1967
1967
1968
1969
1970
1971
1972
1972
1972
1974
1976
1979
1979
1979
1979
1982
1982
1982
1982
1984
1984
1985
1986
1988
1991
1992
1992
1993
1994
1994
1996
1997
1997
1997
1997
1998
2000
2002
2006
2007
2008
2009
2010
2012
2014
2015
2017
2019
2019
2021
2023
2023
2024
2026
2026
2026
2027
2027
2029
2029
2029
2029
2029
2029
2030
2031
2032
2033
2034
2034
2036
2037
2037
2040
2040
2041
2042
2042
2043
2043
2043
2044
2050
2050
2051
2052
2054
2055
2056
2056
2056
2056
2056
2057
2057
2062
2063
2063
2065
2068
2069
2070
2070
2073
2076
2076
2077
2077
2078
2078
2082
2082
2084
2085
2086
2086
2089
2090
2090
2094
2094
2094
2095
2096
2099
2099
2100
2101
2101
2102
2103
2104
2106
2110
2111
2111
2111
2112
2115
2116
2117
2117
2117
2122
2123
2125
2126
2128
2129
2132
2133
2134
2135
2135
2136
2137
2138
2139
2139
2139
2142
2142
2142
2144
2144
2144
2146
2147
2148
2149
2149
2150
2150
2150
2151
2152
2155
2157
2158
2159
2160
2162
2162
2163
2166
2167
2167
2171
2171
2171
2171
2172
2173
2176
2178
2179
2180
2180
2180
2181
2182
2184
2185
2185
2187
2188
2192
2193
2194
2194
2196
2196
2197
2198
2198
2199
2201
2201
2203
2206
2206
2207
2207
2208
2208
2208
2210
2211
2212
2212
2213
2214
2216
2216
2217
2218
2224
2224
2224
2227
2227
2227
2228
2228
2229
2229
2230
2230
2233
2234
2234
2234
2234
2235
2235
2235
2236
2236
2238
2242
2243
2243
2243
2245
2246
2247
2247
2248
2248
2249
2249
2250
2250
2250
2250
2251
2252
2254
2254
2255
2255
2257
2259
2259
2261
2261
2262
2262
2262
2263
2264
2264
2265
2265
2268
2268
2271
2271
2272
2273
2274
2277
2279
2279
2280
2280
2283
2283
2283
2284
2284
2284
2288
2288
2289
2289
2289
2289
2290
2290
2291
2292
2293
2294
2294
2295
2295
2295
2297
2297
2297
2298
2298
2300
2301
2301
2303
2303
2304
2304
2306
2306
2306
2307
2308
2310
2310
2311
2313
2315
2315
2316
2318
2322
2322
2325
2325
2327
2327
2327
2328
2328
2328
2328
2331
2332
2333
2334
2335
2336
2337
2338
2339
2341
2342
2344
2344
2345
2347
2347
2348
2348
2351
2352
2353
2354
2354
2355
2355
2355
2356
2358
2358
2359
2359
2359
2360
2360
2361
2363
2364
2364
2366
2366
2368
2369
2372
2373
2375
2375
2376
2376
2380
2381
2381
2383
2387
2388
2389
2390
2390
2391
2392
2392
2393
2394
2395
2397
2397
2398
2399
2400
2401
2401
2402
2404
2404
2404
2406
2406
2408
2410
2411
2411
2412
2414
2414
2415
2415
2416
2417
2417
2419
2424
2425
2425
2425
2427
2428
2428
2429
2429
2429
2429
2434
2435
2435
2435
2436
2441
2441
2444
2444
2444
2445
2448
2448
2448
2452
2453
2453
2453
2454
2455
2455
2456
2456
2458
2458
2458
2459
2460
2461
2462
2463
2465
2465
2466
2466
2466
2466
2466
2467
2467
2467
2469
2470
2470
2472
2473
2473
2475
2475
2476
2477
2477
2478
2480
2481
2482
2483
2484
2484
2486
2486
2488
2490
2491
2491
2492
2493
2493
2494
2497
2498
2499
2499
2500
2503
2503
2506
2506
2506
2506
2507
2507
2511
2512
2514
2514
2517
2518
2518
2519
2519
2522
2523
2524
2525
2526
2527
2527
2528
2529
2530
2532
2532
2533
2533
2534
2534
2534
2536
2537
2538
2539
2542
2543
2544
2544
2546
2546
2548
2548
2550
2551
2551
2552
2555
2555
2556
2557
2557
2557
2558
2558
2559
2562
2563
2565
2566
2567
2568
2570
2571
2572
2574
2575
2578
2579
2579
2582
2587
2587
2587
2588
2588
2588
2589
2590
2590
2591
2591
2592
2593
2594
2594
2595
2596
2596
2597
2598
2599
2601
2601
2601
2601
2603
2604
2607
2607
2608
2611
2611
2612
2612
2614
2616
2617
2617
2618
2619
2619
2619
2620
2620
2620
2623
2623
2625
2625
2625
2626
2627
2628
2630
2630
2632
2634
2634
2635
2635
2635
2636
2638
2638
2638
2641
2641
2642
2643
2645
2646
2649
2652
2653
2653
2654
2655
2657
2657
2658
2660
2662
2662
2663
2664
2665
2665
2666
2666
2666
2666
2666
2666
2666
2667
2667
2668
2669
2671
2677
2680
2682
2682
2682
2683
2683
2686
2687
2687
2687
2688
2689
2689
2693
2693
2693
2693
2695
2695
2696
2698
2698
2700
2700
2701
2703
2705
2707
2708
2711
2711
2711
2711
2713
2716
2717
2718
2718
2719
2719
2722
2725
2726
2727
2728
2729
2730
2731
2732
2733
2736
2736
2738
2738
2738
2739
2739
2741
2742
2742
2742
2744
2745
2745
2746
2747
2748
2748
2751
2752
2753
2753
2756
2756
2757
2757
2763
2764
2765
2767
2767
2769
2770
2770
2770
2770
2770
2770
2772
2775
2775
2776
2777
2779
2779
2779
2780
2781
2781
2782
2782
2785
2785
2790
2790
2790
2790
2792
2793
2794
2794
2795
2795
2796
2796
2798
2799
2800
2801
2802
2804
2805
2805
2806
2808
2808
2809
2810
2810
2811
2811
2815
2815
2816
2817
2819
2820
2821
2822
2822
2823
2825
2826
2828
2829
2830
2831
2837
2837
2838
2838
2838
2839
2839
2842
2842
2845
2846
2846
2847
2849
2849
2849
2850
2851
2853
2854
2856
2859
2860
2861
2861
2861
2861
2862
2862
2863
2864
2864
2865
2865
2870
2870
2871
2872
2874
2874
2875
2875
2875
2876
2876
2876
2877
2879
2880
2881
2882
2883
2884
2885
2888
2888
2888
2889
2891
2893
2893
2893
2894
2896
2896
2898
2898
2901
2902
2903
2903
2905
2907
2907
2908
2908
2910
2910
2911
2911
2911
2911
2912
2912
2912
2913
2913
2916
2916
2916
2916
2918
2920
2923
2923
2925
2926
2926
2927
2928
2935
2935
2936
2939
2940
2941
2941
2941
2941
2941
2941
2942
2942
2943
2943
2945
2945
2945
2945
2945
2946
2948
2951
2952
2952
2954
2954
2956
2960
2962
2964
2964
2966
2966
2966
2967
2968
2969
2975
2975
2977
2977
2978
2979
2980
2981
2981
2981
2983
2984
2985
2986
2989
2989
2990
2991
2992
2993
2994
2994
2997
2998
3000
3001
3001
3001
3002
3002
3002
3004
3006
3007
3011
3011
3012
3013
3014
3014
3015
3017
3018
3018
3019
3019
3019
3019
3020
3020
3021
3022
3025
3025
3028
3030
3030
3031
3032
3034
3035
3036
3036
3037
3039
3040
3041
3041
3042
3042
3043
3045
3045
3045
3047
3047
3049
3050
3051
3053
3054
3055
3056
3056
3058
3059
3059
3060
3061
3062
3064
3066
3066
3067
3067
3071
3071
3072
3074
3075
3075
3076
3079
3079
3087
3087
3089
3090
3091
3092
3093
3093
3093
3095
3097
3097
3097
3099
3100
3104
3105
3105
3105
3105
3106
3107
3108
3109
3109
3110
3110
3111
3112
3113
3113
3114
3114
3117
3117
3117
3117
3120
3121
3124
3124
3125
3127
3129
3129
3130
3131
3131
3131
3132
3132
3134
3134
3135
3135
3135
3137
3138
3138
3139
3139
3141
3141
3142
3144
3145
3149
3149
3149
3151
3152
3152
3154
3154
3154
3155
3156
3157
3158
3158
3158
3159
3159
3159
3160
3160
3160
3161
3162
3162
3167
3167
3168
3171
3172
3174
3175
3176
3176
3177
3178
3178
3179
3180
3180
3181
3181
3182
3183
3183
3184
3185
3185
3185
3187
3188
3190
3191
3191
3191
3193
3194
3195
3195
3196
3198
3198
3199
3201
3202
3202
3202
3203
3205
3205
3207
3207
3209
3210
3211
3211
3211
3212
3213
3213
3214
3216
3218
3218
3219
3220
3222
3222
3222
3222
3223
3223
3223
3223
3224
3228
3228
3229
3229
3235
3236
3237
3238
3238
3239
3239
3240
3240
3241
3243
3244
3248
3249
3250
3251
3252
3253
3253
3253
3254
3255
3255
3255
3256
3257
3257
3258
3260
3260
3263
3265
3265
3265
3266
3267
3268
3269
3271
3278
3278
3280
3280
3281
3281
3282
3282
3282
3283
3284
3285
3286
3286
3287
3287
3292
3293
3293
3297
3298
3300
3301
3302
3303
3303
3303
3304
3304
3304
3304
3305
3307
3307
3308
3309
3310
3311
3312
3312
3312
3313
3314
3314
3315
3315
3315
3315
3315
3316
3316
3321
3322
3326
3329
3329
3331
3333
3334
3335
3337
3338
3340
3342
3342
3343
3343
3344
3345
3345
3346
3346
3346
3346
3347
3347
3348
3349
3350
3350
3351
3352
3356
3356
3356
3357
3357
3360
3360
3360
3360
3361
3361
3362
3362
3362
3363
3366
3369
3369
3369
3370
3374
3374
3375
3377
3377
3377
3378
3379
3380
3381
3383
3384
3385
3386
3386
3387
3387
3388
3388
3390
3391
3392
3393
3400
3400
3401
3403
3403
3403
3404
3406
3407
3410
3411
3412
3413
3414
3415
3416
3419
3419
3421
3422
3423
3424
3425
3425
3426
3426
3429
3429
3429
3430
3430
3435
3435
3435
3437
3437
3440
3440
3441
3441
3442
3442
3444
3444
3446
3446
3447
3449
3450
3450
3454
3454
3455
3456
3456
3458
3458
3458
3459
3459
3461
3462
3462
3463
3464
3466
3467
3468
3468
3469
3470
3472
3475
3479
3481
3482
3484
3484
3485
3486
3486
3487
3488
3488
3490
3490
3490
3492
3492
3492
3493
3494
3495
3496
3497
3498
3501
3502
3502
3502
3502
3504
3505
3507
3510
3513
3514
3514
3516
3516
3517
3518
3519
3520
3521
3522
3522
3523
3525
3525
3526
3527
3530
3530
3530
3530
3531
3532
3534
3535
3538
3539
3540
3542
3543
3545
3546
3546
3546
3546
3548
3549
3550
3550
3551
3552
3552
3553
3553
3554
3555
3556
3556
3556
3558
3559
3559
3559
3559
3559
3560
3561
3565
3566
3567
3567
3567
3568
3568
3569
3569
3570
3571
3573
3574
3575
3577
3577
3579
3580
3582
3583
3586
3587
3588
3592
3592
3592
3592
3594
3595
3596
3599
3600
3600
3602
3602
3603
3604
3604
3606
3606
3608
3608
3609
3610
3610
3610
3610
3610
3612
3612
3612
3613
3614
3616
3618
3619
3620
3621
3621
3623
3624
3625
3625
3627
3627
3628
3629
3629
3629
3629
3630
3630
3630
3630
3631
3633
3633
3636
3636
3637
3637
3639
3639
3640
3640
3643
3643
3643
3647
3649
3650
3650
3650
3650
3652
3653
3654
3654
3655
3655
3655
3659
3661
3661
3662
3664
3665
3666
3668
3668
3670
3670
3671
3672
3673
3675
3678
3678
3678
3678
3679
3682
3684
3685
3686
3687
3689
3689
3691
3693
3694
3694
3699
3699
3701
3703
3707
3708
3708
3708
3710
3712
3714
3716
3717
3718
3719
3720
3720
3722
3722
3722
3723
3723
3724
3725
3727
3728
3728
3729
3732
3734
3735
3738
3738
3739
3740
3741
3743
3744
3744
3746
3748
3749
3749
3751
3752
3753
3755
3755
3756
3756
3756
3757
3757
3757
3758
3758
3762
3764
3764
3764
3765
3765
3769
3769
3769
3769
3770
3771
3773
3773
3774
3774
3776
3780
3781
3781
3781
3781
3782
3783
3784
3786
3786
3786
3787
3788
3789
3792
3794
3794
3795
3796
3796
3797
3798
3798
3799
3799
3801
3801
3801
3803
3803
3804
3804
3806
3807
3807
3808
3808
3810
3811
3811
3811
3812
3813
3814
3815
3815
3816
3818
3819
3819
3819
3820
3820
3822
3824
3826
3826
3830
3833
3834
3837
3841
3841
3844
3844
3844
3847
3847
3848
3849
3849
3850
3850
3851
3852
3854
3855
3857
3857
3858
3860
3860
3860
3861
3862
3863
3863
3864
3864
3864
3866
3867
3869
3873
3877
3877
3878
3880
3880
3881
3881
3883
3884
3885
3885
3886
3886
3886
3889
3889
3890
3894
3896
3897
3898
3898
3899
3899
3900
3900
3902
3902
3902
3902
3904
3904
3904
3904
3905
3905
3906
3906
3908
3910
3913
3914
3914
3915
3915
3916
3916
3917
3917
3918
3920
3920
3920
3920
3922
3923
3923
3924
3924
3927
3928
3932
3932
3933
3934
3935
3936
3936
3939
3939
3939
3941
3946
3947
3948
3950
3951
3955
3957
3957
3959
3959
3960
3960
3960
3961
3961
3962
3963
3963
3964
3965
3968
3969
3970
3971
3974
3976
3976
3977
3977
3977
3978
3978
3979
3983
3983
3984
3985
3987
3988
3988
3989
3991
3991
3991
3992
3992
3992
3993
3994
3995
3996
3996
4000
4000
4000
4000
4000
4003
4006
4007
4007
4007
4008
4008
4009
4010
4011
4014
4015
4015
4016
4016
4016
4016
4016
4021
4025
4026
4028
4029
4031
4034
4034
4035
4035
4035
4036
4037
4038
4039
4040
4040
4041
4042
4043
4043
4044
4045
4045
4050
4050
4050
4053
4053
4056
4057
4058
4058
4060
4061
4061
4062
4063
4063
4066
4068
4068
4069
4071
4071
4072
4072
4072
4073
4075
4075
4077
4080
4080
4080
4081
4081
4081
4083
4085
4085
4088
4090
4091
4091
4091
4093
4093
4094
4096
4096
4097
4098
4100
4100
4102
4102
4103
4103
4105
4105
4106
4106
4107
4108
4109
4110
4112
4115
4115
4115
4116
4116
4117
4117
4117
4118
4119
4120
4121
4122
4125
4125
4126
4127
4128
4131
4132
4132
4133
4134
4134
4135
4136
4137
4138
4140
4141
4142
4142
4143
4146
4147
4147
4148
4148
4148
4149
4150
4151
4152
4153
4153
4155
4155
4156
4157
4157
4158
4159
4160
4160
4161
4162
4162
4163
4163
4167
4167
4167
4168
4169
4170
4170
4172
4172
4173
4173
4174
4174
4174
4175
4177
4178
4179
4179
4180
4181
4183
4184
4185
4186
4186
4186
4187
4188
4189
4190
4193
4194
4196
4197
4198
4198
4201
4202
4203
4203
4204
4205
4206
4207
4207
4209
4210
4210
4210
4210
4211
4211
4212
4216
4216
4218
4220
4221
4221
4224
4226
4226
4229
4231
4231
4232
4232
4235
4235
4237
4237
4238
4238
4239
4242
4244
4244
4244
4245
4245
4247
4248
4248
4248
4249
4252
4255
4256
4257
4258
4258
4258
4259
4260
4262
4263
4263
4263
4264
4266
4267
4270
4270
4272
4272
4274
4274
4274
4274
4274
4276
4278
4279
4281
4283
4284
4285
4285
4285
4287
4287
4287
4288
4288
4288
4290
4290
4290
4291
4291
4293
4293
4296
4297
4298
4298
4298
4302
4302
4306
4307
4307
4308
4309
4311
4311
4313
4313
4313
4314
4315
4315
4315
4318
4320
4320
4321
4323
4324
4327
4327
4328
4329
4330
4333
4333
4333
4336
4339
4341
4342
4344
4345
4345
4346
4347
4347
4348
4352
4352
4352
4352
4353
4354
4356
4356
4357
4358
4359
4360
4361
4361
4364
4364
4365
4366
4367
4367
4367
4368
4369
4370
4371
4375
4375
4377
4378
4379
4379
4380
4381
4381
4381
4383
4385
4391
4391
4392
4393
4395
4397
4397
4398
4399
4400
4402
4406
4406
4408
4408
4408
4408
4408
4409
4409
4410
4410
4413
4413
4413
4416
4416
4417
4417
4418
4420
4420
4421
4421
4421
4423
4423
4423
4424
4426
4427
4431
4432
4432
4433
4434
4436
4437
4439
4440
4442
4443
4443
4446
4446
4448
4449
4449
4452
4452
4452
4453
4454
4454
4455
4456
4456
4457
4459
4462
4462
4462
4463
4465
4465
4466
4466
4466
4469
4470
4471
4472
4476
4476
4477
4477
4478
4478
4480
4480
4483
4483
4484
4485
4486
4487
4487
4489
4489
4489
4491
4491
4492
4494
4496
4496
4496
4497
4499
4500
4501
4501
4502
4502
4503
4503
4503
4503
4505
4508
4508
4510
4510
4512
4512
4514
4516
4516
4517
4518
4518
4519
4521
4521
4521
4523
4523
4526
4526
4526
4527
4528
4528
4529
4529
4530
4531
4531
4531
4531
4531
4533
4535
4537
4538
4540
4541
4543
4543
4544
4545
4549
4550
4551
4553
4554
4559
4560
4560
4560
4561
4563
4563
4564
4565
4565
4565
4566
4571
4571
4572
4572
4573
4573
4574
4575
4576
4577
4577
4577
4578
4583
4584
4584
4584
4586
4586
4586
4586
4587
4588
4589
4589
4593
4593
4593
4595
4596
4596
4596
4596
4596
4596
4598
4598
4599
4600
4601
4601
4602
4605
4605
4606
4608
4608
4612
4613
4613
4614
4614
4615
4615
4617
4619
4621
4625
4625
4626
4626
4629
4629
4629
4631
4632
4632
4633
4634
4635
4637
4637
4638
4638
4638
4639
4641
4645
4646
4647
4648
4649
4651
4651
4656
4657
4660
4661
4662
4664
4666
4667
4667
4670
4671
4672
4672
4674
4675
4676
4677
4678
4678
4679
4679
4680
4680
4682
4682
4682
4686
4686
4687
4687
4689
4690
4690
4690
4691
4691
4691
4692
4692
4692
4692
4695
4695
4697
4698
4699
4699
4700
4700
4700
4701
4702
4703
4703
4704
4705
4706
4707
4708
4709
4709
4710
4711
4714
4715
4716
4717
4718
4723
4724
4724
4725
4725
4726
4727
4729
4733
4734
4734
4735
4736
4737
4738
4740
4750
4750
4750
4755
4756
4756
4757
4757
4758
4758
4759
4759
4760
4760
4760
4763
4764
4765
4765
4767
4768
4768
4771
4771
4772
4772
4773
4774
4774
4774
4774
4775
4777
4777
4777
4780
4780
4780
4781
4782
4782
4783
4783
4783
4784
4784
4784
4786
4786
4787
4789
4790
4790
4791
4792
4793
4793
4794
4795
4796
4798
4799
4800
4801
4801
4802
4805
4805
4805
4806
4806
4807
4810
4810
4814
4815
4819
4821
4821
4821
4823
4823
4823
4826
4827
4827
4827
4829
4833
4833
4834
4834
4834
4836
4836
4838
4838
4840
4840
4842
4844
4846
4847
4850
4852
4852
4854
4856
4857
4857
4857
4857
4858
4859
4860
4860
4861
4861
4862
4862
4863
4866
4867
4867
4869
4869
4870
4870
4871
4873
4873
4876
4879
4879
4883
4884
4885
4885
4886
4888
4890
4891
4892
4893
4893
4896
4896
4897
4897
4898
4898
4899
4899
4901
4901
4902
4904
4905
4906
4907
4907
4907
4909
4909
4910
4910
4913
4913
4914
4915
4917
4918
4919
4920
4921
4921
4922
4925
4928
4928
4929
4929
4930
4933
4933
4933
4934
4934
4937
4937
4938
4939
4940
4943
4945
4945
4945
4946
4946
4946
4947
4947
4948
4948
4951
4953
4954
4956
4957
4958
4961
4961
4962
4963
4964
4965
4965
4966
4969
4969
4969
4970
4973
4974
4974
4975
4975
4975
4975
4977
4977
4978
4979
4979
4980
4981
4981
4981
4982
4983
4983
4984
4985
4986
4989
4990
4990
4993
4993
4994
4994
4996
4996
4997
4997
5000
5000
5005
5007
5008
5008
5008
5009
5012
5012
5013
5014
5015
5019
5024
5024
5027
5027
5028
5028
5032
5032
5033
5034
5036
5037
5038
5038
5040
5042
5043
5044
5045
5046
5048
5048
5049
5051
5052
5053
5054
5055
5057
5057
5060
5060
5060
5064
5065
5066
5067
5067
5069
5070
5071
5071
5072
5074
5075
5075
5076
5077
5078
5082
5084
5084
5084
5086
5087
5088
5088
5088
5088
5089
5090
5091
5092
5092
5092
5093
5093
5093
5094
5097
5097
5097
5098
5099
5100
5100
5102
5102
5103
5105
5105
5106
5109
5109
5114
5116
5117
5118
5118
5118
5118
5118
5121
5122
5123
5123
5124
5126
5127
5128
5128
5129
5129
5130
5130
5131
5132
5132
5133
5134
5135
5135
5136
5136
5137
5137
5141
5146
5147
5148
5151
5153
5153
5153
5156
5156
5156
5163
5164
5164
5165
5167
5167
5167
5168
5169
5170
5170
5171
5171
5171
5171
5172
5172
5172
5173
5175
5176
5176
5177
5177
5179
5180
5180
5182
5182
5184
5186
5186
5186
5187
5188
5189
5190
5190
5191
5192
5192
5194
5195
5196
5198
5198
5200
5200
5202
5205
5206
5206
5206
5206
5208
5210
5210
5210
5212
5213
5213
5214
5215
5218
5218
5218
5218
5219
5220
5221
5223
5223
5223
5224
5224
5225
5226
5227
5230
5231
5235
5236
5236
5238
5239
5240
5241
5241
5242
5242
5242
5243
5243
5243
5244
5244
5245
5247
5248
5249
5250
5250
5250
5252
5257
5258
5260
5260
5261
5261
5262
5262
5263
5265
5268
5269
5269
5269
5270
5271
5271
5271
5272
5273
5275
5276
5276
5277
5280
5281
5281
5281
5282
5282
5282
5282
5284
5284
5284
5284
5284
5286
5286
5287
5288
5290
5291
5292
5293
5294
5297
5297
5300
5300
5301
5301
5304
5304
5305
5305
5305
5306
5308
5310
5310
5311
5311
5315
5317
5318
5319
5320
5320
5320
5321
5321
5321
5322
5322
5323
5323
5324
5325
5326
5326
5327
5328
5329
5330
5330
5331
5331
5332
5332
5333
5334
5334
5334
5334
5336
5336
5336
5336
5337
5340
5340
5340
5340
5342
5342
5344
5344
5345
5347
5348
5348
5351
5352
5352
5353
5353
5353
5355
5355
5356
5358
5358
5358
5358
5358
5359
5359
5360
5362
5362
5363
5364
5366
5368
5369
5373
5373
5374
5375
5376
5377
5378
5379
5379
5380
5380
5380
5380
5381
5383
5384
5385
5386
5386
5388
5392
5393
5394
5395
5396
5396
5397
5398
5398
5398
5400
5401
5401
5402
5402
5403
5403
5405
5405
5408
5410
5411
5411
5411
5412
5413
5414
5414
5415
5415
5415
5418
5421
5422
5422
5426
5426
5426
5428
5428
5429
5431
5431
5433
5434
5434
5435
5435
5438
5439
5439
5441
5441
5441
5442
5444
5444
5444
5446
5448
5449
5449
5450
5454
5454
5454
5455
5455
5455
5456
5456
5456
5456
5457
5457
5459
5460
5460
5461
5461
5462
5463
5466
5466
5469
5469
5469
5469
5469
5470
5471
5471
5471
5472
5476
5476
5476
5477
5478
5482
5482
5484
5484
5485
5486
5486
5486
5486
5487
5488
5488
5489
5489
5490
5491
5493
5493
5493
5494
5494
5495
5495
5496
5496
5498
5499
5501
5502
5502
5503
5504
5504
5507
5508
5510
5512
5513
5514
5518
5520
5520
5521
5521
5522
5523
5525
5526
5526
5528
5528
5528
5529
5529
5529
5531
5532
5533
5534
5534
5535
5538
5543
5543
5543
5545
5548
5550
5551
5552
5553
5553
5554
5555
5555
5555
5556
5556
5557
5558
5558
5560
5561
5563
5565
5566
5568
5568
5570
5571
5571
5572
5574
5575
5576
5576
5577
5577
5578
5580
5580
5580
5582
5582
5583
5583
5583
5584
5586
5587
5588
5592
5592
5594
5596
5596
5597
5597
5598
5600
5602
5602
5602
5604
5604
5604
5605
5605
5605
5605
5606
5606
5606
5607
5607
5607
5607
5607
5610
5613
5615
5617
5618
5618
5619
5620
5620
5622
5622
5623
5624
5625
5625
5626
5626
5629
5629
5629
5630
5631
5634
5635
5637
5639
5639
5639
5641
5641
5642
5642
5644
5645
5645
5645
5645
5645
5646
5647
5647
5648
5649
5652
5653
5653
5653
5653
5653
5653
5654
5654
5654
5654
5655
5655
5656
5656
5656
5657
5658
5658
5660
5661
5661
5663
5665
5665
5665
5665
5666
5667
5667
5667
5669
5669
5671
5674
5675
5676
5677
5678
5678
5679
5679
5680
5680
5680
5681
5681
5683
5684
5685
5686
5687
5687
5687
5688
5690
5691
5691
5692
5693
5694
5694
5695
5697
5697
5702
5702
5703
5703
5705
5706
5706
5707
5707
5707
5710
5710
5710
5713
5714
5714
5715
5716
5716
5718
5718
5718
5721
5721
5722
5722
5723
5723
5725
5725
5726
5726
5726
5726
5727
5727
5730
5731
5731
5732
5732
5733
5734
5735
5735
5736
5738
5741
5742
5743
5744
5745
5746
5747
5747
5747
5748
5748
5750
5752
5752
5752
5753
5754
5754
5755
5755
5755
5756
5758
5761
5761
5762
5765
5765
5767
5769
5769
5770
5771
5771
5772
5772
5772
5773
5774
5775
5778
5779
5780
5780
5781
5783
5786
5786
5786
5786
5787
5787
5788
5789
5790
5790
5791
5793
5794
5799
5799
5802
5802
5802
5803
5804
5804
5805
5806
5807
5807
5808
5810
5811
5812
5816
5818
5818
5819
5819
5820
5821
5822
5822
5826
5827
5828
5829
5829
5829
5832
5834
5835
5837
5837
5838
5840
5840
5841
5842
5842
5844
5844
5844
5845
5845
5846
5847
5848
5848
5848
5849
5850
5852
5853
5853
5854
5854
5856
5856
5858
5859
5859
5859
5860
5860
5860
5861
5861
5861
5861
5864
5865
5865
5866
5867
5869
5870
5871
5872
5874
5875
5876
5881
5881
5881
5881
5882
5883
5883
5884
5886
5887
5889
5889
5889
5891
5891
5892
5893
5894
5894
5897
5898
5900
5900
5901
5902
5904
5904
5905
5905
5906
5907
5908
5909
5909
5909
5912
5912
5913
5913
5914
5915
5915
5916
5917
5922
5924
5927
5928
5928
5928
5930
5931
5931
5933
5934
5936
5937
5937
5938
5938
5938
5940
5941
5941
5941
5942
5942
5943
5944
5944
5946
5949
5950
5951
5953
5955
5955
5955
5957
5959
5960
5960
5961
5961
5961
5961
5961
5962
5965
5967
5967
5967
5967
5969
5973
5973
5973
5974
5974
5975
5978
5979
5979
5980
5982
5983
5985
5990
5991
5991
5992
5992
5992
5994
5994
5994
5999
6000
6000
6000
6001
6001
6002
6002
6002
6004
6004
6004
6005
6005
6005
6005
6006
6006
6007
6008
6009
6009
6009
6012
6012
6012
6014
6014
6015
6016
6016
6017
6017
6018
6019
6020
6020
6020
6023
6024
6025
6027
6030
6031
6031
6033
6033
6034
6036
6039
6039
6040
6044
6045
6045
6046
6047
6049
6052
6053
6054
6054
6054
6056
6059
6060
6063
6064
6064
6064
6064
6066
6067
6067
6067
6068
6069
6069
6071
6073
6074
6074
6075
6076
6077
6078
6079
6079
6079
6080
6080
6081
6082
6082
6082
6084
6085
6085
6085
6085
6086
6087
6088
6088
6090
6092
6093
6093
6095
6095
6096
6096
6098
6100
6101
6101
6101
6102
6102
6103
6103
6104
6104
6104
6105
6107
6108
6109
6111
6112
6112
6113
6115
6115
6116
6116
6116
6117
6117
6118
6121
6121
6122
6122
6123
6124
6125
6125
6127
6127
6128
6128
6129
6131
6131
6132
6134
6134
6135
6135
6136
6136
6138
6139
6139
6139
6141
6141
6141
6141
6143
6143
6145
6146
6147
6148
6151
6152
6153
6153
6154
6155
6156
6158
6162
6164
6164
6165
6165
6166
6167
6171
6172
6172
6172
6172
6173
6174
6175
6176
6176
6176
6176
6178
6178
6179
6181
6184
6185
6185
6185
6185
6187
6189
6189
6189
6190
6192
6193
6195
6195
6196
6196
6197
6198
6198
6200
6201
6201
6203
6203
6204
6206
6208
6209
6209
6211
6211
6212
6216
6217
6219
6219
6220
6220
6220
6224
6225
6225
6226
6227
6227
6228
6228
6232
6232
6232
6234
6236
6236
6240
6240
6242
6242
6242
6243
6243
6243
6244
6245
6245
6245
6246
6246
6247
6249
6252
6252
6253
6253
6260
6261
6264
6266
6266
6268
6268
6269
6270
6270
6270
6272
6272
6275
6277
6278
6279
6280
6280
6282
6282
6284
6286
6287
6290
6291
6291
6292
6292
6292
6293
6295
6295
6295
6297
6298
6298
6299
6303
6305
6305
6305
6305
6306
6307
6307
6307
6308
6309
6312
6313
6315
6316
6316
6317
6319
6319
6323
6323
6324
6324
6327
6329
6329
6329
6331
6333
6334
6336
6338
6339
6339
6340
6340
6341
6342
6342
6344
6344
6344
6345
6345
6348
6349
6349
6350
6350
6352
6352
6353
6354
6354
6355
6355
6356
6358
6359
6359
6359
6360
6360
6364
6365
6366
6367
6368
6369
6369
6371
6372
6372
6373
6374
6375
6376
6377
6378
6379
6379
6380
6380
6383
6384
6385
6387
6388
6391
6393
6394
6394
6395
6395
6396
6399
6400
6402
6403
6404
6406
6406
6406
6408
6408
6411
6411
6413
6413
6414
6414
6415
6417
6417
6417
6417
6418
6420
6422
6424
6424
6425
6427
6428
6428
6431
6432
6433
6433
6435
6436
6439
6440
6441
6442
6443
6445
6446
6447
6448
6448
6449
6451
6451
6451
6451
6452
6453
6453
6454
6454
6454
6455
6456
6456
6457
6458
6459
6463
6464
6464
6465
6467
6468
6468
6469
6469
6469
6470
6471
6472
6472
6472
6474
6474
6475
6476
6476
6479
6479
6480
6483
6483
6483
6484
6484
6485
6485
6486
6486
6487
6488
6489
6489
6489
6490
6490
6491
6493
6494
6495
6496
6497
6497
6498
6498
6502
6502
6503
6503
6504
6505
6505
6509
6509
6510
6510
6511
6514
6515
6516
6517
6518
6519
6521
6521
6521
6521
6522
6522
6523
6523
6529
6530
6532
6533
6535
6538
6538
6539
6539
6539
6539
6539
6541
6542
6542
6543
6543
6543
6543
6544
6546
6547
6547
6547
6548
6549
6549
6551
6551
6552
6552
6554
6555
6557
6557
6557
6557
6557
6557
6561
6562
6564
6564
6565
6566
6567
6568
6568
6568
6569
6569
6570
6571
6571
6571
6572
6572
6573
6574
6577
6577
6578
6578
6578
6578
6581
6583
6587
6587
6589
6589
6590
6590
6590
6591
6591
6591
6592
6593
6593
6594
6594
6596
6598
6600
6601
6603
6604
6604
6605
6606
6607
6607
6607
6607
6608
6611
6611
6612
6613
6615
6617
6619
6620
6621
6622
6624
6624
6625
6625
6626
6627
6627
6628
6628
6628
6629
6632
6632
6632
6633
6635
6636
6636
6636
6636
6637
6638
6638
6639
6640
6640
6643
6645
6646
6646
6647
6648
6649
6649
6650
6651
6651
6653
6654
6655
6655
6658
6659
6660
6662
6664
6664
6665
6665
6666
6667
6667
6671
6671
6672
6673
6674
6674
6676
6677
6678
6678
6683
6683
6684
6684
6684
6686
6687
6688
6688
6688
6689
6689
6690
6692
6693
6694
6694
6694
6695
6698
6699
6699
6700
6701
6702
6703
6705
6706
6707
6707
6708
6710
6711
6713
6716
6717
6718
6719
6720
6720
6722
6722
6724
6724
6726
6726
6726
6726
6727
6727
6728
6730
6730
6731
6732
6734
6735
6737
6738
6739
6739
6740
6740
6740
6740
6741
6742
6742
6742
6745
6747
6749
6749
6750
6752
6752
6753
6753
6754
6754
6757
6759
6759
6759
6761
6761
6761
6761
6762
6766
6767
6768
6768
6769
6769
6770
6770
6771
6772
6774
6774
6774
6774
6775
6776
6776
6777
6777
6778
6779
6780
6780
6781
6781
6781
6783
6783
6786
6787
6788
6788
6791
6792
6797
6799
6803
6803
6804
6805
6806
6806
6806
6806
6807
6808
6808
6808
6809
6810
6810
6811
6811
6812
6812
6812
6813
6814
6815
6817
6817
6817
6820
6824
6825
6828
6829
6830
6830
6835
6835
6836
6837
6838
6838
6839
6840
6840
6841
6842
6842
6844
6844
6845
6845
6845
6847
6849
6850
6850
6850
6851
6852
6852
6854
6855
6855
6856
6857
6857
6858
6858
6858
6860
6861
6864
6866
6866
6867
6869
6870
6870
6871
6873
6875
6876
6876
6877
6877
6878
6878
6881
6881
6881
6882
6883
6883
6884
6885
6885
6885
6886
6886
6888
6888
6889
6889
6896
6898
6898
6898
6899
6901
6901
6902
6903
6903
6904
6906
6906
6908
6909
6910
6911
6912
6912
6913
6914
6914
6916
6917
6919
6919
6923
6923
6926
6927
6929
6930
6930
6930
6931
6932
6934
6936
6937
6939
6940
6940
6941
6941
6942
6943
6943
6945
6945
6945
6946
6947
6950
6950
6951
6951
6952
6953
6954
6955
6956
6956
6957
6957
6960
6960
6961
6963
6964
6964
6965
6965
6965
6969
6969
6969
6969
6970
6972
6972
6972
6972
6973
6974
6975
6976
6978
6978
6978
6981
6982
6982
6983
6988
6988
6989
6992
6994
6994
6995
6995
6995
6997
6998
6998
6998
6998
6999
7000
7001
7004
7006
7007
7008
7008
7009
7010
7012
7014
7014
7015
7015
7016
7017
7018
7018
7019
7019
7019
7021
7021
7022
7023
7023
7024
7027
7032
7033
7034
7035
7035
7036
7037
7037
7038
7038
7040
7041
7044
7044
7045
7045
7047
7048
7048
7049
7049
7050
7054
7055
7056
7057
7057
7057
7057
7059
7061
7061
7062
7062
7063
7063
7065
7067
7069
7069
7070
7072
7074
7075
7076
7080
7080
7083
7083
7084
7085
7086
7087
7088
7089
7089
7090
7090
7091
7092
7092
7092
7092
7094
7096
7096
7096
7098
7101
7102
7102
7103
7104
7108
7109
7109
7112
7113
7113
7114
7114
7115
7115
7117
7119
7120
7124
7125
7126
7128
7130
7131
7131
7132
7133
7133
7135
7136
7136
7137
7137
7138
7138
7139
7140
7140
7143
7144
7144
7144
7146
7146
7146
7148
7148
7148
7151
7152
7154
7154
7155
7156
7161
7162
7163
7164
7165
7165
7168
7170
7171
7171
7171
7171
7172
7173
7173
7174
7176
7177
7177
7177
7178
7181
7181
7181
7182
7183
7183
7184
7184
7185
7189
7190
7191
7193
7194
7195
7196
7200
7202
7203
7206
7207
7209
7212
7215
7215
7216
7216
7216
7217
7217
7218
7218
7219
7219
7220
7220
7221
7221
7221
7221
7222
7222
7222
7223
7224
7226
7228
7230
7231
7231
7233
7233
7233
7236
7237
7237
7238
7238
7238
7239
7240
7241
7242
7243
7246
7246
7247
7247
7248
7249
7249
7251
7252
7253
7253
7255
7256
7257
7258
7259
7260
7261
7262
7263
7263
7267
7267
7268
7269
7270
7270
7272
7272
7273
7273
7275
7275
7276
7277
7280
7281
7281
7282
7282
7285
7286
7286
7287
7289
7292
7295
7296
7297
7297
7300
7301
7301
7301
7301
7302
7303
7304
7304
7305
7308
7312
7312
7313
7314
7315
7316
7316
7317
7317
7319
7320
7320
7320
7321
7321
7322
7322
7322
7323
7323
7324
7324
7325
7325
7329
7330
7332
7333
7333
7333
7336
7337
7337
7338
7340
7341
7341
7342
7342
7342
7343
7343
7345
7347
7347
7347
7347
7347
7348
7349
7349
7351
7352
7352
7352
7355
7355
7356
7357
7358
7358
7362
7364
7365
7365
7366
7367
7367
7368
7369
7369
7369
7370
7372
7372
7373
7374
7374
7374
7375
7375
7376
7378
7378
7378
7379
7379
7382
7383
7384
7385
7387
7387
7387
7387
7388
7388
7391
7391
7395
7396
7397
7398
7398
7398
7400
7400
7404
7406
7407
7408
7412
7412
7414
7415
7417
7418
7419
7420
7421
7421
7423
7423
7424
7424
7425
7428
7429
7430
7430
7432
7432
7435
7436
7436
7436
7437
7437
7438
7438
7439
7440
7444
7445
7446
7448
7448
7448
7450
7450
7450
7450
7451
7451
7452
7454
7454
7456
7456
7457
7458
7459
7460
7461
7462
7463
7464
7466
7468
7470
7473
7473
7476
7477
7479
7482
7484
7484
7486
7486
7487
7487
7488
7490
7490
7490
7491
7495
7496
7497
7497
7500
7502
7503
7504
7507
7508
7510
7510
7513
7514
7515
7516
7516
7516
7517
7517
7517
7519
7520
7522
7524
7524
7525
7528
7529
7530
7531
7534
7534
7534
7535
7537
7538
7538
7541
7541
7543
7547
7549
7549
7550
7551
7551
7551
7552
7552
7552
7553
7555
7555
7555
7556
7556
7557
7557
7558
7559
7559
7559
7560
7561
7561
7561
7561
7563
7564
7564
7565
7565
7566
7566
7566
7566
7570
7570
7572
7573
7573
7575
7577
7578
7578
7578
7581
7581
7582
7583
7583
7583
7584
7585
7588
7589
7589
7590
7592
7593
7595
7597
7598
7599
7601
7603
7604
7605
7607
7608
7610
7611
7612
7612
7612
7612
7613
7614
7614
7614
7616
7616
7617
7617
7618
7619
7619
7620
7620
7621
7622
7623
7625
7626
7627
7627
7629
7630
7633
7633
7634
7635
7636
7637
7638
7640
7641
7641
7642
7642
7643
7643
7643
7644
7645
7646
7646
7647
7649
7649
7650
7650
7651
7651
7652
7654
7654
7655
7658
7658
7658
7658
7658
7660
7661
7662
7662
7662
7662
7664
7664
7664
7665
7666
7666
7666
7667
7667
7669
7670
7672
7672
7673
7673
7673
7675
7675
7675
7676
7676
7678
7680
7682
7684
7685
7686
7686
7688
7688
7689
7689
7691
7692
7694
7694
7695
7698
7699
7700
7701
7702
7703
7705
7706
7709
7709
7709
7709
7709
7709
7711
7713
7714
7714
7715
7717
7717
7718
7718
7719
7720
7721
7723
7723
7724
7724
7725
7726
7727
7727
7729
7729
7729
7730
7730
7731
7733
7734
7734
7734
7734
7736
7737
7738
7739
7742
7743
7745
7745
7745
7747
7748
7748
7748
7749
7751
7753
7755
7758
7759
7760
7760
7761
7763
7765
7766
7766
7768
7768
7771
7772
7773
7776
7776
7778
7778
7784
7786
7787
7788
7789
7789
7790
7793
7794
7794
7795
7796
7798
7799
7800
7801
7801
7803
7803
7804
7804
7807
7811
7813
7814
7814
7814
7815
7815
7815
7815
7816
7816
7816
7818
7819
7821
7821
7821
7825
7828
7830
7832
7832
7833
7833
7834
7834
7835
7836
7836
7839
7840
7841
7841
7842
7845
7846
7846
7848
7849
7849
7850
7850
7851
7851
7851
7853
7854
7858
7858
7859
7861
7862
7866
7867
7868
7871
7872
7872
7872
7872
7873
7873
7873
7875
7875
7875
7876
7876
7879
7879
7879
7880
7880
7881
7882
7883
7885
7888
7889
7890
7891
7892
7893
7896
7896
7898
7899
7900
7900
7901
7901
7902
7902
7911
7911
7912
7915
7915
7916
7918
7919
7921
7922
7923
7923
7924
7925
7926
7927
7928
7929
7929
7930
7930
7931
7931
7932
7934
7935
7935
7936
7937
7939
7940
7940
7941
7942
7942
7946
7947
7947
7948
7948
7949
7949
7950
7951
7952
7952
7952
7954
7959
7959
7959
7961
7961
7962
7965
7965
7966
7968
7968
7969
7970
7973
7973
7974
7976
7976
7980
7981
7982
7982
7983
7983
7983
7984
7985
7986
7986
7988
7989
7993
7993
7994
7994
7996
7997
7997
8001
8003
8003
8003
8004
8005
8006
8006
8007
8007
8007
8008
8008
8008
8008
8010
8011
8015
8015
8015
8018
8018
8019
8019
8021
8025
8026
8026
8026
8027
8028
8029
8030
8031
8032
8034
8034
8036
8036
8037
8038
8038
8038
8042
8042
8044
8045
8046
8046
8046
8047
8048
8048
8051
8052
8053
8056
8056
8056
8058
8061
8062
8062
8062
8064
8065
8065
8069
8071
8072
8072
8072
8075
8075
8077
8079
8080
8080
8080
8081
8082
8083
8083
8083
8085
8086
8087
8087
8088
8090
8091
8092
8092
8093
8094
8096
8097
8098
8098
8101
8103
8103
8103
8103
8105
8107
8108
8110
8111
8112
8113
8114
8114
8114
8116
8117
8117
8118
8118
8119
8119
8119
8120
8120
8121
8123
8123
8123
8124
8125
8125
8125
8126
8126
8128
8129
8129
8129
8129
8131
8131
8135
8136
8136
8137
8143
8143
8143
8145
8145
8146
8149
8150
8151
8151
8151
8151
8154
8157
8157
8158
8159
8161
8163
8164
8165
8165
8167
8169
8170
8173
8174
8174
8178
8178
8183
8183
8184
8184
8185
8186
8186
8186
8187
8188
8188
8188
8189
8191
8195
8195
8197
8198
8198
8199
8201
8203
8204
8205
8206
8206
8207
8207
8210
8212
8213
8213
8213
8213
8215
8220
8222
8223
8228
8230
8230
8230
8231
8231
8231
8232
8233
8234
8234
8235
8236
8236
8238
8238
8240
8241
8241
8241
8242
8242
8242
8244
8247
8247
8251
8252
8256
8256
8256
8257
8259
8260
8261
8262
8262
8265
8265
8266
8266
8266
8267
8268
8270
8271
8272
8273
8274
8274
8276
8276
8277
8277
8278
8278
8280
8280
8281
8282
8283
8284
8284
8284
8289
8290
8290
8291
8292
8293
8293
8295
8295
8296
8297
8298
8298
8300
8301
8302
8302
8303
8303
8306
8307
8308
8309
8310
8310
8311
8311
8312
8313
8314
8315
8315
8316
8317
8318
8319
8320
8321
8321
8324
8328
8329
8330
8330
8330
8333
8333
8333
8334
8335
8336
8337
8338
8339
8341
8341
8342
8344
8345
8347
8348
8348
8349
8350
8351
8351
8351
8355
8356
8357
8358
8358
8360
8361
8364
8365
8366
8366
8367
8369
8371
8371
8372
8374
8374
8375
8377
8379
8381
8382
8382
8384
8384
8386
8387
8389
8390
8390
8395
8397
8398
8398
8399
8399
8399
8400
8401
8401
8402
8403
8405
8405
8406
8411
8412
8412
8413
8414
8415
8415
8417
8418
8421
8422
8423
8423
8425
8428
8435
8436
8437
8439
8439
8440
8440
8442
8443
8445
8446
8449
8449
8451
8451
8453
8453
8455
8455
8456
8457
8457
8458
8458
8460
8463
8464
8464
8465
8465
8466
8466
8466
8467
8468
8469
8469
8469
8472
8473
8474
8475
8475
8476
8477
8479
8480
8482
8482
8483
8485
8485
8486
8487
8487
8487
8488
8489
8491
8491
8492
8493
8493
8496
8498
8500
8500
8503
8505
8506
8507
8507
8507
8509
8509
8510
8510
8512
8514
8516
8517
8518
8519
8519
8520
8521
8524
8526
8526
8527
8528
8529
8531
8531
8532
8532
8534
8536
8536
8536
8538
8539
8539
8539
8539
8540
8540
8540
8541
8544
8545
8546
8549
8550
8550
8554
8554
8555
8557
8560
8561
8562
8562
8563
8563
8564
8565
8565
8566
8567
8568
8569
8572
8573
8573
8574
8574
8576
8578
8580
8580
8580
8580
8582
8583
8585
8586
8588
8588
8589
8589
8589
8590
8590
8590
8593
8593
8595
8595
8596
8598
8598
8599
8599
8599
8603
8604
8606
8606
8608
8608
8610
8610
8610
8611
8612
8613
8614
8615
8616
8619
8619
8620
8623
8625
8625
8626
8626
8626
8627
8627
8628
8628
8628
8631
8632
8633
8633
8633
8635
8636
8636
8637
8638
8643
8644
8645
8645
8645
8646
8647
8648
8649
8652
8654
8657
8658
8659
8661
8662
8663
8663
8664
8665
8665
8665
8666
8667
8667
8668
8670
8671
8672
8672
8672
8676
8676
8677
8678
8681
8682
8682
8683
8684
8685
8685
8685
8687
8687
8688
8690
8690
8692
8693
8693
8694
8696
8696
8697
8698
8698
8698
8699
8699
8699
8700
8702
8703
8706
8707
8707
8711
8712
8712
8712
8714
8714
8716
8717
8717
8718
8718
8719
8721
8721
8721
8722
8722
8722
8723
8723
8724
8724
8725
8725
8725
8725
8727
8728
8730
8732
8732
8733
8733
8733
8735
8735
8740
8742
8743
8745
8746
8747
8747
8748
8748
8753
8754
8755
8755
8758
8758
8762
8762
8762
8763
8765
8765
8766
8766
8767
8767
8767
8768
8770
8770
8771
8771
8772
8772
8773
8773
8773
8775
8777
8777
8778
8779
8779
8780
8780
8781
8781
8782
8782
8783
8785
8785
8785
8788
8790
8793
8795
8797
8798
8799
8800
8805
8807
8807
8808
8809
8810
8812
8814
8814
8815
8815
8815
8815
8817
8818
8820
8820
8821
8821
8821
8823
8825
8825
8826
8826
8828
8828
8828
8829
8831
8832
8834
8834
8835
8836
8839
8839
8839
8843
8843
8843
8844
8845
8850
8850
8850
8852
8852
8854
8855
8857
8861
8861
8862
8862
8862
8865
8868
8870
8872
8873
8873
8873
8875
8875
8876
8876
8878
8879
8879
8880
8881
8882
8883
8884
8884
8885
8886
8886
8888
8889
8890
8891
8892
8892
8894
8894
8896
8897
8897
8900
8901
8901
8904
8904
8905
8908
8908
8908
8908
8909
8910
8911
8913
8913
8915
8918
8922
8924
8926
8927
8928
8928
8928
8931
8931
8933
8934
8934
8935
8935
8937
8937
8939
8939
8940
8940
8941
8942
8943
8945
8949
8950
8951
8951
8952
8954
8958
8958
8958
8958
8959
8959
8960
8960
8964
8964
8967
8968
8968
8969
8971
8971
8973
8974
8974
8975
8976
8977
8980
8981
8983
8983
8984
8986
8987
8988
8988
8988
8992
8994
8995
8995
8998
8998
8999
9000
9000
9002
9003
9006
9006
9007
9007
9008
9014
9015
9015
9016
9017
9018
9019
9020
9020
9022
9022
9023
9024
9025
9025
9025
9026
9026
9027
9027
9029
9029
9030
9031
9031
9032
9034
9034
9035
9035
9036
9038
9038
9038
9038
9039
9039
9040
9040
9042
9043
9045
9045
9045
9045
9046
9046
9047
9048
9048
9050
9051
9052
9052
9053
9053
9053
9054
9055
9057
9060
9061
9062
9063
9064
9064
9065
9066
9066
9066
9067
9068
9073
9074
9075
9076
9076
9076
9078
9080
9081
9082
9082
9082
9083
9084
9084
9084
9085
9085
9085
9087
9088
9089
9089
9089
9090
9091
9092
9093
9093
9094
9094
9096
9098
9100
9102
9103
9104
9104
9105
9106
9106
9107
9108
9108
9110
9111
9111
9111
9112
9120
9123
9123
9124
9124
9129
9130
9131
9133
9134
9134
9135
9135
9137
9140
9140
9142
9142
9144
9146
9146
9146
9148
9149
9149
9150
9152
9154
9155
9156
9157
9159
9159
9161
9162
9163
9163
9163
9164
9164
9165
9165
9166
9168
9168
9169
9170
9171
9171
9173
9173
9174
9176
9177
9179
9179
9179
9181
9182
9182
9182
9182
9183
9185
9186
9187
9187
9190
9192
9192
9193
9193
9194
9195
9196
9197
9198
9201
9203
9203
9208
9208
9208
9208
9209
9209
9209
9211
9212
9214
9214
9214
9215
9215
9216
9217
9217
9218
9219
9220
9220
9221
9222
9222
9223
9223
9224
9226
9227
9227
9228
9229
9230
9231
9232
9233
9234
9236
9236
9237
9238
9238
9239
9239
9239
9240
9240
9241
9242
9243
9243
9243
9243
9245
9246
9248
9251
9254
9255
9255
9256
9256
9257
9257
9257
9258
9259
9260
9260
9262
9262
9263
9263
9267
9269
9269
9270
9271
9272
9272
9272
9275
9277
9277
9277
9280
9283
9283
9283
9284
9284
9285
9285
9286
9287
9289
9289
9290
9292
9293
9294
9294
9295
9296
9296
9296
9297
9297
9303
9305
9306
9306
9306
9307
9308
9308
9310
9312
9313
9314
9314
9314
9314
9315
9316
9318
9318
9318
9321
9321
9324
9325
9325
9326
9326
9327
9328
9328
9331
9331
9334
9336
9336
9337
9338
9339
9339
9340
9340
9340
9341
9342
9343
9345
9346
9346
9347
9348
9348
9350
9350
9351
9353
9354
9356
9356
9357
9357
9357
9357
9359
9359
9360
9360
9361
9361
9361
9362
9365
9366
9368
9369
9370
9370
9370
9370
9371
9373
9377
9377
9379
9379
9380
9381
9381
9381
9381
9383
9383
9385
9386
9386
9387
9390
9390
9393
9393
9393
9394
9394
9396
9397
9399
9399
9400
9402
9404
9406
9406
9407
9407
9410
9412
9416
9417
9417
9418
9419
9423
9423
9424
9424
9424
9425
9426
9427
9428
9429
9429
9429
9430
9430
9430
9433
9434
9436
9437
9440
9440
9440
9440
9442
9444
9444
9447
9451
9453
9453
9454
9454
9456
9457
9461
9461
9462
9464
9464
9465
9467
9468
9469
9469
9469
9469
9470
9472
9473
9473
9474
9474
9476
9476
9477
9477
9477
9478
9479
9480
9482
9483
9483
9484
9486
9488
9488
9489
9490
9491
9491
9494
9494
9497
9497
9498
9498
9499
9499
9500
9501
9502
9502
9506
9507
9510
9511
9512
9512
9513
9515
9516
9517
9519
9522
9524
9527
9528
9528
9529
9531
9531
9532
9534
9534
9535
9535
9537
9539
9540
9541
9541
9542
9542
9544
9544
9544
9544
9546
9546
9546
9546
9546
9547
9548
9550
9550
9553
9553
9555
9555
9556
9557
9557
9558
9558
9558
9559
9559
9560
9562
9563
9564
9565
9566
9567
9567
9567
9567
9568
9568
9568
9570
9570
9571
9572
9574
9575
9577
9579
9580
9583
9584
9586
9587
9589
9591
9593
9594
9594
9594
9594
9595
9597
9597
9597
9598
9598
9601
9601
9602
9605
9605
9606
9607
9608
9609
9610
9610
9611
9612
9612
9613
9613
9615
9617
9619
9619
9619
9619
9620
9620
9621
9622
9625
9629
9630
9630
9630
9631
9633
9634
9635
9636
9637
9637
9639
9640
9642
9644
9644
9646
9646
9647
9654
9654
9656
9658
9658
9659
9660
9660
9661
9662
9663
9664
9665
9668
9669
9674
9676
9676
9677
9677
9678
9680
9681
9683
9685
9686
9686
9687
9687
9688
9688
9689
9689
9689
9690
9690
9690
9691
9693
9695
9697
9698
9699
9699
9699
9700
9702
9706
9706
9706
9706
9706
9707
9707
9709
9710
9710
9710
9711
9711
9712
9712
9713
9714
9717
9717
9719
9719
9720
9720
9721
9726
9726
9726
9727
9729
9729
9729
9730
9730
9731
9733
9733
9737
9738
9738
9739
9741
9743
9744
9744
9744
9745
9745
9747
9748
9750
9750
9751
9752
9754
9755
9755
9755
9756
9757
9757
9757
9758
9758
9758
9758
9759
9759
9760
9761
9761
9762
9763
9763
9763
9765
9767
9768
9769
9770
9770
9771
9772
9774
9775
9776
9776
9777
9777
9780
9781
9781
9782
9784
9784
9785
9788
9788
9790
9790
9791
9791
9792
9793
9795
9796
9798
9798
9798
9799
9799
9802
9802
9804
9806
9808
9808
9808
9809
9809
9812
9814
9815
9817
9818
9819
9820
9822
9822
9823
9823
9824
9827
9828
9828
9830
9830
9831
9831
9835
9835
9835
9838
9838
9838
9839
9839
9842
9843
9843
9844
9844
9845
9845
9846
9847
9847
9849
9850
9852
9853
9856
9857
9858
9863
9865
9866
9867
9868
9869
9870
9870
9872
9872
9873
9873
9875
9877
9878
9880
9881
9881
9882
9885
9886
9888
9888
9889
9889
9889
9890
9891
9891
9892
9894
9894
9896
9896
9896
9897
9898
9899
9900
9900
9900
9902
9902
9905
9905
9906
9907
9907
9908
9908
9908
9909
9913
9915
9919
9920
9920
9921
9921
9922
9923
9924
9924
9925
9926
9928
9928
9928
9929
9930
9930
9932
9932
9933
9934
9935
9937
9937
9939
9940
9942
9942
9943
9943
9944
9945
9946
9947
9950
9950
9950
9950
9951
9952
9952
9955
9956
9957
9958
9959
9960
9964
9965
9965
9970
9970
9971
9971
9972
9972
9976
9983
9985
9989
9989
9989
9991
9993
9995
9995
9998
9998
9999
9999
10000
10000
10003
10003
10003
10005
10006
10006
10007
10008
10008
10008
10008
10009
10010
10010
10010
10011
10012
10012
10012
10013
10013
10014
10015
10015
10016
10017
10019
10020
10020
10020
10020
