79898
79899
79899
79901
79901
79904
79905
79906
79906
79909
79909
79910
79913
79915
79915
79918
79919
79922
79923
79926
79927
79928
79928
79930
79931
79931
79931
79932
79933
79933
79934
79936
79937
79937
79937
79939
79941
79941
79941
79943
79944
79945
79949
79949
79951
79952
79953
79954
79955
79957
79957
79958
79959
79961
79962
79963
79963
79963
79965
79965
79965
79966
79966
79966
79967
79968
79970
79971
79972
79972
79974
79974
79978
79978
79979
79979
79982
79983
79986
79986
79987
79987
79988
79990
79992
79995
79995
79996
79997
79997
79998
80000
80001
80004
80005
80006
80006
80006
80007
80010
80016
80017
80017
80019
80019
80019
80020
80020
80020
80021
80021
80021
80021
80023
80024
80025
80025
80026
80026
80027
80027
80029
80031
80032
80032
80033
80036
80038
80039
80040
80040
80042
80042
80043
80045
80045
80046
80047
80047
80048
80050
80050
80051
80051
80052
80052
80053
80054
80055
80057
80057
80057
80059
80060
80060
80061
80061
80063
80063
80064
80064
80066
80066
80068
80070
80070
80072
80073
80073
80074
80074
80075
80075
80076
80077
80079
80081
80081
80082
80083
80084
80085
80088
80090
80091
80091
80095
80095
80096
80097
80099
80099
80101
80102
80102
80106
80107
80108
80109
80109
80111
80113
80116
80117
80118
80118
80119
80120
80120
80122
80125
80128
80129
80129
80129
80130
80131
80132
80132
80133
80135
80135
80136
80136
80136
80137
80137
80138
80138
80138
80140
80140
80141
80141
80141
80141
80141
80143
80145
80147
80147
80149
80149
80149
80149
80152
80152
80153
80154
80156
80158
80159
80162
80162
80166
80167
80170
80170
80170
80174
80176
80177
80178
80179
80180
80181
80181
80181
80181
80183
80183
80185
80186
80187
80187
80189
80190
80192
80192
80193
80195
80198
80199
80201
80202
80203
80203
80204
80205
80206
80206
80206
80208
80208
80211
80211
80211
80212
80216
80217
80219
80222
80223
80223
80225
80227
80227
80228
80230
80231
80232
80233
80237
80237
80237
80238
80239
80239
80240
80241
80241
80241
80244
80245
80245
80246
80246
80246
80247
80248
80248
80249
80250
80250
80251
80251
80252
80254
80255
80256
80256
80256
80257
80258
80258
80258
80258
80261
80262
80264
80265
80266
80268
80268
80274
80274
80276
80282
80283
80284
80284
80284
80285
80286
80287
80290
80293
80299
80299
80299
80300
80301
80301
80303
80304
80304
80307
80307
80308
80309
80309
80314
80316
80316
80318
80322
80322
80323
80323
80324
80324
80324
80324
80324
80325
80325
80327
80329
80329
80329
80329
80329
80331
80333
80333
80333
80333
80334
80335
80335
80335
80335
80336
80337
80337
80339
80339
80339
80341
80342
80344
80344
80346
80347
80347
80349
80349
80352
80352
80352
80352
80353
80354
80355
80356
80356
80356
80356
80356
80357
80358
80359
80360
80361
80363
80364
80364
80364
80367
80369
80369
80371
80371
80372
80372
80372
80373
80373
80375
80375
80376
80377
80378
80378
80383
80385
80385
80386
80386
80388
80388
80388
80389
80392
80392
80393
80393
80394
80394
80395
80396
80397
80397
80398
80400
80400
80400
80402
80403
80403
80404
80405
80406
80406
80407
80412
80413
80416
80417
80419
80421
80426
80427
80427
80428
80428
80429
80429
80429
80434
80434
80434
80434
80438
80438
80445
80446
80446
80447
80447
80449
80450
80451
80451
80457
80459
80461
80462
80463
80463
80464
80466
80466
80468
80468
80469
80471
80472
80473
80475
80476
80476
80477
80477
80478
80479
80480
80481
80481
80482
80482
80485
80485
80485
80486
80486
80487
80487
80488
80488
80490
80490
80493
80493
80496
80498
80498
80499
80499
80500
80501
80501
80502
80503
80505
80505
80506
80506
80507
80508
80512
80513
80514
80514
80516
80517
80517
80520
80520
80521
80522
80523
80525
80528
80528
80528
80530
80532
80533
80535
80536
80539
80539
80540
80542
80546
80548
80549
80549
80550
80551
80551
80552
80553
80553
80554
80554
80554
80554
80557
80557
80559
80559
80559
80559
80560
80562
80563
80564
80565
80568
80568
80569
80570
80570
80571
80572
80572
80573
80574
80574
80575
80577
80577
80578
80578
80578
80579
80579
80579
80582
80582
80582
80582
80583
80583
80584
80587
80588
80589
80589
80590
80591
80591
80592
80592
80594
80595
80597
80599
80599
80599
80600
80601
80603
80603
80604
80606
80607
80607
80609
80609
80611
80611
80612
80613
80613
80614
80615
80616
80617
80618
80618
80618
80618
80621
80622
80622
80622
80623
80624
80624
80625
80628
80633
80635
80636
80636
80636
80637
80637
80639
80639
80640
80641
80645
80645
80645
80646
80647
80647
80648
80650
80651
80652
80654
80654
80654
80656
80656
80657
80657
80658
80659
80659
80659
80659
80661
80663
80663
80663
80663
80664
80664
80667
80669
80671
80672
80672
80673
80675
80680
80680
80681
80682
80683
80683
80684
80688
80689
80691
80692
80693
80693
80694
80694
80695
80695
80697
80698
80699
80700
80705
80705
80706
80707
80707
80708
80708
80710
80710
80710
80712
80712
80713
80713
80714
80715
80715
80716
80716
80719
80720
80720
80725
80725
80725
80725
80725
80727
80727
80728
80731
80731
80732
80733
80733
80733
80735
80735
80736
80736
80737
80739
80741
80742
80743
80743
80743
80743
80744
80744
80746
80746
80746
80746
80746
80750
80753
80753
80755
80757
80759
80761
80762
80762
80763
80764
80764
80768
80769
80770
80771
80771
80772
80772
80773
80773
80776
80778
80778
80778
80780
80781
80781
80783
80783
80784
80784
80784
80785
80787
80787
80788
80788
80789
80790
80790
80792
80792
80793
80794
80795
80797
80797
80799
80800
80802
80803
80805
80806
80808
80808
80809
80811
80811
80813
80814
80814
80815
80816
80816
80817
80817
80823
80824
80825
80826
80827
80827
80827
80828
80828
80828
80829
80832
80832
80835
80836
80837
80841
80841
80845
80847
80847
80847
80848
80849
80849
80849
80851
80853
80853
80854
80855
80855
80855
80856
80856
80858
80858
80860
80861
80861
80862
80863
80864
80864
80865
80866
80868
80871
80871
80873
80875
80875
80875
80876
80877
80878
80878
80882
80883
80883
80884
80884
80887
80889
80892
80893
80893
80893
80896
80897
80898
80899
80900
80901
80901
80902
80903
80908
80909
80911
80911
80915
80916
80918
80922
80922
80924
80924
80928
80929
80929
80930
80932
80934
80934
80935
80937
80939
80939
80941
80941
80941
80943
80943
80944
80945
80946
80947
80947
80948
80948
80949
80949
80952
80952
80953
80953
80954
80956
80957
80957
80958
80961
80961
80962
80963
80964
80965
80967
80967
80967
80968
80968
80968
80970
80970
80972
80974
80974
80975
80976
80976
80977
80977
80978
80979
80979
80979
80982
80984
80984
80984
80987
80987
80988
80989
80991
80992
80993
80993
80994
80994
80997
80998
80999
81002
81002
81002
81002
81003
81004
81004
81004
81007
81007
81008
81008
81009
81009
81009
81010
81010
81012
81014
81015
81016
81017
81018
81018
81019
81020
81021
81023
81023
81024
81024
81026
81026
81026
81026
81026
81026
81027
81028
81029
81030
81032
81032
81033
81033
81036
81036
81037
81042
81043
81043
81043
81045
81045
81046
81047
81047
81048
81049
81051
81051
81054
81054
81054
81058
81060
81060
81062
81063
81063
81063
81065
81067
81069
81070
81071
81073
81073
81074
81075
81075
81076
81076
81077
81078
81080
81080
81080
81081
81082
81083
81084
81087
81088
81088
81088
81089
81089
81092
81095
81096
81097
81100
81102
81102
81103
81106
81109
81109
81114
81118
81118
81120
81121
81122
81127
81128
81129
81130
81130
81130
81130
81132
81133
81136
81137
81137
81137
81139
81139
81140
81141
81141
81141
81141
81143
81143
81144
81144
81145
81146
81147
81148
81148
81149
81149
81149
81151
81153
81153
81153
81155
81159
81162
81164
81164
81165
81165
81166
81169
81169
81170
81171
81171
81172
81172
81173
81174
81177
81184
81185
81187
81187
81188
81189
81189
81190
81190
81194
81194
81195
81196
81197
81198
81198
81198
81199
81199
81200
81202
81202
81204
81206
81207
81209
81209
81209
81210
81211
81211
81211
81211
81211
81212
81212
81212
81213
81214
81215
81216
81218
81220
81224
81225
81225
81225
81226
81226
81228
81228
81230
81230
81231
81232
81232
81232
81235
81235
81235
81236
81236
81238
81240
81242
81242
81242
81246
81247
81247
81248
81248
81249
81249
81249
81251
81252
81252
81253
81255
81256
81257
81257
81257
81258
81259
81260
81260
81260
81261
81262
81263
81263
81263
81263
81264
81265
81267
81268
81268
81270
81270
81273
81274
81276
81280
81280
81281
81281
81282
81282
81284
81287
81287
81288
81288
81291
81292
81294
81296
81297
81297
81297
81299
81299
81301
81301
81301
81301
81301
81303
81303
81305
81305
81306
81308
81308
81308
81309
81310
81314
81316
81318
81319
81319
81320
81320
81320
81321
81321
81322
81323
81324
81326
81327
81327
81328
81328
81335
81336
81336
81336
81337
81337
81339
81341
81342
81343
81344
81345
81345
81346
81347
81349
81350
81351
81352
81355
81355
81356
81357
81358
81359
81360
81361
81361
81362
81362
81365
81365
81365
81366
81367
81368
81368
81368
81371
81371
81372
81377
81377
81380
81383
81384
81384
81386
81386
81388
81389
81389
81389
81389
81392
81392
81393
81394
81394
81394
81395
81397
81397
81398
81399
81400
81401
81401
81402
81405
81407
81408
81409
81410
81412
81415
81415
81415
81416
81418
81418
81418
81419
81421
81422
81424
81427
81428
81428
81428
81429
81429
81432
81432
81433
81434
81434
81434
81434
81435
81436
81439
81442
81444
81445
81447
81447
81448
81448
81448
81448
81449
81451
81451
81451
81452
81461
81461
81462
81464
81465
81466
81467
81470
81470
81471
81472
81472
81472
81472
81474
81475
81479
81481
81483
81483
81484
81488
81488
81489
81490
81490
81490
81490
81490
81491
81493
81494
81494
81496
81497
81497
81498
81498
81500
81502
81503
81505
81508
81509
81510
81511
81512
81512
81514
81514
81514
81516
81516
81517
81518
81522
81523
81524
81524
81524
81525
81526
81526
81526
81529
81530
81530
81531
81532
81533
81535
81538
81539
81540
81543
81544
81546
81547
81548
81549
81550
81552
81552
81552
81552
81553
81554
81554
81555
81556
81557
81558
81559
81561
81562
81562
81562
81564
81565
81566
81567
81568
81568
81568
81570
81573
81575
81575
81576
81576
81577
81577
81579
81579
81580
81580
81581
81582
81584
81584
81585
81588
81588
81589
81590
81591
81592
81592
81593
81593
81594
81594
81594
81595
81596
81597
81598
81603
81603
81607
81611
81611
81612
81613
81614
81615
81617
81617
81618
81620
81620
81621
81621
81622
81622
81622
81623
81623
81624
81624
81625
81627
81628
81629
81629
81631
81631
81631
81632
81632
81635
81636
81636
81637
81637
81638
81638
81639
81639
81640
81641
81643
81643
81644
81644
81644
81645
81646
81647
81648
81649
81651
81652
81653
81654
81654
81655
81657
81658
81660
81661
81663
81663
81664
81665
81666
81667
81669
81670
81671
81671
81671
81672
81676
81676
81676
81677
81679
81679
81680
81682
81683
81684
81685
81685
81687
81688
81689
81691
81692
81693
81695
81698
81698
81698
81699
81700
81700
81701
81701
81702
81703
81704
81704
81708
81709
81709
81709
81709
81710
81710
81710
81711
81711
81713
81713
81718
81718
81719
81721
81721
81721
81722
81723
81723
81724
81727
81729
81731
81731
81732
81732
81733
81737
81738
81740
81740
81741
81741
81741
81743
81743
81743
81744
81744
81745
81747
81747
81748
81749
81749
81749
81749
81749
81750
81752
81755
81755
81756
81758
81759
81759
81759
81760
81761
81764
81766
81766
81767
81768
81769
81770
81770
81772
81775
81776
81776
81776
81778
81778
81779
81779
81779
81780
81780
81782
81783
81783
81784
81785
81786
81788
81790
81790
81790
81791
81791
81793
81793
81794
81794
81794
81795
81796
81797
81798
81798
81800
81800
81802
81802
81803
81805
81806
81807
81808
81809
81809
81811
81812
81812
81813
81813
81814
81815
81815
81816
81817
81820
81820
81821
81822
81822
81823
81827
81827
81828
81831
81831
81833
81838
81843
81844
81845
81846
81847
81848
81849
81849
81850
81852
81854
81854
81855
81856
81857
81857
81859
81861
81862
81866
81867
81868
81868
81868
81868
81870
81871
81873
81874
81874
81876
81876
81876
81877
81879
81880
81880
81880
81880
81881
81883
81883
81885
81888
81888
81890
81893
81895
81895
81896
81898
81898
81898
81898
81900
81901
81903
81903
81904
81904
81905
81907
81907
81908
81909
81909
81911
81913
81914
81915
81917
81917
81920
81921
81922
81925
81926
81927
81930
81930
81931
81934
81935
81936
81936
81936
81938
81939
81940
81940
81942
81944
81945
81945
81948
81948
81950
81950
81952
81953
81953
81956
81958
81959
81959
81960
81960
81960
81961
81963
81963
81966
81966
81967
81969
81969
81971
81972
81973
81973
81974
81975
81977
81977
81978
81980
81980
81980
81981
81985
81986
81986
81987
81989
81990
81991
81994
81994
81994
81994
81995
81997
81997
81998
81998
81999
82002
82002
82002
82004
82005
82006
82007
82007
82009
82010
82010
82011
82012
82012
82013
82013
82013
82014
82018
82019
82019
82021
82022
82022
82023
82023
82024
82024
82024
82025
82027
82028
82028
82029
82030
82031
82031
82032
82033
82037
82037
82041
82043
82045
82045
82046
82048
82050
82053
82054
82056
82059
82060
82060
82064
82065
82065
82065
82067
82068
82068
82070
82072
82073
82075
82079
82080
82082
82083
82085
82085
82086
82086
82089
82089
82090
82090
82091
82092
82092
82093
82093
82093
82093
82093
82095
82096
82099
82100
82100
82106
82107
82107
82107
82108
82109
82110
82112
82112
82114
82114
82115
82118
82120
82120
82120
82122
82123
82124
82124
82125
82125
82125
82125
82126
82127
82129
82129
82130
82131
82131
82132
82134
82134
82134
82135
82136
82136
82137
82138
82138
82139
82140
82144
82145
82145
82146
82147
82147
82148
82148
82150
82151
82153
82153
82153
82155
82155
82156
82156
82158
82158
82162
82162
82162
82164
82164
82166
82167
82170
82170
82170
82172
82172
82174
82174
82175
82176
82179
82179
82179
82180
82180
82181
82183
82184
82184
82184
82185
82187
82187
82188
82188
82188
82188
82188
82189
82190
82195
82196
82196
82197
82197
82198
82199
82200
82200
82201
82201
82201
82202
82203
82204
82204
82204
82210
82211
82211
82211
82213
82214
82214
82215
82215
82218
82219
82221
82221
82222
82222
82223
82224
82224
82226
82226
82227
82227
82227
82228
82229
82229
82230
82231
82231
82232
82233
82233
82233
82235
82238
82239
82239
82241
82241
82242
82243
82243
82247
82247
82247
82249
82249
82252
82252
82253
82253
82254
82255
82257
82257
82257
82258
82260
82261
82263
82264
82265
82265
82267
82268
82268
82275
82275
82275
82275
82275
82276
82277
82278
82279
82279
82280
82281
82286
82286
82292
82292
82294
82295
82295
82297
82297
82297
82297
82299
82299
82300
82302
82302
82304
82305
82305
82306
82306
82307
82309
82311
82313
82314
82317
82317
82317
82318
82321
82324
82326
82330
82334
82335
82335
82335
82337
82337
82338
82338
82338
82339
82339
82340
82341
82341
82343
82344
82344
82344
82344
82346
82347
82347
82348
82349
82350
82351
82351
82353
82354
82355
82355
82356
82357
82358
82358
82359
82359
82360
82362
82363
82363
82364
82365
82365
82366
82367
82369
82370
82371
82371
82372
82372
82373
82374
82375
82377
82377
82378
82379
82383
82384
82384
82386
82386
82388
82389
82390
82391
82391
82391
82391
82395
82395
82396
82399
82399
82401
82403
82404
82404
82404
82405
82406
82406
82406
82406
82407
82409
82409
82409
82410
82411
82413
82413
82414
82415
82416
82418
82418
82420
82420
82420
82421
82422
82423
82423
82423
82423
82423
82425
82426
82430
82430
82430
82430
82431
82433
82434
82436
82437
82437
82438
82438
82439
82440
82441
82441
82442
82445
82445
82445
82445
82446
82448
82448
82449
82450
82451
82452
82452
82453
82455
82456
82456
82458
82460
82460
82461
82462
82463
82463
82466
82466
82466
82468
82468
82471
82473
82474
82474
82474
82475
82477
82478
82479
82479
82480
82482
82482
82483
82483
82484
82486
82488
82489
82490
82491
82491
82492
82492
82493
82493
82494
82494
82496
82496
82499
82500
82502
82503
82504
82508
82508
82509
82510
82510
82511
82512
82513
82513
82515
82518
82522
82522
82524
82524
82528
82529
82530
82531
82532
82533
82533
82535
82537
82538
82540
82542
82543
82543
82543
82544
82545
82545
82546
82547
82548
82548
82549
82549
82549
82550
82554
82555
82556
82557
82558
82559
82559
82563
82563
82564
82565
82565
82566
82568
82570
82572
82573
82573
82574
82577
82578
82579
82579
82579
82579
82579
82581
82582
82582
82584
82584
82586
82586
82586
82588
82588
82589
82592
82592
82593
82595
82596
82597
82599
82601
82601
82601
82602
82602
82602
82603
82604
82606
82606
82609
82610
82610
82610
82612
82612
82613
82613
82614
82615
82617
82617
82617
82618
82618
82619
82620
82621
82622
82623
82624
82624
82624
82625
82626
82631
82631
82631
82632
82635
82635
82635
82637
82638
82638
82638
82639
82640
82640
82640
82641
82642
82645
82646
82647
82647
82648
82648
82649
82649
82649
82649
82650
82650
82651
82652
82653
82654
82654
82654
82656
82656
82656
82657
82659
82659
82660
82661
82662
82666
82666
82667
82667
82667
82667
82670
82671
82673
82673
82675
82675
82676
82676
82676
82677
82677
82678
82681
82681
82681
82683
82683
82686
82688
82689
82689
82689
82691
82693
82694
82695
82697
82699
82701
82702
82702
82702
82702
82703
82704
82704
82705
82705
82706
82707
82708
82708
82709
82709
82710
82712
82713
82714
82714
82715
82717
82717
82717
82717
82720
82720
82720
82721
82721
82723
82728
82730
82730
82731
82732
82733
82733
82734
82735
82735
82737
82737
82738
82738
82739
82740
82740
82740
82741
82742
82743
82746
82746
82748
82751
82751
82752
82752
82753
82755
82756
82756
82757
82757
82758
82758
82759
82759
82760
82761
82761
82763
82766
82766
82767
82767
82770
82771
82772
82773
82774
82774
82776
82777
82780
82780
82781
82781
82784
82786
82786
82786
82786
82787
82791
82794
82794
82795
82796
82797
82797
82798
82800
82801
82802
82802
82803
82804
82804
82805
82807
82807
82808
82809
82810
82811
82813
82814
82816
82816
82817
82819
82819
82819
82819
82822
82825
82826
82826
82827
82828
82828
82829
82830
82830
82832
82832
82833
82833
82835
82835
82835
82835
82836
82836
82838
82838
82841
82842
82842
82844
82844
82845
82846
82848
82849
82849
82851
82852
82853
82855
82856
82857
82860
82861
82862
82863
82863
82864
82865
82865
82865
82866
82866
82867
82870
82870
82872
82874
82875
82877
82877
82878
82881
82881
82881
82882
82882
82885
82885
82886
82887
82888
82888
82889
82889
82891
82891
82892
82893
82894
82895
82895
82897
82897
82897
82898
82898
82898
82899
82901
82901
82901
82902
82903
82904
82904
82905
82907
82909
82911
82912
82913
82914
82916
82916
82917
82918
82919
82919
82920
82920
82922
82924
82925
82925
82926
82926
82926
82928
82928
82928
82929
82930
82931
82932
82934
82935
82936
82937
82937
82938
82938
82938
82939
82942
82942
82944
82944
82944
82947
82948
82952
82953
82953
82953
82954
82954
82955
82955
82957
82960
82961
82962
82962
82963
82964
82966
82968
82968
82968
82969
82969
82969
82970
82970
82971
82973
82975
82975
82976
82976
82977
82981
82981
82981
82982
82983
82983
82984
82985
82987
82990
82992
82993
82993
82994
82997
82998
82998
82998
83001
83001
83001
83002
83004
83005
83006
83007
83008
83009
83009
83010
83011
83011
83011
83011
83012
83012
83013
83013
83016
83016
83017
83018
83020
83020
83023
83023
83024
83024
83025
83026
83027
83029
83030
83031
83032
83033
83034
83034
83034
83037
83038
83039
83039
83040
83040
83041
83041
83042
83043
83043
83045
83047
83048
83049
83049
83050
83052
83057
83058
83058
83059
83060
83061
83062
83064
83066
83066
83069
83070
83071
83071
83072
83072
83075
83077
83079
83079
83081
83081
83082
83082
83082
83088
83088
83090
83090
83091
83092
83092
83093
83093
83096
83096
83096
83098
83098
83100
83101
83103
83109
83109
83110
83110
83112
83112
83112
83112
83112
83113
83114
83114
83115
83116
83117
83118
83118
83120
83121
83122
83123
83123
83124
83124
83125
83127
83130
83130
83131
83132
83133
83134
83135
83135
83136
83138
83141
83142
83145
83145
83146
83148
83149
83149
83150
83152
83152
83152
83152
83153
83153
83153
83154
83155
83155
83155
83156
83156
83158
83159
83159
83159
83160
83161
83161
83165
83165
83166
83167
83167
83168
83168
83168
83168
83169
83169
83171
83173
83175
83176
83176
83178
83179
83179
83180
83182
83182
83183
83184
83186
83186
83189
83190
83190
83190
83192
83196
83197
83199
83200
83200
83202
83203
83204
83204
83205
83207
83209
83209
83209
83209
83213
83214
83214
83215
83215
83217
83218
83219
83219
83220
83220
83220
83223
83225
83225
83227
83228
83228
83229
83231
83231
83232
83232
83232
83235
83238
83238
83239
83240
83242
83243
83244
83244
83245
83245
83247
83248
83250
83250
83253
83254
83254
83255
83256
83257
83257
83258
83258
83259
83259
83259
83259
83261
83263
83264
83265
83266
83268
83268
83270
83270
83273
83273
83275
83280
83281
83282
83282
83283
83283
83284
83284
83284
83285
83285
83285
83287
83287
83287
83287
83288
83288
83288
83290
83291
83291
83292
83295
83296
83296
83298
83300
83300
83301
83302
83302
83303
83303
83304
83304
83305
83306
83307
83307
83308
83308
83308
83308
83311
83312
83313
83314
83314
83316
83317
83317
83320
83323
83323
83323
83324
83325
83325
83325
83328
83329
83330
83331
83331
83331
83332
83333
83333
83336
83339
83340
83341
83342
83343
83343
83343
83344
83344
83346
83347
83347
83347
83349
83349
83350
83351
83351
83356
83356
83358
83359
83360
83360
83361
83362
83363
83363
83364
83364
83364
83366
83366
83366
83367
83370
83371
83372
83372
83372
83374
83377
83377
83378
83384
83384
83385
83387
83388
83388
83389
83391
83394
83394
83395
83396
83396
83396
83399
83399
83400
83401
83401
83401
83401
83402
83404
83405
83405
83408
83409
83412
83412
83413
83415
83415
83415
83415
83415
83416
83417
83417
83418
83418
83419
83419
83419
83420
83421
83423
83424
83424
83424
83426
83426
83426
83426
83428
83431
83432
83433
83435
83436
83437
83439
83439
83440
83441
83441
83442
83442
83444
83444
83445
83447
83447
83447
83448
83448
83450
83451
83454
83455
83456
83456
83456
83456
83458
83458
83461
83462
83462
83463
83464
83464
83465
83466
83474
83480
83483
83484
83485
83485
83486
83486
83486
83487
83488
83488
83489
83491
83491
83492
83493
83493
83495
83495
83496
83497
83499
83500
83500
83500
83501
83502
83507
83508
83508
83511
83512
83512
83514
83516
83516
83516
83516
83516
83517
83517
83520
83522
83523
83523
83523
83524
83525
83525
83526
83527
83528
83528
83529
83529
83529
83530
83530
83530
83531
83532
83532
83533
83534
83534
83534
83534
83535
83536
83539
83539
83541
83545
83546
83546
83546
83546
83547
83548
83549
83549
83549
83550
83553
83553
83553
83554
83557
83558
83558
83560
83561
83562
83563
83563
83565
83566
83566
83567
83567
83571
83572
83572
83574
83574
83574
83575
83579
83580
83582
83583
83584
83584
83586
83587
83588
83589
83589
83589
83591
83591
83591
83592
83593
83593
83595
83596
83598
83599
83600
83601
83602
83603
83604
83604
83605
83607
83608
83608
83610
83610
83611
83611
83612
83613
83615
83616
83617
83617
83617
83617
83618
83619
83619
83619
83619
83620
83623
83623
83624
83626
83627
83628
83631
83633
83634
83636
83638
83640
83641
83643
83645
83646
83648
83649
83650
83650
83651
83651
83652
83652
83653
83654
83656
83656
83659
83660
83661
83661
83663
83665
83665
83667
83668
83668
83668
83669
83670
83671
83672
83673
83673
83674
83675
83677
83679
83680
83680
83682
83684
83685
83687
83689
83690
83690
83692
83694
83695
83696
83698
83698
83700
83700
83700
83701
83701
83701
83702
83703
83703
83703
83704
83705
83706
83706
83708
83711
83713
83713
83715
83716
83719
83719
83721
83721
83723
83723
83725
83726
83727
83728
83729
83729
83730
83731
83731
83731
83731
83732
83739
83740
83743
83744
83745
83746
83746
83749
83750
83750
83751
83753
83754
83754
83755
83755
83756
83756
83756
83756
83757
83757
83758
83760
83760
83760
83761
83762
83762
83763
83763
83764
83764
83764
83764
83766
83766
83767
83768
83769
83771
83772
83772
83775
83776
83778
83778
83779
83779
83781
83781
83782
83782
83786
83787
83788
83792
83792
83792
83796
83797
83798
83798
83800
83800
83800
83802
83802
83802
83805
83806
83809
83811
83812
83812
83812
83813
83814
83814
83816
83816
83816
83816
83817
83818
83820
83820
83820
83821
83821
83822
83823
83824
83826
83826
83830
83830
83831
83835
83835
83837
83837
83838
83842
83844
83846
83848
83853
83854
83854
83855
83859
83859
83861
83861
83861
83862
83862
83863
83863
83863
83865
83865
83868
83871
83873
83873
83874
83874
83876
83877
83878
83878
83878
83880
83883
83883
83884
83888
83888
83890
83890
83890
83892
83894
83896
83896
83897
83898
83898
83899
83902
83903
83903
83904
83906
83907
83908
83908
83910
83911
83913
83913
83915
83916
83916
83916
83918
83919
83919
83922
83923
83924
83926
83926
83927
83928
83928
83928
83932
83932
83933
83934
83935
83936
83936
83936
83937
83937
83938
83939
83940
83940
83941
83941
83941
83942
83942
83943
83943
83945
83947
83948
83948
83949
83955
83955
83955
83956
83957
83958
83961
83963
83964
83965
83965
83967
83971
83971
83971
83973
83974
83975
83978
83980
83980
83980
83982
83983
83986
83987
83987
83988
83988
83991
83993
83994
83994
83995
83995
83995
83995
83998
84003
84004
84005
84005
84006
84006
84007
84007
84008
84009
84010
84010
84011
84011
84013
84013
84014
84014
84014
84015
84015
84016
84016
84017
84017
84017
84018
84019
84019
84020
84020
84021
84022
84023
84024
84026
84027
84028
84029
84029
84030
84030
84030
84031
84031
84032
84032
84032
84036
84036
84037
84040
84040
84041
84041
84041
84041
84042
84043
84044
84047
84047
84048
84048
84048
84049
84049
84051
84052
84053
84056
84058
84059
84061
84062
84064
84064
84064
84065
84066
84067
84067
84068
84069
84069
84069
84069
84071
84071
84073
84073
84073
84074
84075
84076
84078
84078
84079
84079
84080
84080
84082
84083
84083
84085
84087
84087
84088
84089
84089
84090
84091
84093
84093
84093
84094
84094
84095
84097
84097
84097
84098
84098
84098
84099
84100
84102
84103
84103
84103
84104
84104
84105
84106
84109
84111
84111
84111
84112
84112
84113
84113
84114
84116
84116
84117
84120
84120
84122
84123
84124
84124
84124
84125
84125
84127
84128
84128
84131
84132
84132
84133
84134
84135
84135
84136
84138
84138
84139
84139
84139
84140
84141
84142
84142
84142
84143
84144
84145
84145
84145
84147
84147
84148
84148
84148
84149
84150
84151
84151
84153
84154
84155
84158
84158
84158
84159
84160
84162
84163
84164
84164
84165
84166
84166
84167
84168
84170
84170
84170
84171
84172
84174
84175
84175
84175
84176
84177
84178
84179
84180
84180
84180
84180
84180
84181
84182
84183
84184
84185
84185
84186
84187
84188
84188
84188
84190
84191
84193
84194
84197
84197
84197
84198
84198
84198
84199
84200
84201
84202
84202
84203
84206
84208
84209
84210
84210
84211
84213
84213
84215
84217
84220
84220
84221
84222
84223
84223
84226
84227
84228
84229
84230
84230
84230
84230
84231
84232
84233
84234
84234
84235
84236
84236
84238
84239
84239
84240
84240
84241
84241
84241
84242
84242
84243
84243
84246
84247
84250
84251
84251
84252
84253
84254
84254
84254
84255
84255
84256
84257
84257
84257
84258
84259
84260
84260
84262
84263
84265
84266
84266
84266
84268
84268
84269
84269
84269
84270
84270
84271
84273
84274
84275
84275
84276
84277
84278
84281
84282
84282
84283
84283
84283
84283
84283
84284
84285
84285
84286
84286
84289
84290
84292
84297
84299
84300
84301
84303
84309
84310
84310
84312
84313
84314
84317
84318
84318
84322
84322
84323
84324
84324
84324
84325
84328
84330
84331
84332
84332
84332
84332
84332
84333
84335
84336
84337
84337
84337
84338
84338
84338
84339
84339
84339
84341
84342
84343
84343
84345
84346
84347
84348
84348
84348
84348
84348
84349
84352
84352
84353
84353
84355
84357
84361
84362
84362
84363
84363
84364
84365
84367
84367
84369
84369
84369
84370
84371
84371
84371
84373
84373
84375
84375
84377
84377
84380
84381
84383
84384
84386
84386
84386
84387
84387
84387
84389
84390
84391
84391
84392
84392
84393
84395
84395
84395
84397
84397
84397
84399
84402
84405
84407
84408
84409
84409
84410
84410
84411
84412
84413
84414
84414
84414
84415
84415
84415
84417
84417
84418
84419
84421
84421
84421
84424
84424
84425
84425
84426
84427
84429
84429
84429
84429
84430
84432
84435
84436
84439
84440
84440
84440
84441
84442
84443
84447
84450
84452
84452
84452
84452
84453
84453
84455
84456
84457
84457
84457
84457
84457
84458
84458
84463
84464
84466
84467
84467
84471
84475
84476
84476
84477
84478
84479
84480
84481
84482
84482
84484
84486
84487
84489
84490
84491
84491
84492
84492
84492
84493
84496
84496
84501
84502
84504
84504
84505
84508
84509
84510
84510
84512
84512
84516
84517
84517
84518
84518
84519
84519
84520
84521
84524
84525
84527
84528
84529
84530
84530
84531
84531
84533
84534
84536
84536
84536
84537
84537
84537
84538
84541
84544
84546
84548
84548
84549
84549
84550
84550
84551
84556
84556
84557
84559
84559
84560
84560
84561
84563
84563
84564
84565
84565
84566
84568
84569
84569
84571
84572
84573
84574
84576
84576
84576
84577
84578
84578
84579
84579
84580
84582
84583
84583
84584
84586
84586
84588
84589
84590
84590
84591
84591
84591
84591
84593
84593
84594
84596
84597
84599
84600
84602
84606
84607
84609
84611
84613
84614
84614
84615
84615
84615
84616
84616
84617
84617
84618
84618
84619
84619
84620
84620
84620
84621
84622
84625
84628
84628
84630
84631
84631
84632
84639
84640
84641
84643
84645
84646
84648
84649
84650
84650
84651
84651
84652
84652
84654
84655
84656
84657
84660
84660
84662
84663
84663
84663
84664
84664
84665
84665
84666
84667
84667
84667
84670
84670
84672
84673
84674
84675
84676
84678
84678
84680
84681
84681
84683
84684
84685
84686
84686
84690
84691
84693
84694
84694
84694
84695
84697
84697
84697
84700
84700
84702
84702
84704
84705
84705
84705
84705
84706
84708
84708
84711
84711
84713
84713
84714
84714
84715
84717
84717
84718
84718
84720
84721
84721
84723
84724
84726
84727
84727
84728
84729
84731
84732
84733
84733
84733
84734
84735
84735
84736
84736
84737
84739
84740
84741
84742
84742
84742
84743
84745
84748
84748
84749
84750
84750
84751
84751
84752
84754
84754
84755
84759
84762
84762
84763
84763
84764
84764
84765
84765
84766
84767
84768
84770
84772
84772
84773
84773
84775
84776
84778
84778
84778
84778
84779
84780
84780
84782
84782
84783
84787
84788
84789
84789
84790
84792
84793
84793
84793
84793
84794
84795
84796
84799
84801
84802
84803
84804
84805
84806
84807
84810
84810
84812
84815
84817
84817
84818
84818
84819
84819
84820
84820
84821
84822
84823
84824
84828
84829
84833
84835
84836
84839
84841
84843
84843
84844
84845
84847
84847
84848
84849
84850
84850
84850
84850
84851
84852
84852
84853
84853
84853
84853
84854
84855
84855
84856
84856
84857
84859
84859
84860
84861
84861
84861
84863
84864
84865
84866
84866
84867
84867
84869
84870
84870
84872
84873
84874
84875
84876
84877
84878
84879
84879
84880
84880
84882
84883
84888
84888
84891
84891
84891
84895
84896
84896
84896
84898
84898
84898
84898
84898
84901
84901
84901
84902
84902
84902
84904
84904
84904
84905
84906
84906
84909
84909
84910
84910
84910
84912
84913
84915
84915
84918
84918
84919
84923
84925
84926
84929
84932
84932
84932
84933
84935
84936
84936
84937
84938
84938
84939
84940
84940
84941
84941
84941
84942
84942
84942
84942
84943
84944
84945
84948
84949
84949
84949
84950
84951
84952
84952
84953
84953
84954
84955
84956
84957
84958
84959
84960
84960
84960
84961
84963
84964
84966
84966
84966
84968
84968
84969
84971
84976
84978
84979
84980
84980
84983
84984
84984
84986
84987
84990
84991
84992
84993
84994
84995
84995
84997
84999
85001
85001
85001
85002
85002
85003
85005
85006
85006
85007
85007
85008
85008
85009
85010
85011
85014
85015
85016
85016
85020
85021
85023
85024
85025
85026
85029
85029
85030
85032
85035
85036
85039
85040
85041
85044
85046
85046
85046
85050
85050
85051
85051
85053
85053
85053
85055
85056
85056
85057
85057
85057
85058
85058
85058
85058
85059
85059
85059
85059
85061
85062
85063
85063
85066
85068
85070
85070
85074
85074
85075
85075
85078
85079
85082
85084
85086
85087
85088
85088
85089
85089
85090
85092
85092
85093
85096
85096
85097
85097
85098
85098
85098
85098
85098
85100
85100
85101
85102
85103
85106
85106
85110
85110
85112
85112
85113
85113
85115
85116
85116
85117
85118
85121
85121
85121
85123
85124
85124
85125
85125
85125
85126
85128
85128
85129
85130
85132
85133
85133
85134
85137
85139
85139
85140
85141
85144
85144
85145
85146
85147
85148
85148
85149
85152
85152
85153
85153
85154
85157
85157
85158
85158
85159
85159
85161
85161
85163
85163
85164
85164
85164
85167
85169
85169
85170
85172
85173
85173
85175
85176
85176
85178
85180
85183
85183
85184
85184
85187
85189
85189
85191
85191
85191
85191
85194
85198
85199
85200
85201
85202
85202
85206
85206
85206
85206
85207
85209
85210
85211
85212
85212
85212
85213
85215
85216
85219
85222
85224
85225
85226
85226
85227
85228
85229
85230
85233
85235
85236
85237
85241
85242
85242
85245
85246
85252
85256
85256
85257
85259
85259
85260
85260
85260
85261
85261
85261
85262
85263
85263
85268
85270
85272
85273
85273
85277
85279
85281
85281
85282
85282
85283
85283
85284
85286
85286
85287
85288
85288
85289
85290
85291
85292
85292
85293
85293
85293
85294
85296
85296
85296
85297
85299
85299
85299
85300
85300
85300
85300
85301
85305
85305
85305
85306
85308
85308
85308
85309
85310
85315
85318
85320
85320
85320
85320
85322
85322
85323
85327
85329
85330
85330
85331
85332
85332
85332
85333
85335
85339
85340
85341
85343
85343
85346
85346
85347
85348
85349
85350
85351
85353
85353
85354
85355
85356
85357
85357
85358
85359
85362
85362
85363
85363
85363
85365
85366
85366
85367
85369
85373
85375
85376
85376
85377
85378
85378
85382
85383
85387
85387
85388
85390
85390
85390
85390
85391
85391
85391
85392
85393
85393
85393
85393
85393
85396
85399
85399
85400
85401
85401
85402
85403
85403
85404
85405
85409
85410
85411
85411
85414
85415
85416
85416
85416
85416
85417
85417
85419
85419
85420
85422
85424
85424
85425
85425
85425
85428
85429
85432
85434
85435
85436
85436
85436
85437
85437
85438
85440
85440
85440
85441
85442
85442
85444
85444
85444
85447
85449
85450
85450
85452
85452
85452
85453
85454
85455
85458
85458
85458
85459
85459
85459
85460
85461
85462
85462
85463
85464
85470
85471
85472
85472
85473
85475
85477
85477
85478
85480
85480
85482
85483
85483
85484
85484
85486
85487
85487
85489
85490
85490
85490
85491
85492
85493
85493
85494
85496
85496
85496
85496
85498
85499
85500
85500
85501
85501
85503
85504
85504
85505
85505
85506
85507
85507
85508
85508
85511
85512
85512
85513
85514
85516
85517
85519
85519
85520
85521
85523
85523
85524
85525
85527
85527
85527
85527
85527
85528
85529
85529
85529
85530
85532
85533
85533
85533
85534
85537
85538
85539
85540
85544
85545
85546
85547
85547
85549
85551
85552
85553
85553
85558
85559
85560
85561
85561
85564
85571
85572
85573
85574
85574
85575
85575
85575
85575
85578
85579
85581
85584
85585
85586
85586
85587
85591
85592
85592
85595
85596
85596
85596
85597
85597
85597
85597
85599
85600
85601
85603
85604
85606
85608
85608
85608
85608
85611
85611
85613
85613
85614
85615
85615
85615
85615
85615
85618
85620
85620
85622
85622
85622
85624
85625
85625
85626
85626
85626
85626
85626
85630
85630
85633
85634
85634
85635
85636
85637
85638
85638
85641
85642
85643
85645
85646
85646
85647
85647
85649
85651
85652
85653
85653
85654
85654
85654
85655
85657
85657
85657
85660
85666
85667
85667
85667
85668
85668
85669
85669
85670
85672
85674
85675
85675
85675
85676
85676
85677
85677
85678
85680
85680
85681
85682
85682
85682
85682
85683
85683
85683
85685
85685
85685
85686
85687
85688
85689
85690
85692
85692
85693
85694
85696
85696
85700
85700
85702
85703
85704
85705
85707
85707
85708
85715
85717
85717
85718
85718
85721
85721
85722
85724
85725
85726
85726
85727
85728
85728
85731
85732
85734
85734
85737
85738
85740
85741
85742
85743
85745
85745
85746
85750
85752
85757
85757
85758
85758
85761
85762
85762
85763
85764
85766
85766
85767
85768
85768
85768
85770
85772
85772
85773
85773
85774
85775
85775
85775
85776
85777
85778
85779
85780
85781
85783
85785
85785
85789
85789
85790
85790
85792
85792
85792
85793
85794
85795
85800
85801
85801
85803
85803
85804
85804
85806
85808
85809
85810
85812
85812
85813
85814
85818
85818
85819
85820
85824
85826
85827
85827
85828
85830
85831
85833
85835
85835
85839
85841
85843
85846
85847
85847
85848
85849
85849
85850
85850
85851
85854
85854
85855
85855
85856
85856
85857
85859
85860
85861
85861
85862
85866
85866
85867
85868
85869
85869
85870
85870
85871
85871
85872
85873
85873
85874
85875
85878
85878
85879
85879
85881
85881
85882
85883
85885
85885
85885
85887
85888
85888
85889
85891
85894
85894
85897
85898
85898
85898
85899
85900
85900
85903
85903
85909
85911
85911
85914
85915
85916
85917
85918
85918
85918
85919
85920
85920
85921
85922
85922
85926
85926
85926
85927
85929
85929
85930
85931
85932
85932
85932
85936
85937
85938
85938
85939
85939
85939
85942
85942
85943
85944
85944
85945
85947
85949
85949
85954
85955
85955
85955
85956
85957
85959
85960
85960
85961
85962
85962
85963
85968
85970
85977
85979
85981
85982
85983
85986
85988
85989
85990
85991
85992
85992
85996
85999
85999
86000
86000
86003
86004
86005
86006
86006
86008
86010
86012
86012
86013
86013
86013
86014
86015
86019
86021
86022
86022
86022
86022
86022
86023
86025
86025
86025
86028
86029
86032
86035
86037
86037
86037
86037
86037
86039
86040
86041
86041
86042
86042
86046
86047
86047
86048
86050
86050
86050
86052
86053
86058
86060
86062
86064
86064
86064
86065
86069
86071
86073
86073
86076
86077
86077
86079
86081
86081
86081
86083
86084
86085
86085
86088
86089
86090
86090
86091
86093
86098
86100
86100
86100
86101
86101
86102
86102
86106
86110
86110
86111
86113
86113
86114
86114
86115
86115
86117
86117
86118
86118
86119
86119
86120
86122
86126
86126
86127
86127
86128
86128
86128
86129
86130
86131
86133
86134
86134
86135
86135
86136
86136
86137
86137
86138
86140
86141
86141
86141
86142
86143
86143
86145
86145
86147
86147
86148
86150
86151
86153
86153
86154
86155
86157
86157
86160
86160
86160
86161
86161
86163
86164
86164
86167
86167
86168
86169
86169
86172
86173
86174
86176
86177
86177
86182
86182
86184
86185
86186
86186
86188
86188
86189
86189
86190
86191
86191
86193
86194
86194
86195
86195
86197
86197
86198
86199
86200
86200
86202
86203
86204
86204
86204
86205
86206
86207
86207
86207
86208
86209
86209
86210
86210
86211
86213
86214
86214
86215
86215
86216
86218
86219
86221
86222
86222
86223
86223
86225
86225
86227
86228
86229
86229
86229
86230
86231
86231
86232
86234
86234
86234
86235
86237
86238
86239
86241
86241
86242
86242
86242
86242
86244
86244
86246
86249
86249
86250
86253
86253
86254
86255
86257
86259
86260
86262
86263
86263
86264
86266
86267
86267
86269
86269
86269
86270
86270
86271
86272
86273
86274
86274
86276
86279
86279
86283
86283
86284
86286
86286
86286
86287
86288
86289
86289
86289
86292
86292
86293
86294
86296
86296
86296
86296
86297
86298
86300
86305
86307
86308
86309
86311
86311
86311
86312
86312
86314
86315
86316
86316
86317
86318
86318
86320
86324
86325
86325
86327
86329
86330
86330
86335
86336
86337
86337
86337
86337
86337
86338
86338
86339
86339
86339
86342
86345
86346
86348
86349
86350
86350
86350
86352
86352
86356
86359
86359
86359
86360
86361
86362
86362
86362
86362
86363
86365
86369
86369
86371
86372
86372
86373
86373
86373
86374
86375
86375
86377
86378
86378
86379
86379
86379
86380
86381
86381
86382
86383
86383
86384
86385
86386
86387
86387
86387
86390
86391
86392
86392
86393
86395
86395
86396
86397
86397
86399
86400
86400
86401
86401
86402
86402
86404
86404
86405
86406
86406
86408
86408
86409
86410
86411
86414
86415
86415
86416
86416
86416
86417
86417
86418
86418
86419
86419
86420
86421
86424
86424
86425
86426
86427
86428
86428
86428
86430
86431
86432
86432
86433
86433
86435
86435
86436
86436
86437
86438
86438
86438
86439
86439
86441
86442
86442
86443
86443
86446
86446
86448
86450
86451
86451
86453
86455
86457
86458
86459
86461
86461
86462
86463
86469
86470
86471
86472
86472
86472
86472
86473
86473
86474
86474
86476
86476
86476
86478
86479
86479
86481
86483
86483
86484
86485
86485
86487
86488
86490
86494
86494
86494
86498
86500
86500
86501
86503
86504
86504
86505
86506
86507
86507
86509
86509
86510
86511
86512
86512
86514
86514
86515
86517
86517
86517
86518
86518
86519
86519
86520
86521
86521
86521
86526
86528
86529
86530
86530
86534
86535
86537
86538
86541
86541
86543
86544
86544
86544
86545
86546
86553
86553
86554
86554
86555
86555
86557
86559
86560
86562
86562
86562
86563
86563
86564
86564
86567
86567
86570
86570
86573
86573
86575
86575
86575
86578
86579
86579
86581
86582
86582
86584
86584
86586
86586
86587
86588
86589
86590
86591
86592
86593
86593
86596
86597
86598
86599
86601
86601
86601
86606
86607
86608
86609
86609
86611
86613
86613
86615
86616
86618
86619
86619
86619
86621
86621
86622
86625
86625
86626
86627
86627
86629
86629
86630
86630
86630
86631
86632
86632
86635
86636
86636
86637
86638
86639
86639
86640
86641
86641
86641
86641
86642
86643
86646
86647
86650
86651
86651
86651
86651
86651
86652
86652
86653
86655
86657
86658
86658
86659
86661
86662
86662
86664
86664
86664
86666
86667
86672
86673
86673
86673
86673
86675
86676
86676
86676
86678
86679
86684
86684
86684
86684
86686
86686
86687
86689
86689
86690
86691
86691
86693
86693
86693
86693
86694
86696
86698
86698
86700
86701
86702
86702
86702
86703
86705
86706
86706
86706
86707
86707
86708
86710
86711
86711
86713
86715
86718
86718
86718
86721
86722
86723
86725
86725
86726
86726
86727
86727
86729
86729
86729
86730
86730
86730
86731
86731
86734
86735
86738
86741
86741
86742
86742
86743
86745
86745
86748
86748
86749
86752
86754
86755
86755
86755
86756
86756
86758
86761
86761
86763
86764
86766
86767
86767
86768
86769
86770
86772
86772
86774
86776
86777
86777
86778
86778
86779
86779
86780
86784
86785
86785
86786
86787
86787
86788
86791
86791
86793
86793
86793
86793
86794
86794
86794
86795
86797
86802
86802
86803
86805
86806
86807
86807
86810
86810
86812
86812
86813
86813
86816
86817
86817
86821
86822
86825
86826
86826
86826
86827
86829
86831
86832
86835
86836
86837
86837
86838
86838
86838
86838
86838
86839
86839
86840
86840
86841
86841
86842
86843
86844
86848
86851
86852
86852
86855
86855
86856
86857
86857
86857
86860
86860
86861
86862
86862
86863
86864
86864
86865
86867
86872
86874
86875
86876
86876
86878
86878
86879
86879
86879
86881
86882
86882
86884
86884
86885
86885
86886
86887
86888
86889
86889
86889
86890
86891
86892
86893
86895
86895
86896
86896
86897
86897
86898
86900
86902
86902
86902
86904
86904
86905
86907
86907
86909
86915
86915
86919
86921
86922
86924
86926
86926
86926
86927
86928
86929
86930
86931
86934
86934
86935
86937
86939
86940
86943
86943
86944
86944
86944
86945
86945
86946
86949
86950
86952
86952
86952
86954
86954
86958
86958
86960
86960
86962
86962
86965
86965
86967
86967
86967
86967
86968
86968
86968
86969
86970
86971
86972
86973
86973
86973
86974
86974
86975
86976
86976
86976
86976
86980
86980
86981
86981
86982
86983
86983
86984
86985
86985
86986
86986
86986
86986
86989
86990
86991
86992
86993
86994
86995
86996
86997
86997
86998
87001
87001
87003
87003
87004
87005
87005
87005
87008
87008
87009
87010
87011
87013
87013
87013
87015
87015
87017
87018
87021
87021
87021
87021
87022
87022
87023
87023
87024
87025
87025
87025
87028
87030
87031
87033
87033
87034
87036
87036
87039
87039
87040
87041
87042
87042
87042
87044
87052
87052
87054
87055
87056
87058
87060
87060
87061
87062
87062
87062
87062
87066
87066
87068
87070
87071
87072
87072
87074
87074
87075
87075
87075
87076
87077
87079
87080
87080
87081
87083
87085
87086
87087
87089
87089
87090
87091
87091
87091
87093
87094
87094
87097
87101
87103
87103
87106
87106
87106
87107
87108
87109
87109
87110
87110
87110
87110
87111
87111
87111
87111
87112
87112
87113
87114
87114
87115
87115
87119
87121
87121
87123
87123
87125
87127
87128
87132
87132
87138
87139
87140
87143
87144
87147
87147
87153
87153
87155
87155
87157
87158
87159
87159
87161
87161
87163
87163
87164
87165
87165
87166
87166
87171
87173
87176
87176
87177
87177
87178
87179
87180
87182
87182
87182
87184
87187
87187
87187
87188
87189
87191
87193
87194
87195
87197
87198
87198
87199
87199
87200
87203
87203
87205
87205
87206
87207
87207
87208
87208
87209
87209
87211
87211
87212
87212
87214
87215
87215
87215
87217
87219
87221
87222
87222
87222
87224
87224
87224
87225
87225
87226
87226
87229
87230
87231
87232
87232
87234
87235
87238
87238
87239
87241
87242
87243
87243
87244
87245
87245
87249
87249
87250
87250
87251
87252
87252
87253
87254
87254
87258
87259
87260
87260
87261
87262
87263
87264
87264
87265
87268
87268
87270
87271
87273
87275
87277
87278
87278
87279
87281
87282
87282
87283
87283
87283
87285
87286
87286
87286
87287
87288
87290
87290
87290
87290
87291
87293
87295
87295
87295
87296
87298
87299
87301
87301
87302
87303
87306
87307
87312
87314
87315
87315
87316
87316
87320
87321
87323
87326
87326
87326
87328
87328
87328
87329
87329
87329
87332
87332
87333
87334
87341
87341
87342
87342
87342
87344
87344
87346
87348
87349
87350
87351
87351
87351
87352
87352
87353
87354
87354
87354
87355
87356
87357
87361
87362
87362
87363
87366
87368
87368
87368
87369
87371
87371
87371
87371
87371
87373
87374
87375
87376
87378
87384
87384
87386
87386
87386
87387
87387
87389
87390
87390
87391
87392
87392
87393
87394
87396
87397
87398
87398
87400
87400
87400
87401
87402
87403
87406
87407
87409
87411
87412
87412
87412
87414
87414
87416
87418
87418
87419
87419
87420
87423
87424
87424
87426
87427
87428
87429
87429
87441
87441
87441
87442
87442
87443
87446
87448
87448
87449
87449
87449
87450
87450
87453
87454
87455
87456
87457
87457
87458
87460
87461
87462
87462
87462
87463
87464
87465
87465
87465
87466
87466
87466
87467
87468
87469
87469
87469
87470
87471
87472
87473
87475
87475
87475
87476
87479
87480
87480
87480
87483
87484
87484
87485
87486
87486
87486
87487
87490
87491
87492
87493
87493
87493
87494
87494
87499
87501
87501
87503
87504
87504
87504
87505
87510
87510
87511
87514
87515
87515
87517
87517
87517
87518
87524
87525
87526
87526
87526
87527
87527
87527
87528
87528
87529
87529
87532
87536
87537
87539
87539
87540
87541
87542
87542
87542
87543
87544
87544
87544
87544
87548
87549
87551
87553
87555
87555
87557
87559
87559
87559
87560
87560
87561
87562
87563
87564
87566
87566
87567
87570
87570
87571
87572
87572
87572
87572
87573
87573
87574
87574
87577
87577
87578
87580
87580
87582
87582
87582
87583
87586
87586
87590
87590
87593
87596
87596
87598
87600
87600
87602
87602
87602
87603
87603
87604
87604
87606
87606
87608
87611
87612
87613
87614
87614
87616
87616
87616
87616
87616
87618
87619
87620
87620
87620
87620
87621
87621
87621
87622
87625
87627
87628
87628
87629
87631
87631
87632
87632
87633
87633
87633
87634
87635
87636
87636
87637
87637
87638
87638
87638
87640
87641
87642
87643
87645
87645
87645
87646
87646
87647
87647
87647
87648
87648
87648
87650
87651
87651
87652
87655
87655
87656
87656
87656
87657
87658
87659
87661
87663
87663
87664
87664
87664
87665
87665
87666
87668
87669
87669
87669
87670
87670
87671
87672
87674
87675
87676
87677
87678
87679
87680
87681
87681
87684
87684
87684
87685
87687
87689
87690
87691
87691
87692
87692
87696
87698
87699
87699
87699
87700
87701
87702
87703
87703
87706
87709
87709
87709
87712
87712
87715
87716
87716
87721
87722
87724
87725
87726
87726
87727
87727
87728
87729
87733
87734
87734
87735
87735
87736
87737
87737
87738
87743
87744
87745
87745
87746
87748
87748
87748
87751
87753
87753
87754
87755
87758
87761
87763
87765
87765
87765
87767
87768
87770
87771
87771
87771
87773
87773
87774
87775
87775
87778
87780
87780
87788
87788
87789
87789
87790
87790
87791
87792
87792
87798
87799
87800
87801
87802
87803
87804
87805
87805
87807
87807
87809
87809
87809
87810
87810
87810
87811
87811
87811
87812
87812
87812
87814
87816
87816
87817
87818
87819
87819
87820
87821
87822
87822
87822
87823
87825
87826
87827
87829
87830
87830
87831
87833
87835
87835
87837
87839
87839
87841
87841
87842
87842
87842
87843
87844
87844
87847
87849
87851
87851
87851
87853
87855
87855
87857
87858
87859
87862
87862
87865
87866
87867
87867
87867
87867
87871
87872
87873
87873
87873
87874
87874
87874
87878
87878
87879
87879
87879
87881
87881
87882
87885
87885
87886
87886
87891
87891
87893
87895
87897
87899
87900
87901
87903
87903
87905
87907
87907
87908
87908
87913
87915
87915
87917
87918
87918
87918
87919
87921
87924
87924
87925
87928
87928
87929
87929
87930
87931
87931
87932
87934
87934
87935
87936
87936
87937
87937
87939
87940
87946
87947
87948
87949
87950
87950
87951
87951
87951
87952
87953
87955
87956
87957
87957
87959
87959
87960
87961
87961
87962
87962
87963
87965
87965
87965
87966
87966
87967
87967
87969
87970
87971
87971
87972
87972
87973
87974
87975
87977
87977
87978
87979
87979
87983
87983
87983
87983
87984
87984
87985
87987
87987
87988
87988
87989
87990
87991
87992
87992
87993
87993
87994
87994
87994
87997
87998
87998
88000
88000
88001
88002
88002
88005
88006
88007
88007
88008
88012
88013
88013
88014
88014
88015
88015
88015
88016
88016
88017
88017
88017
88018
88020
88020
88023
88024
88025
88026
88026
88026
88026
88026
88027
88027
88027
88028
88029
88031
88032
88033
88036
88037
88038
88038
88041
88041
88043
88044
88045
88045
88048
88048
88051
88052
88054
88054
88055
88056
88062
88063
88064
88064
88065
88065
88065
88066
88069
88069
88069
88070
88071
88071
88071
88072
88073
88075
88075
88075
88077
88077
88078
88078
88079
88079
88082
88083
88083
88084
88084
88085
88085
88086
88086
88087
88087
88088
88088
88089
88089
88092
88095
88096
88098
88098
88101
88105
88105
88106
88107
88107
88107
88108
88108
88112
88114
88116
88116
88116
88117
88118
88119
88119
88119
88120
88120
88121
88122
88122
88124
88126
88126
88126
88127
88129
88131
88131
88132
88133
88133
88136
88137
88137
88139
88139
88139
88140
88141
88145
88149
88149
88150
88150
88151
88151
88155
88156
88156
88156
88158
88158
88158
88159
88160
88160
88161
88161
88163
88163
88164
88164
88166
88166
88168
88170
88170
88172
88172
88173
88173
88173
88173
88174
88174
88174
88176
88176
88178
88179
88180
88180
88181
88181
88181
88182
88185
88185
88187
88188
88189
88191
88191
88192
88192
88192
88196
88196
88196
88197
88197
88198
88199
88199
88200
88200
88201
88202
88202
88204
88204
88205
88209
88209
88211
88214
88215
88215
88216
88220
88221
88222
88222
88223
88224
88225
88227
88227
88227
88228
88229
88229
88229
88230
88232
88232
88232
88233
88235
88236
88237
88238
88238
88240
88240
88240
88241
88242
88243
88244
88244
88244
88245
88245
88245
88246
88247
88249
88256
88256
88256
88257
88258
88258
88260
88263
88263
88263
88266
88270
88270
88270
88270
88270
88271
88272
88272
88276
88277
88278
88279
88281
88282
88282
88282
88283
88284
88284
88285
88285
88287
88287
88288
88288
88289
88289
88290
88290
88291
88294
88294
88296
88297
88300
88300
88301
88303
88307
88310
88310
88311
88312
88313
88314
88315
88315
88317
88317
88317
88318
88318
88320
88322
88323
88323
88323
88325
88327
88327
88328
88329
88329
88331
88333
88334
88334
88334
88335
88335
88335
88335
88336
88337
88338
88338
88339
88339
88342
88344
88345
88346
88346
88346
88349
88349
88351
88353
88354
88354
88355
88355
88355
88355
88358
88359
88359
88361
88361
88361
88364
88365
88366
88367
88368
88368
88368
88370
88370
88371
88372
88373
88374
88374
88375
88377
88379
88381
88382
88382
88382
88383
88383
88386
88387
88387
88388
88388
88391
88391
88392
88393
88393
88394
88395
88395
88398
88399
88401
88402
88404
88404
88406
88407
88409
88410
88411
88412
88412
88413
88416
88417
88418
88419
88420
88420
88421
88421
88422
88425
88426
88428
88435
88436
88436
88437
88437
88437
88437
88438
88440
88440
88443
88445
88448
88449
88449
88450
88451
88452
88453
88453
88454
88456
88457
88458
88459
88460
88461
88461
88462
88463
88464
88464
88466
88466
88467
88467
88469
88470
88470
88471
88473
88473
88475
88476
88476
88477
88479
88482
88482
88484
88485
88485
88488
88488
88489
88490
88492
88493
88493
88494
88494
88496
88498
88499
88500
88500
88501
88502
88503
88504
88506
88507
88508
88510
88510
88511
88513
88515
88517
88517
88518
88518
88519
88526
88526
88527
88527
88527
88529
88531
88532
88534
88534
88536
88538
88539
88539
88539
88540
88542
88543
88544
88546
88546
88546
88546
88547
88547
88548
88548
88548
88548
88549
88551
88551
88556
88559
88559
88559
88560
88560
88562
88564
88565
88567
88567
88567
88569
88570
88570
88570
88571
88572
88572
88572
88572
88574
88574
88576
88576
88577
88577
88582
88583
88583
88584
88584
88586
88589
88590
88590
88590
88592
88592
88596
88596
88596
88598
88600
88600
88600
88601
88602
88603
88604
88605
88605
88605
88606
88608
88609
88609
88610
88611
88613
88618
88618
88620
88620
88620
88620
88622
88622
88625
88625
88625
88629
88629
88630
88633
88633
88634
88635
88636
88636
88636
88637
88638
88639
88640
88641
88642
88645
88648
88648
88649
88655
88656
88658
88660
88660
88660
88660
88663
88663
88663
88664
88664
88666
88668
88668
88668
88669
88670
88670
88672
88672
88672
88675
88675
88675
88677
88677
88678
88680
88680
88681
88683
88684
88687
88687
88689
88691
88692
88694
88696
88696
88698
88698
88700
88700
88703
88704
88704
88705
88705
88707
88708
88708
88709
88709
88712
88712
88713
88715
88716
88716
88716
88719
88721
88722
88723
88724
88724
88724
88724
88725
88726
88727
88728
88728
88730
88731
88734
88734
88737
88737
88739
88739
88740
88742
88742
88744
88744
88745
88746
88747
88747
88748
88749
88750
88750
88750
88751
88751
88752
88754
88754
88757
88758
88761
88761
88762
88766
88766
88767
88769
88769
88769
88772
88772
88772
88773
88775
88776
88779
88780
88783
88783
88783
88784
88784
88785
88786
88787
88787
88787
88788
88789
88789
88791
88791
88791
88798
88798
88800
88800
88800
88801
88803
88804
88805
88805
88806
88808
88808
88808
88809
88809
88810
88810
88811
88812
88813
88815
88817
88818
88818
88819
88822
88824
88824
88825
88825
88827
88829
88829
88829
88831
88831
88832
88833
88834
88834
88838
88839
88839
88842
88842
88843
88843
88844
88845
88845
88845
88846
88849
88849
88850
88852
88852
88853
88854
88854
88855
88855
88856
88856
88857
88858
88859
88860
88860
88860
88862
88862
88863
88863
88865
88865
88866
88866
88869
88870
88870
88871
88871
88872
88875
88875
88875
88876
88876
88878
88881
88884
88884
88884
88885
88886
88888
88889
88890
88891
88892
88896
88896
88897
88897
88898
88898
88898
88900
88901
88901
88902
88903
88903
88903
88904
88904
88904
88907
88908
88909
88909
88911
88912
88914
88916
88916
88916
88917
88918
88918
88919
88920
88920
88921
88921
88921
88921
88922
88923
88925
88926
88929
88929
88929
88932
88933
88934
88937
88937
88937
88938
88938
88943
88943
88944
88944
88946
88947
88949
88949
88950
88951
88952
88952
88953
88953
88954
88954
88955
88955
88955
88955
88957
88957
88962
88964
88967
88968
88968
88970
88970
88973
88974
88974
88976
88976
88976
88977
88977
88978
88980
88980
88981
88981
88982
88985
88986
88986
88988
88988
88988
88989
88989
88991
88991
88992
88994
88994
88995
88996
88997
88997
88998
89005
89005
89006
89008
89008
89012
89012
89012
89012
89012
89013
89014
89014
89017
89018
89019
89020
89021
89021
89022
89022
89025
89025
89025
89026
89026
89028
89029
89030
89030
89030
89030
89032
89032
89035
89036
89037
89037
89039
89039
89040
89040
89043
89045
89046
89047
89048
89050
89050
89051
89051
89052
89053
89054
89055
89055
89058
89058
89061
89063
89065
89069
89070
89071
89072
89073
89073
89075
89075
89075
89077
89079
89079
89082
89085
89086
89086
89090
89091
89092
89092
89093
89094
89095
89098
89099
89100
89104
89105
89106
89106
89106
89106
89109
89110
89111
89112
89113
89114
89116
89118
89118
89119
89120
89120
89121
89122
89122
89122
89124
89126
89126
89126
89127
89128
89132
89133
89134
89134
89135
89135
89142
89143
89144
89146
89148
89150
89151
89154
89154
89158
89158
89160
89162
89162
89164
89164
89165
89165
89166
89167
89167
89168
89169
89171
89171
89172
89172
89176
89176
89177
89177
89178
89178
89180
89180
89181
89182
89182
89183
89183
89187
89189
89190
89190
89192
89192
89194
89195
89196
89197
89197
89199
89199
89199
89199
89200
89201
89201
89203
89203
89203
89204
89206
89206
89206
89207
89208
89209
89210
89213
89213
89213
89214
89214
89214
89216
89216
89216
89219
89221
89221
89222
89223
89223
89224
89225
89225
89226
89226
89227
89228
89228
89228
89229
89230
89233
89234
89235
89237
89238
89239
89240
89240
89241
89241
89241
89244
89244
89246
89247
89248
89248
89249
89249
89251
89251
89255
89258
89259
89260
89261
89261
89261
89262
89262
89262
89262
89263
89263
89264
89264
89266
89267
89268
89269
89270
89271
89271
89272
89273
89273
89274
89275
89276
89277
89277
89277
89277
89279
89279
89281
89283
89283
89283
89284
89286
89288
89288
89291
89291
89292
89292
89293
89295
89298
89299
89299
89299
89300
89302
89304
89306
89310
89311
89311
89313
89313
89314
89314
89315
89316
89316
89318
89324
89324
89325
89327
89327
89328
89330
89331
89331
89332
89334
89335
89336
89336
89337
89337
89338
89340
89340
89343
89345
89346
89346
89348
89348
89350
89350
89351
89351
89353
89356
89357
89359
89361
89362
89363
89364
89365
89365
89367
89367
89368
89368
89370
89370
89370
89371
89371
89372
89373
89373
89374
89376
89378
89378
89385
89387
89387
89387
89387
89388
89391
89392
89392
89392
89393
89394
89395
89395
89395
89396
89397
89397
89399
89400
89400
89401
89406
89410
89411
89412
89414
89414
89415
89415
89415
89417
89417
89417
89418
89418
89419
89421
89422
89423
89423
89424
89424
89425
89427
89428
89428
89429
89430
89430
89431
89431
89432
89432
89434
89436
89437
89438
89438
89438
89441
89441
89441
89442
89442
89445
89446
89447
89450
89452
89452
89453
89462
89462
89464
89467
89468
89468
89472
89472
89473
89474
89476
89477
89477
89477
89478
89481
89481
89483
89483
89484
89486
89488
89488
89489
89490
89490
89491
89492
89493
89494
89495
89497
89497
89500
89501
89501
89503
89503
89503
89503
89503
89503
89504
89504
89505
89505
89506
89507
89507
89508
89511
89512
89512
89513
89513
89514
89515
89515
89516
89516
89517
89518
89519
89520
89520
89523
89525
89527
89528
89529
89529
89529
89530
89533
89535
89536
89536
89537
89541
89541
89541
89542
89543
89544
89544
89545
89546
89547
89548
89548
89549
89549
89550
89550
89551
89555
89555
89555
89556
89557
89557
89559
89559
89559
89561
89562
89562
89563
89564
89564
89566
89567
89567
89568
89568
89569
89569
89570
89570
89571
89571
89572
89573
89574
89574
89577
89578
89578
89578
89578
89580
89581
89581
89581
89583
89584
89585
89585
89588
89590
89592
89592
89593
89594
89599
89599
89600
89600
89601
89601
89601
89603
89603
89604
89608
89608
89608
89610
89610
89611
89613
89614
89615
89617
89617
89618
89619
89620
89620
89622
89623
89623
89624
89624
89627
89629
89630
89630
89631
89631
89633
89634
89635
89636
89637
89639
89640
89640
89640
89641
89643
89644
89645
89645
89645
89646
89647
89650
89651
89651
89653
89654
89656
89658
89659
89662
89662
89664
89664
89664
89665
89665
89665
89666
89667
89667
89667
89669
89670
89672
89673
89674
89674
89677
89679
89679
89679
89681
89683
89683
89684
89686
89687
89687
89687
89689
89689
89690
89693
89694
89694
89694
89695
89696
89698
89698
89698
89702
89702
89702
89703
89703
89703
89706
89709
89710
89710
89710
89713
89713
89713
89714
89714
89717
89718
89719
89719
89722
89722
89723
89724
89725
89726
89727
89727
89727
89728
89730
89731
89732
89737
89738
89739
89741
89743
89743
89743
89744
89744
89744
89745
89745
89746
89746
89747
89747
89749
89749
89750
89750
89750
89751
89752
89755
89759
89759
89760
89763
89765
89766
89766
89767
89769
89769
89770
89770
89770
89770
89771
89772
89773
89775
89777
89778
89779
89780
89780
89780
89782
89784
89784
89785
89787
89788
89789
89791
89792
89793
89793
89794
89797
89798
89798
89803
89804
89806
89806
89807
89809
89813
89814
89816
89816
89817
89817
89819
89819
89820
89821
89822
89823
89825
89825
89829
89829
89829
89832
89833
89833
89833
89837
89839
89840
89840
89840
89841
89841
89842
89842
89843
89843
89844
89844
89846
89847
89850
89853
89855
89856
89857
89857
89858
89859
89862
89863
89863
89864
89867
89867
89869
89871
89871
89873
89873
89873
89877
89877
89877
89877
89878
89878
89878
89878
89879
89880
89882
89882
89883
89884
89884
89886
89887
89888
89888
89889
89890
89891
89891
89892
89897
89898
89899
89900
89901
89902
89902
89903
89903
89903
89904
89906
89908
89908
89910
89912
89913
89914
89914
89914
89914
89915
89916
89916
89916
89918
89919
89920
89922
89922
89923
89924
89925
89927
89927
89927
89928
89928
89929
89931
89931
89933
89934
89934
89935
89935
89936
89937
89937
89939
89939
89940
89942
89942
89942
89945
89945
89945
89945
89946
89946
89947
89948
89949
89951
89951
89951
89952
89953
89954
89954
89954
89955
89955
89957
89960
89963
89963
89965
89966
89969
89970
89970
89972
89972
89972
89973
89974
89974
89974
89975
89978
89978
89978
89978
89979
89980
89980
89980
89981
89982
89984
89985
89991
89992
89992
89992
89993
89993
89994
89996
89997
89997
89997
89999
90000
90000
90001
90001
90002
90005
90005
90006
90006
90007
90008
90009
90010
90011
90012
90013
90014
90016
90017
90020
90020
90021
90021
90021
90023
90026
90026
90026
90027
90029
90030
90032
90033
90033
90034
90034
90036
90037
90038
90039
90040
90040
90040
90041
90042
90042
90043
90044
90044
90044
90045
90046
90047
90047
90047
90048
90048
90049
90050
90050
90050
90050
90051
90051
90052
90053
90054
90061
90061
90061
90062
90065
90066
90067
