69846
69846
69848
69849
69849
69851
69854
69855
69859
69859
69860
69861
69861
69861
69863
69865
69867
69868
69869
69869
69869
69869
69870
69870
69878
69880
69880
69882
69883
69884
69884
69884
69885
69887
69888
69888
69889
69890
69890
69893
69896
69899
69901
69901
69901
69902
69903
69905
69905
69905
69909
69909
69909
69910
69910
69910
69911
69911
69914
69914
69916
69917
69917
69917
69919
69921
69923
69924
69926
69926
69926
69927
69927
69928
69929
69931
69931
69933
69933
69933
69933
69934
69934
69939
69941
69941
69943
69944
69944
69946
69948
69949
69950
69950
69952
69953
69953
69954
69955
69956
69957
69958
69958
69959
69959
69959
69960
69960
69961
69961
69964
69964
69964
69965
69966
69967
69967
69967
69973
69975
69975
69976
69977
69980
69981
69981
69981
69983
69984
69985
69986
69987
69987
69987
69989
69991
69992
69993
69993
69994
69995
69996
69997
69999
69999
70000
70000
70001
70001
70001
70005
70006
70007
70010
70011
70011
70015
70016
70022
70023
70025
70026
70026
70027
70028
70029
70032
70032
70032
70032
70034
70034
70037
70038
70038
70039
70039
70040
70042
70043
70047
70047
70048
70049
70050
70050
70051
70052
70053
70055
70055
70061
70062
70063
70064
70064
70065
70066
70066
70068
70069
70069
70070
70070
70070
70070
70071
70071
70071
70072
70072
70072
70073
70080
70082
70082
70082
70082
70083
70083
70084
70086
70086
70086
70086
70086
70087
70089
70092
70095
70096
70097
70097
70097
70099
70099
70100
70100
70100
70100
70105
70106
70109
70109
70109
70109
70109
70109
70110
70110
70111
70112
70113
70116
70116
70118
70118
70123
70124
70125
70125
70125
70127
70129
70132
70132
70133
70133
70133
70138
70138
70139
70140
70140
70143
70143
70144
70148
70148
70152
70152
70153
70155
70155
70156
70157
70158
70161
70161
70162
70165
70165
70166
70170
70170
70175
70175
70176
70176
70177
70178
70178
70179
70179
70179
70181
70182
70182
70182
70183
70185
70185
70188
70190
70190
70190
70191
70192
70193
70196
70196
70198
70198
70199
70200
70201
70203
70205
70207
70207
70207
70207
70207
70209
70210
70210
70210
70211
70211
70214
70214
70214
70217
70218
70218
70218
70219
70219
70219
70222
70224
70224
70224
70227
70228
70228
70233
70233
70233
70234
70235
70235
70237
70237
70237
70238
70239
70240
70242
70244
70244
70245
70245
70247
70247
70249
70250
70252
70253
70254
70254
70255
70256
70256
70256
70260
70261
70263
70263
70265
70265
70267
70272
70278
70278
70279
70281
70283
70284
70284
70286
70287
70287
70288
70290
70290
70292
70292
70292
70295
70295
70295
70296
70296
70297
70298
70299
70301
70304
70306
70307
70309
70309
70309
70310
70310
70311
70312
70313
70313
70315
70315
70315
70320
70320
70321
70323
70325
70325
70326
70326
70329
70330
70330
70331
70333
70333
70335
70336
70339
70339
70339
70343
70344
70344
70344
70345
70347
70347
70347
70349
70349
70350
70350
70351
70352
70353
70353
70354
70357
70357
70358
70360
70361
70365
70366
70367
70367
70369
70370
70372
70372
70372
70372
70373
70373
70373
70373
70374
70375
70375
70375
70377
70377
70378
70382
70382
70382
70382
70382
70382
70383
70385
70385
70387
70388
70389
70389
70389
70390
70391
70392
70392
70392
70394
70394
70396
70396
70397
70397
70399
70400
70403
70403
70403
70405
70406
70407
70408
70410
70410
70413
70413
70415
70415
70418
70419
70420
70420
70421
70425
70425
70427
70428
70431
70432
70433
70433
70434
70435
70436
70437
70440
70441
70442
70444
70444
70446
70446
70447
70450
70451
70451
70452
70452
70454
70454
70454
70455
70455
70456
70457
70457
70459
70459
70460
70461
70462
70462
70462
70462
70464
70465
70465
70465
70467
70468
70472
70473
70473
70475
70475
70475
70476
70477
70477
70479
70479
70479
70479
70482
70483
70487
70488
70489
70489
70490
70491
70493
70494
70495
70496
70496
70497
70498
70498
70499
70499
70501
70501
70502
70503
70503
70504
70506
70512
70513
70514
70514
70515
70517
70518
70518
70519
70520
70521
70521
70522
70523
70524
70524
70525
70527
70528
70528
70528
70529
70529
70530
70532
70534
70534
70534
70535
70537
70537
70539
70540
70541
70541
70542
70542
70544
70549
70551
70551
70551
70552
70552
70553
70553
70554
70556
70562
70562
70564
70565
70567
70567
70569
70570
70570
70571
70573
70575
70575
70576
70576
70578
70578
70578
70578
70579
70580
70581
70581
70581
70584
70585
70587
70588
70588
70588
70590
70592
70592
70594
70596
70597
70597
70598
70598
70599
70600
70602
70602
70604
70605
70606
70607
70610
70610
70613
70614
70616
70617
70619
70620
70621
70621
70623
70623
70626
70626
70626
70627
70629
70629
70630
70631
70632
70634
70634
70634
70634
70635
70635
70636
70636
70637
70638
70640
70640
70641
70643
70643
70643
70645
70646
70646
70646
70646
70646
70649
70649
70649
70649
70649
70649
70653
70655
70657
70658
70659
70660
70662
70662
70663
70665
70666
70666
70667
70667
70668
70669
70669
70670
70670
70671
70672
70672
70674
70676
70676
70677
70677
70677
70678
70680
70681
70681
70682
70684
70685
70685
70685
70686
70687
70687
70688
70688
70688
70690
70691
70691
70693
70694
70695
70696
70696
70696
70697
70697
70697
70699
70699
70701
70701
70704
70707
70707
70707
70710
70712
70714
70714
70714
70714
70714
70715
70716
70718
70718
70718
70718
70719
70719
70723
70724
70725
70725
70729
70729
70730
70730
70731
70732
70734
70735
70737
70739
70739
70741
70744
70745
70746
70749
70749
70750
70751
70752
70752
70752
70752
70753
70753
70754
70756
70757
70757
70763
70764
70764
70764
70766
70767
70767
70770
70771
70774
70774
70775
70775
70776
70777
70778
70778
70778
70779
70780
70784
70785
70785
70786
70787
70788
70788
70789
70791
70791
70792
70792
70793
70796
70798
70799
70800
70800
70801
70806
70810
70811
70814
70814
70816
70816
70817
70817
70818
70818
70821
70821
70822
70822
70822
70822
70823
70823
70824
70824
70826
70831
70831
70831
70831
70831
70831
70831
70832
70832
70836
70837
70838
70838
70839
70839
70840
70840
70840
70842
70842
70843
70843
70844
70845
70846
70846
70846
70846
70849
70850
70851
70852
70852
70852
70853
70853
70853
70856
70856
70857
70858
70859
70860
70862
70863
70864
70866
70872
70872
70874
70875
70875
70876
70877
70881
70884
70884
70886
70887
70888
70890
70891
70892
70892
70892
70893
70894
70895
70895
70901
70903
70904
70904
70906
70908
70911
70911
70912
70912
70914
70915
70915
70915
70917
70917
70917
70918
70919
70923
70924
70924
70925
70925
70926
70927
70927
70930
70930
70932
70932
70933
70933
70934
70934
70935
70937
70939
70939
70940
70941
70941
70941
70942
70943
70944
70944
70947
70947
70949
70949
70951
70952
70954
70954
70955
70957
70957
70959
70961
70963
70964
70964
70965
70965
70965
70966
70968
70969
70969
70970
70971
70972
70973
70974
70975
70976
70977
70977
70977
70978
70978
70978
70979
70980
70980
70983
70985
70988
70989
70990
70993
70993
70994
70996
70998
70998
70998
70999
70999
71000
71001
71003
71003
71003
71004
71005
71005
71005
71009
71009
71010
71013
71013
71013
71015
71016
71016
71017
71018
71019
71021
71021
71022
71023
71023
71023
71023
71024
71024
71024
71025
71025
71026
71028
71029
71031
71031
71031
71032
71032
71035
71035
71038
71040
71042
71043
71044
71046
71047
71047
71048
71049
71049
71050
71051
71051
71054
71054
71055
71055
71055
71056
71057
71058
71059
71059
71061
71062
71062
71064
71065
71065
71065
71066
71067
71067
71067
71069
71072
71073
71074
71076
71077
71077
71077
71077
71081
71083
71086
71088
71089
71090
71090
71091
71092
71092
71093
71094
71095
71095
71100
71102
71103
71104
71105
71105
71105
71109
71109
71109
71110
71112
71113
71113
71115
71115
71117
71118
71121
71122
71123
71124
71124
71125
71125
71131
71132
71134
71134
71136
71136
71137
71138
71138
71140
71140
71142
71142
71143
71145
71146
71147
71148
71150
71151
71152
71152
71153
71156
71158
71159
71159
71160
71160
71161
71161
71162
71163
71164
71166
71168
71168
71169
71171
71171
71171
71173
71175
71175
71175
71176
71178
71179
71180
71181
71182
71184
71186
71187
71189
71191
71191
71192
71193
71199
71202
71203
71204
71205
71205
71205
71206
71206
71207
71212
71214
71215
71216
71219
71220
71222
71223
71225
71225
71226
71227
71227
71227
71229
71231
71231
71233
71235
71236
71238
71238
71239
71240
71240
71241
71242
71243
71246
71246
71247
71248
71248
71248
71249
71250
71251
71251
71251
71252
71252
71252
71253
71255
71255
71256
71256
71256
71259
71259
71259
71260
71260
71261
71261
71262
71263
71263
71266
71266
71267
71267
71268
71270
71272
71277
71278
71280
71280
71281
71282
71285
71285
71285
71286
71286
71286
71289
71289
71290
71290
71290
71291
71291
71291
71291
71292
71293
71294
71296
71299
71300
71303
71303
71303
71303
71304
71305
71305
71307
71307
71311
71312
71315
71316
71318
71318
71318
71319
71321
71321
71321
71325
71327
71331
71331
71333
71334
71335
71335
71337
71337
71342
71342
71344
71344
71345
71345
71346
71346
71346
71347
71347
71349
71350
71350
71350
71351
71352
71353
71353
71354
71355
71355
71358
71359
71360
71360
71361
71363
71363
71364
71364
71364
71369
71371
71372
71373
71373
71373
71374
71377
71377
71379
71381
71382
71384
71385
71386
71386
71386
71387
71388
71390
71391
71392
71392
71392
71392
71393
71395
71395
71395
71396
71397
71397
71398
71399
71399
71400
71401
71401
71401
71402
71402
71403
71404
71405
71405
71405
71407
71408
71411
71411
71412
71412
71413
71414
71414
71414
71416
71417
71417
71417
71418
71420
71420
71422
71422
71423
71424
71424
71426
71426
71427
71427
71428
71429
71431
71431
71431
71431
71432
71433
71433
71439
71439
71440
71440
71441
71441
71441
71443
71443
71444
71444
71445
71449
71449
71450
71450
71451
71452
71453
71453
71453
71453
71454
71457
71457
71461
71461
71462
71465
71469
71469
71470
71470
71472
71472
71473
71474
71474
71474
71475
71476
71478
71479
71482
71483
71483
71484
71484
71484
71486
71488
71488
71488
71489
71492
71495
71495
71496
71497
71497
71498
71499
71499
71500
71500
71502
71504
71507
71508
71508
71510
71510
71511
71511
71512
71512
71513
71515
71516
71516
71519
71521
71524
71524
71524
71525
71527
71528
71528
71529
71530
71530
71531
71532
71533
71534
71535
71536
71538
71545
71545
71545
71547
71547
71549
71551
71552
71552
71552
71553
71556
71557
71559
71559
71560
71560
71560
71562
71565
71567
71567
71568
71571
71571
71571
71572
71573
71574
71577
71579
71579
71579
71579
71579
71580
71582
71583
71583
71584
71584
71585
71586
71587
71588
71589
71589
71591
71595
71595
71595
71595
71596
71596
71597
71598
71599
71599
71602
71602
71605
71606
71606
71607
71611
71613
71614
71616
71616
71619
71620
71621
71624
71624
71625
71628
71629
71629
71630
71630
71630
71632
71633
71634
71635
71635
71636
71636
71637
71637
71638
71640
71640
71642
71642
71643
71644
71644
71645
71646
71648
71650
71650
71650
71652
71653
71653
71653
71654
71654
71655
71656
71656
71657
71659
71659
71661
71662
71662
71663
71664
71666
71667
71669
71671
71672
71672
71673
71673
71675
71676
71678
71678
71678
71679
71679
71680
71681
71681
71681
71682
71683
71684
71686
71687
71688
71689
71689
71689
71693
71693
71694
71696
71700
71701
71701
71702
71703
71703
71704
71705
71707
71708
71709
71709
71710
71719
71719
71722
71722
71723
71724
71724
71724
71725
71727
71727
71727
71729
71731
71732
71732
71733
71733
71735
71737
71740
71740
71741
71742
71742
71743
71743
71744
71745
71746
71747
71749
71750
71750
71751
71752
71754
71756
71756
71756
71757
71757
71758
71759
71760
71761
71761
71762
71765
71767
71768
71769
71769
71769
71770
71771
71771
71771
71774
71777
71778
71779
71779
71780
71781
71781
71782
71782
71783
71784
71784
71786
71787
71787
71789
71790
71791
71792
71792
71794
71794
71795
71795
71795
71796
71796
71796
71798
71798
71799
71799
71800
71802
71805
71807
71808
71812
71813
71815
71815
71815
71815
71816
71817
71817
71818
71819
71820
71822
71823
71824
71824
71824
71825
71826
71826
71826
71827
71828
71829
71831
71831
71831
71833
71833
71834
71836
71836
71837
71837
71838
71838
71839
71840
71840
71842
71844
71845
71845
71845
71845
71849
71849
71852
71852
71852
71853
71854
71854
71855
71857
71858
71858
71859
71862
71862
71862
71865
71867
71870
71873
71873
71875
71877
71877
71878
71879
71881
71881
71881
71882
71882
71883
71884
71884
71884
71885
71887
71888
71889
71889
71889
71890
71891
71892
71892
71893
71894
71894
71895
71896
71898
71899
71899
71899
71900
71902
71902
71904
71904
71904
71904
71907
71907
71908
71908
71909
71910
71911
71912
71914
71914
71914
71914
71914
71914
71915
71916
71917
71917
71917
71918
71918
71920
71921
71922
71922
71923
71924
71924
71924
71924
71925
71926
71927
71930
71930
71931
71932
71932
71933
71936
71937
71938
71943
71945
71945
71947
71950
71950
71951
71952
71952
71955
71955
71956
71958
71958
71959
71959
71962
71962
71968
71968
71970
71970
71971
71971
71976
71977
71981
71981
71982
71982
71985
71986
71986
71987
71987
71987
71988
71990
71990
71992
71992
71993
71994
71995
71995
71995
71996
71997
71997
71998
72000
72001
72002
72004
72004
72004
72005
72005
72006
72007
72008
72009
72009
72011
72012
72013
72013
72014
72014
72015
72016
72016
72016
72016
72020
72021
72024
72024
72026
72026
72027
72027
72028
72030
72031
72031
72032
72032
72032
72033
72035
72036
72036
72037
72038
72040
72040
72041
72042
72043
72047
72047
72047
72049
72051
72058
72059
72060
72062
72064
72064
72064
72067
72067
72069
72069
72076
72076
72076
72077
72077
72078
72078
72080
72081
72083
72086
72087
72087
72087
72088
72090
72090
72090
72091
72093
72095
72096
72097
72098
72099
72099
72099
72099
72103
72103
72103
72106
72106
72106
72107
72109
72109
72111
72113
72113
72114
72115
72115
72115
72116
72116
72118
72118
72121
72122
72124
72124
72124
72126
72126
72127
72128
72129
72130
72131
72134
72134
72135
72136
72140
72142
72145
72146
72146
72149
72149
72150
72150
72152
72153
72153
72153
72154
72154
72156
72157
72157
72158
72159
72159
72162
72162
72163
72163
72163
72163
72165
72166
72166
72168
72170
72171
72174
72175
72176
72176
72176
72178
72180
72180
72181
72184
72185
72186
72188
72191
72192
72193
72195
72196
72198
72199
72200
72201
72202
72203
72203
72204
72205
72206
72207
72208
72210
72210
72212
72212
72212
72212
72213
72213
72213
72214
72216
72217
72218
72218
72219
72219
72219
72220
72221
72221
72221
72222
72223
72224
72225
72225
72225
72226
72226
72229
72229
72229
72229
72230
72230
72231
72232
72233
72237
72237
72238
72239
72239
72240
72240
72241
72243
72243
72243
72244
72244
72245
72246
72247
72247
72247
72248
72250
72251
72253
72253
72253
72254
72255
72255
72256
72257
72258
72258
72260
72260
72261
72265
72265
72265
72266
72268
72270
72271
72271
72272
72272
72272
72273
72275
72276
72278
72278
72278
72280
72280
72281
72282
72282
72283
72283
72284
72286
72290
72290
72291
72292
72293
72293
72293
72293
72294
72294
72295
72295
72296
72296
72298
72299
72299
72300
72300
72304
72304
72305
72308
72309
72313
72313
72316
72316
72319
72322
72322
72324
72328
72331
72332
72333
72335
72336
72337
72337
72337
72340
72340
72341
72343
72346
72346
72346
72347
72347
72347
72348
72349
72350
72351
72353
72353
72354
72357
72357
72358
72360
72360
72360
72361
72361
72362
72362
72363
72366
72366
72366
72366
72368
72368
72369
72369
72369
72374
72374
72374
72375
72376
72376
72376
72376
72378
72380
72381
72382
72382
72384
72385
72385
72385
72388
72390
72390
72391
72391
72391
72392
72392
72393
72393
72394
72394
72395
72399
72399
72400
72400
72401
72401
72402
72402
72403
72404
72407
72409
72409
72411
72412
72412
72413
72415
72418
72419
72419
72420
72421
72421
72422
72423
72423
72424
72425
72425
72426
72429
72429
72430
72433
72433
72434
72434
72436
72439
72441
72443
72443
72445
72447
72448
72450
72452
72452
72453
72455
72457
72458
72458
72459
72460
72460
72461
72462
72463
72463
72463
72464
72465
72465
72466
72466
72471
72471
72471
72472
72472
72472
72474
72476
72477
72478
72478
72478
72478
72480
72481
72482
72482
72483
72484
72484
72486
72486
72489
72490
72492
72495
72496
72496
72497
72500
72503
72503
72503
72505
72505
72505
72509
72513
72515
72515
72515
72517
72518
72518
72518
72519
72520
72521
72523
72524
72526
72529
72529
72531
72531
72532
72533
72533
72535
72535
72535
72537
72537
72538
72539
72539
72539
72539
72540
72541
72543
72544
72545
72548
72552
72552
72553
72556
72557
72558
72558
72558
72558
72559
72561
72561
72562
72563
72564
72564
72565
72565
72566
72568
72568
72569
72570
72571
72575
72575
72577
72577
72577
72578
72578
72579
72579
72580
72580
72582
72582
72582
72583
72583
72584
72585
72585
72585
72586
72587
72587
72587
72587
72587
72588
72590
72590
72590
72591
72592
72592
72592
72593
72594
72595
72595
72595
72596
72596
72597
72597
72598
72598
72598
72601
72602
72603
72604
72605
72605
72608
72608
72608
72609
72610
72611
72613
72613
72613
72618
72618
72618
72619
72620
72620
72620
72622
72625
72626
72628
72628
72631
72631
72633
72634
72635
72636
72641
72642
72642
72643
72644
72645
72645
72645
72648
72652
72657
72657
72658
72658
72660
72661
72663
72665
72666
72667
72668
72668
72669
72671
72672
72673
72674
72674
72674
72676
72677
72681
72681
72683
72683
72685
72685
72687
72688
72690
72691
72691
72694
72696
72697
72698
72699
72700
72702
72703
72703
72704
72705
72706
72706
72706
72709
72709
72710
72711
72711
72712
72713
72714
72715
72716
72716
72716
72718
72718
72719
72722
72722
72722
72725
72727
72728
72729
72731
72732
72732
72734
72735
72736
72739
72741
72742
72742
72744
72745
72745
72747
72748
72748
72749
72749
72750
72750
72752
72752
72752
72752
72755
72759
72761
72762
72763
72763
72763
72763
72765
72765
72766
72766
72766
72767
72768
72772
72775
72775
72775
72776
72776
72777
72778
72778
72778
72783
72784
72786
72788
72789
72791
72792
72793
72793
72794
72798
72801
72801
72802
72802
72806
72806
72806
72807
72809
72810
72811
72812
72813
72813
72815
72816
72816
72817
72818
72819
72819
72820
72821
72821
72825
72830
72831
72832
72833
72834
72835
72838
72839
72840
72840
72841
72841
72841
72843
72844
72844
72845
72845
72847
72847
72847
72849
72850
72853
72853
72855
72857
72858
72859
72859
72860
72863
72863
72865
72866
72867
72868
72869
72869
72870
72870
72870
72871
72871
72871
72871
72871
72873
72874
72875
72875
72875
72875
72876
72877
72880
72881
72881
72881
72882
72883
72884
72884
72886
72886
72889
72890
72891
72892
72892
72892
72892
72895
72895
72896
72897
72899
72901
72903
72903
72905
72911
72911
72912
72912
72912
72913
72914
72914
72915
72915
72918
72918
72919
72919
72919
72920
72920
72920
72921
72922
72922
72923
72923
72924
72930
72930
72931
72931
72932
72933
72934
72934
72936
72936
72936
72936
72938
72938
72938
72940
72941
72942
72942
72943
72943
72943
72947
72950
72950
72952
72953
72953
72953
72953
72956
72957
72958
72958
72959
72959
72959
72959
72961
72961
72962
72962
72963
72964
72965
72965
72966
72967
72973
72975
72975
72978
72980
72982
72982
72983
72983
72986
72986
72986
72988
72990
72991
72992
72993
72995
72996
72997
72998
72999
72999
72999
73000
73000
73000
73001
73001
73002
73003
73004
73005
73006
73006
73010
73010
73011
73012
73013
73014
73016
73016
73018
73018
73018
73020
73020
73020
73021
73021
73021
73021
73023
73024
73024
73024
73024
73025
73025
73025
73026
73028
73029
73030
73032
73034
73034
73035
73038
73038
73039
73039
73044
73044
73045
73045
73045
73045
73046
73046
73047
73047
73048
73050
73050
73052
73053
73055
73056
73057
73059
73059
73059
73060
73062
73063
73064
73064
73068
73068
73068
73069
73069
73071
73072
73073
73073
73075
73075
73075
73076
73077
73077
73082
73082
73082
73084
73085
73087
73088
73090
73092
73092
73095
73095
73096
73096
73096
73097
73097
73098
73099
73100
73101
73101
73102
73103
73104
73104
73104
73105
73106
73106
73107
73108
73108
73109
73109
73109
73110
73110
73110
73112
73113
73113
73116
73116
73121
73122
73123
73124
73125
73126
73126
73129
73129
73132
73132
73133
73134
73136
73136
73136
73137
73138
73140
73141
73142
73142
73143
73145
73146
73146
73149
73150
73151
73151
73153
73154
73154
73155
73155
73156
73156
73156
73156
73158
73159
73161
73161
73162
73163
73163
73164
73167
73167
73169
73169
73171
73171
73171
73175
73176
73177
73178
73178
73181
73184
73185
73186
73187
73188
73191
73194
73195
73196
73198
73202
73202
73202
73203
73204
73205
73206
73207
73207
73209
73209
73209
73209
73209
73213
73213
73214
73214
73214
73214
73215
73216
73217
73217
73217
73219
73221
73221
73224
73227
73227
73227
73227
73228
73229
73229
73230
73230
73231
73233
73234
73237
73239
73240
73241
73241
73241
73242
73243
73244
73245
73246
73247
73247
73248
73248
73248
73249
73250
73250
73251
73252
73253
73253
73254
73255
73255
73256
73257
73258
73258
73258
73262
73263
73265
73266
73268
73270
73271
73275
73275
73277
73278
73280
73281
73282
73283
73285
73286
73287
73289
73289
73290
73291
73291
73292
73292
73292
73293
73296
73296
73296
73297
73297
73297
73298
73299
73301
73301
73302
73304
73305
73305
73305
73307
73307
73309
73309
73310
73310
73310
73312
73313
73315
73315
73315
73316
73316
73316
73318
73319
73319
73320
73320
73321
73323
73323
73324
73324
73327
73328
73330
73330
73331
73331
73332
73332
73332
73336
73336
73337
73338
73338
73339
73341
73342
73342
73342
73342
73343
73344
73345
73345
73347
73347
73348
73349
73349
73350
73350
73352
73353
73353
73354
73357
73359
73359
73362
73362
73363
73363
73364
73366
73368
73368
73369
73370
73371
73372
73372
73373
73373
73373
73374
73375
73377
73382
73383
73383
73384
73384
73387
73387
73387
73388
73388
73389
73392
73393
73394
73394
73396
73397
73398
73399
73399
73399
73399
73400
73402
73405
73407
73408
73409
73410
73413
73414
73414
73415
73415
73416
73416
73417
73418
73419
73419
73420
73420
73420
73420
73420
73421
73421
73422
73422
73425
73425
73425
73428
73428
73429
73433
73433
73437
73438
73440
73441
73441
73442
73443
73444
73445
73446
73446
73447
73450
73450
73453
73454
73455
73456
73461
73461
73462
73463
73463
73466
73466
73466
73467
73469
73470
73477
73480
73481
73481
73482
73482
73482
73484
73484
73486
73488
73489
73489
73490
73490
73492
73492
73494
73495
73500
73500
73501
73502
73502
73502
73503
73503
73504
73505
73505
73507
73508
73508
73509
73510
73511
73512
73513
73515
73515
73517
73518
73518
73519
73519
73520
73521
73521
73521
73522
73523
73525
73525
73525
73525
73530
73530
73530
73530
73530
73532
73533
73533
73534
73535
73535
73536
73537
73538
73539
73539
73542
73544
73546
73546
73547
73547
73547
73547
73547
73551
73551
73553
73554
73556
73557
73557
73559
73560
73561
73563
73565
73565
73568
73568
73570
73570
73572
73574
73576
73578
73578
73580
73580
73582
73583
73584
73585
73586
73587
73589
73591
73593
73593
73593
73594
73594
73595
73598
73598
73599
73600
73600
73602
73602
73603
73603
73605
73605
73606
73607
73607
73608
73608
73611
73612
73614
73618
73620
73621
73622
73625
73627
73628
73629
73632
73632
73632
73634
73637
73638
73640
73640
73641
73643
73644
73645
73648
73648
73649
73650
73652
73652
73654
73654
73655
73656
73656
73657
73657
73659
73659
73659
73663
73664
73664
73665
73665
73667
73667
73667
73669
73670
73673
73673
73673
73675
73677
73677
73677
73678
73679
73680
73680
73681
73681
73682
73683
73684
73686
73688
73690
73690
73691
73693
73695
73697
73697
73698
73698
73698
73699
73700
73701
73702
73703
73705
73707
73709
73710
73711
73712
73718
73719
73719
73720
73721
73721
73722
73724
73725
73725
73726
73726
73726
73727
73731
73731
73733
73733
73734
73736
73736
73737
73738
73738
73739
73739
73740
73741
73741
73742
73745
73746
73747
73747
73748
73750
73754
73754
73754
73755
73755
73755
73756
73757
73757
73757
73757
73758
73758
73758
73759
73760
73762
73762
73762
73763
73764
73765
73767
73772
73773
73773
73774
73775
73777
73779
73779
73783
73784
73784
73784
73784
73786
73791
73794
73796
73796
73796
73797
73797
73798
73802
73803
73806
73807
73807
73807
73808
73809
73809
73810
73810
73812
73812
73812
73813
73815
73817
73817
73818
73818
73824
73824
73825
73826
73826
73828
73828
73828
73829
73830
73831
73836
73838
73838
73838
73838
73841
73843
73844
73844
73845
73846
73848
73848
73849
73850
73850
73851
73852
73852
73852
73854
73854
73857
73859
73860
73861
73861
73861
73862
73864
73866
73867
73867
73868
73868
73874
73875
73876
73877
73880
73880
73881
73882
73883
73883
73883
73884
73884
73886
73886
73887
73887
73888
73889
73890
73892
73895
73895
73896
73896
73897
73898
73900
73901
73902
73902
73904
73905
73906
73907
73907
73909
73910
73910
73911
73911
73913
73913
73915
73915
73915
73917
73918
73919
73920
73921
73922
73924
73924
73925
73925
73925
73926
73926
73927
73927
73927
73929
73930
73930
73934
73935
73935
73935
73936
73936
73937
73938
73938
73939
73940
73941
73941
73942
73944
73944
73945
73945
73946
73946
73948
73948
73948
73948
73949
73950
73951
73952
73952
73952
73954
73954
73955
73955
73956
73957
73957
73959
73959
73959
73960
73964
73964
73968
73968
73969
73971
73971
73972
73972
73973
73974
73975
73975
73975
73975
73978
73979
73981
73981
73983
73985
73985
73987
73988
73988
73989
73989
73989
73991
73991
73991
73992
73992
73995
73999
74004
74007
74008
74009
74009
74010
74010
74013
74013
74015
74015
74018
74018
74021
74021
74022
74022
74023
74024
74024
74027
74029
74030
74030
74030
74031
74031
74032
74033
74034
74034
74036
74037
74039
74040
74042
74042
74043
74043
74044
74045
74047
74048
74049
74049
74049
74049
74049
74050
74052
74052
74054
74054
74057
74058
74059
74063
74065
74066
74067
74069
74071
74072
74075
74078
74079
74080
74081
74084
74084
74085
74085
74085
74085
74086
74087
74089
74089
74089
74092
74092
74093
74096
74098
74099
74099
74100
74101
74101
74102
74102
74103
74104
74105
74105
74106
74109
74110
74111
74112
74113
74114
74115
74116
74116
74116
74119
74120
74123
74123
74124
74125
74127
74128
74129
74134
74136
74136
74138
74138
74138
74138
74139
74140
74140
74141
74142
74142
74143
74143
74144
74145
74145
74145
74145
74145
74146
74148
74150
74150
74150
74150
74151
74151
74152
74152
74152
74153
74153
74153
74154
74156
74156
74157
74158
74159
74162
74162
74163
74163
74165
74165
74168
74168
74169
74170
74172
74174
74174
74176
74176
74176
74177
74178
74178
74179
74179
74181
74182
74184
74184
74185
74187
74189
74189
74190
74191
74192
74194
74195
74195
74195
74195
74196
74198
74200
74200
74200
74201
74201
74201
74202
74203
74206
74206
74206
74208
74210
74211
74213
74213
74214
74215
74218
74218
74218
74218
74219
74220
74220
74223
74224
74224
74226
74227
74227
74228
74228
74229
74231
74232
74232
74232
74235
74236
74238
74241
74242
74242
74242
74242
74243
74243
74244
74245
74248
74248
74250
74250
74251
74252
74253
74253
74253
74254
74254
74256
74256
74257
74258
74258
74258
74262
74263
74266
74266
74266
74268
74268
74271
74272
74274
74276
74276
74281
74281
74283
74283
74284
74284
74285
74285
74286
74286
74286
74288
74290
74292
74292
74293
74294
74294
74294
74295
74296
74296
74300
74300
74301
74302
74302
74302
74302
74303
74304
74306
74307
74307
74309
74309
74312
74313
74314
74315
74315
74316
74317
74319
74327
74327
74328
74329
74330
74332
74333
74333
74334
74334
74337
74337
74338
74342
74343
74348
74348
74349
74349
74351
74354
74354
74355
74355
74358
74359
74360
74360
74362
74363
74365
74366
74367
74370
74370
74372
74373
74373
74374
74374
74374
74379
74382
74385
74385
74386
74386
74386
74387
74388
74389
74389
74390
74390
74391
74392
74392
74394
74395
74396
74396
74398
74399
74400
74403
74404
74405
74407
74410
74411
74412
74412
74412
74413
74415
74416
74416
74417
74417
74417
74417
74419
74421
74422
74423
74423
74425
74426
74427
74429
74429
74430
74431
74431
74432
74432
74434
74435
74435
74435
74436
74437
74441
74441
74441
74443
74443
74443
74444
74445
74445
74446
74446
74447
74448
74448
74449
74450
74450
74451
74455
74455
74456
74456
74456
74456
74457
74458
74461
74462
74463
74469
74469
74470
74472
74472
74472
74472
74473
74474
74474
74476
74478
74479
74479
74481
74482
74482
74483
74484
74485
74486
74487
74487
74487
74488
74489
74493
74493
74495
74498
74499
74502
74503
74503
74504
74504
74504
74504
74505
74505
74506
74508
74509
74509
74510
74511
74511
74511
74512
74512
74512
74513
74515
74516
74517
74518
74520
74522
74522
74522
74523
74524
74524
74528
74528
74529
74529
74531
74533
74533
74535
74538
74538
74539
74540
74542
74544
74544
74547
74550
74550
74550
74550
74551
74552
74553
74554
74554
74555
74556
74558
74558
74558
74559
74561
74561
74561
74563
74563
74563
74564
74564
74564
74565
74565
74565
74567
74567
74567
74568
74569
74572
74573
74575
74576
74577
74579
74579
74579
74580
74581
74583
74584
74585
74586
74587
74588
74589
74590
74591
74591
74592
74593
74593
74593
74595
74597
74598
74599
74600
74601
74601
74601
74603
74605
74605
74606
74607
74607
74608
74609
74609
74609
74610
74610
74611
74614
74614
74615
74616
74617
74617
74619
74620
74620
74620
74621
74622
74623
74624
74624
74624
74624
74625
74626
74627
74629
74631
74631
74633
74635
74636
74637
74638
74638
74640
74640
74640
74640
74641
74645
74646
74648
74649
74650
74650
74650
74650
74651
74652
74653
74654
74654
74654
74655
74655
74656
74658
74659
74659
74660
74660
74661
74662
74663
74664
74664
74666
74666
74666
74668
74668
74669
74669
74669
74670
74670
74671
74672
74674
74675
74677
74678
74679
74680
74681
74681
74683
74684
74686
74686
74686
74687
74687
74688
74688
74689
74689
74690
74690
74695
74697
74697
74698
74699
74699
74700
74701
74701
74701
74703
74703
74704
74704
74706
74706
74707
74709
74709
74710
74710
74712
74716
74717
74720
74722
74724
74725
74726
74727
74729
74730
74733
74733
74733
74734
74736
74738
74738
74739
74739
74740
74740
74740
74744
74744
74747
74747
74747
74748
74749
74749
74750
74750
74751
74752
74754
74755
74755
74755
74755
74757
74758
74759
74760
74760
74761
74762
74762
74762
74762
74762
74763
74764
74765
74765
74767
74767
74768
74769
74769
74769
74770
74772
74772
74773
74775
74777
74777
74780
74781
74784
74784
74784
74785
74787
74790
74790
74792
74792
74794
74794
74794
74796
74796
74799
74799
74801
74802
74802
74803
74805
74807
74807
74809
74809
74810
74813
74813
74813
74814
74814
74815
74817
74817
74819
74819
74820
74821
74821
74822
74823
74823
74823
74824
74825
74825
74827
74828
74828
74829
74831
74834
74834
74837
74841
74843
74845
74846
74846
74846
74848
74849
74849
74849
74853
74853
74854
74855
74856
74857
74862
74863
74864
74864
74865
74865
74865
74867
74868
74868
74868
74868
74869
74870
74871
74871
74872
74873
74873
74875
74877
74877
74879
74879
74880
74882
74884
74885
74885
74885
74885
74887
74890
74892
74892
74893
74893
74895
74895
74896
74896
74896
74896
74898
74899
74900
74901
74902
74903
74903
74904
74905
74906
74907
74907
74908
74909
74910
74910
74911
74911
74912
74913
74913
74913
74915
74917
74917
74917
74918
74918
74919
74919
74920
74921
74921
74922
74922
74923
74928
74930
74931
74932
74932
74933
74933
74933
74934
74937
74937
74939
74940
74940
74940
74940
74942
74943
74944
74945
74946
74946
74947
74948
74949
74952
74952
74952
74953
74954
74954
74956
74958
74958
74959
74960
74960
74960
74960
74961
74964
74965
74965
74967
74967
74968
74969
74970
74971
74971
74973
74973
74974
74974
74974
74974
74975
74976
74976
74979
74980
74981
74981
74982
74983
74984
74985
74985
74986
74987
74988
74988
74990
74991
74991
74991
74994
74994
74995
74995
74999
74999
75000
75002
75002
75003
75004
75008
75009
75010
75010
75010
75013
75013
75014
75014
75015
75015
75017
75019
75020
75022
75027
75028
75028
75029
75032
75032
75035
75035
75036
75038
75039
75039
75039
75042
75043
75043
75044
75045
75047
75047
75048
75049
75049
75050
75050
75051
75053
75053
75054
75055
75056
75057
75058
75058
75059
75059
75064
75064
75064
75065
75066
75066
75066
75067
75068
75069
75069
75070
75071
75071
75073
75073
75073
75075
75076
75077
75079
75080
75080
75081
75081
75083
75085
75085
75087
75087
75087
75089
75089
75090
75091
75091
75092
75094
75095
75097
75099
75102
75102
75103
75104
75105
75105
75106
75107
75107
75107
75110
75112
75115
75116
75117
75121
75123
75123
75123
75124
75125
75127
75127
75128
75128
75129
75129
75130
75131
75131
75132
75132
75134
75135
75136
75136
75137
75138
75139
75140
75140
75142
75142
75143
75144
75145
75145
75146
75146
75148
75151
75152
75152
75153
75153
75154
75155
75156
75156
75156
75157
75157
75158
75159
75159
75159
75160
75160
75162
75163
75163
75163
75164
75165
75165
75167
75167
75169
75169
75170
75171
75171
75172
75173
75176
75178
75182
75183
75184
75184
75184
75187
75190
75190
75190
75192
75192
75194
75195
75195
75196
75198
75200
75200
75200
75200
75201
75203
75205
75207
75208
75209
75210
75211
75212
75212
75212
75213
75214
75220
75220
75222
75223
75224
75225
75225
75225
75225
75225
75225
75226
75226
75228
75228
75228
75229
75232
75232
75233
75234
75234
75235
75235
75236
75238
75239
75239
75240
75240
75241
75242
75243
75244
75244
75245
75246
75246
75246
75249
75250
75250
75250
75251
75253
75253
75253
75256
75256
75257
75257
75258
75258
75258
75260
75261
75262
75263
75263
75266
75266
75267
75267
75267
75268
75271
75271
75274
75274
75274
75274
75276
75277
75278
75278
75278
75280
75280
75281
75282
75283
75284
75286
75288
75288
75288
75288
75290
75290
75291
75292
75293
75293
75294
75296
75296
75297
75298
75298
75298
75299
75299
75300
75302
75303
75304
75305
75307
75308
75309
75309
75310
75311
75312
75313
75314
75317
75318
75319
75319
75321
75322
75326
75327
75328
75329
75332
75333
75333
75333
75335
75335
75336
75339
75339
75341
75341
75342
75343
75346
75346
75348
75348
75349
75349
75350
75352
75352
75352
75353
75354
75354
75357
75358
75358
75361
75362
75362
75362
75363
75363
75365
75365
75366
75367
75367
75367
75368
75368
75369
75370
75372
75376
75378
75378
75378
75379
75379
75381
75382
75383
75384
75385
75386
75387
75388
75388
75388
75388
75390
75390
75391
75393
75395
75395
75395
75395
75397
75397
75398
75398
75398
75398
75399
75401
75402
75405
75407
75408
75409
75410
75410
75411
75411
75411
75411
75412
75413
75415
75417
75417
75417
75418
75418
75419
75419
75419
75422
75423
75425
75428
75429
75429
75431
75431
75433
75434
75435
75435
75437
75438
75439
75441
75441
75441
75441
75442
75442
75443
75444
75446
75446
75446
75446
75446
75447
75447
75448
75449
75450
75450
75451
75451
75452
75453
75458
75459
75459
75459
75460
75460
75463
75463
75464
75465
75466
75467
75470
75470
75472
75473
75473
75474
75475
75475
75476
75479
75479
75480
75481
75483
75483
75486
75486
75486
75490
75490
75491
75491
75492
75493
75493
75494
75495
75496
75496
75496
75496
75496
75498
75498
75498
75499
75500
75501
75501
75502
75502
75503
75505
75505
75505
75505
75505
75506
75507
75512
75515
75515
75516
75516
75517
75517
75519
75520
75521
75521
75522
75527
75528
75529
75530
75530
75531
75531
75535
75536
75537
75537
75540
75541
75543
75545
75548
75549
75553
75554
75555
75555
75556
75558
75559
75560
75561
75562
75563
75564
75564
75568
75568
75569
75571
75572
75575
75575
75577
75579
75579
75580
75581
75583
75583
75585
75585
75586
75587
75588
75589
75589
75591
75592
75595
75596
75599
75599
75601
75603
75603
75603
75604
75604
75604
75604
75604
75606
75606
75608
75609
75610
75613
75614
75615
75615
75616
75617
75619
75620
75620
75620
75622
75622
75623
75624
75624
75624
75625
75625
75625
75625
75626
75626
75631
75635
75635
75637
75639
75640
75641
75644
75645
75646
75648
75651
75651
75653
75654
75655
75655
75657
75657
75657
75657
75658
75658
75660
75664
75665
75665
75666
75667
75669
75670
75672
75673
75674
75679
75681
75684
75685
75685
75687
75688
75689
75689
75689
75690
75693
75694
75694
75694
75694
75694
75694
75696
75697
75697
75698
75699
75701
75702
75703
75703
75704
75705
75705
75707
75707
75708
75708
75709
75710
75711
75712
75712
75715
75715
75717
75718
75719
75720
75720
75721
75722
75723
75725
75726
75727
75728
75728
75729
75730
75732
75732
75732
75735
75737
75737
75738
75743
75743
75743
75744
75744
75745
75745
75749
75749
75752
75754
75754
75757
75757
75757
75757
75757
75758
75760
75761
75761
75761
75761
75764
75765
75765
75765
75765
75766
75766
75766
75767
75767
75771
75773
75775
75776
75777
75779
75782
75782
75782
75782
75783
75787
75789
75789
75790
75791
75792
75793
75793
75794
75794
75794
75795
75796
75796
75802
75802
75803
75804
75804
75806
75807
75808
75808
75809
75811
75812
75814
75814
75815
75815
75816
75817
75819
75819
75820
75821
75823
75823
75823
75825
75828
75830
75831
75832
75833
75833
75835
75835
75835
75836
75838
75838
75840
75840
75842
75843
75844
75846
75846
75851
75853
75854
75856
75859
75860
75862
75865
75866
75867
75867
75868
75869
75871
75871
75871
75872
75873
75873
75873
75874
75874
75877
75877
75879
75881
75883
75885
75885
75885
75885
75889
75890
75890
75890
75894
75895
75895
75897
75897
75898
75900
75903
75906
75907
75907
75908
75911
75912
75918
75918
75919
75920
75920
75921
75923
75925
75925
75926
75927
75927
75930
75931
75933
75933
75935
75936
75936
75938
75939
75940
75941
75941
75942
75943
75944
75947
75951
75952
75952
75952
75955
75955
75957
75957
75957
75959
75960
75961
75962
75964
75965
75965
75966
75966
75966
75967
75968
75968
75969
75971
75972
75973
75974
75976
75980
75980
75985
75986
75986
75987
75987
75988
75988
75989
75990
75992
75993
75993
75995
75995
75995
75998
75998
76001
76002
76002
76003
76004
76004
76005
76009
76009
76009
76009
76011
76012
76013
76013
76013
76014
76014
76015
76016
76016
76016
76017
76018
76019
76019
76020
76021
76023
76023
76025
76026
76026
76028
76028
76030
76030
76032
76034
76035
76035
76037
76038
76040
76042
76043
76043
76045
76047
76049
76050
76052
76052
76053
76056
76056
76058
76059
76060
76060
76061
76062
76062
76063
76063
76063
76064
76065
76066
76066
76066
76066
76068
76068
76071
76072
76075
76075
76076
76077
76078
76079
76081
76082
76082
76083
76083
76084
76084
76084
76086
76087
76089
76091
76092
76093
76093
76095
76096
76097
76097
76097
76099
76100
76100
76102
76102
76102
76103
76104
76106
76107
76108
76108
76108
76109
76110
76110
76113
76113
76115
76115
76116
76117
76117
76118
76119
76120
76123
76124
76125
76125
76126
76126
76127
76128
76128
76129
76130
76130
76130
76130
76131
76132
76135
76135
76135
76136
76138
76138
76139
76141
76142
76143
76144
76146
76146
76146
76149
76152
76153
76153
76153
76156
76157
76157
76158
76159
76160
76162
76163
76164
76165
76166
76171
76171
76172
76174
76175
76176
76176
76178
76178
76179
76179
76180
76180
76181
76182
76185
76185
76186
76187
76188
76189
76190
76191
76192
76193
76195
76196
76197
76199
76199
76203
76204
76206
76207
76208
76209
76210
76210
76210
76211
76212
76212
76213
76216
76217
76219
76220
76220
76222
76223
76225
76225
76226
76230
76231
76233
76235
76236
76240
76241
76241
76242
76242
76242
76244
76245
76246
76246
76247
76250
76251
76251
76252
76252
76252
76253
76253
76253
76255
76255
76255
76256
76256
76258
76260
76261
76261
76261
76264
76264
76265
76267
76269
76270
76270
76271
76271
76272
76273
76278
76279
76279
76283
76285
76286
76286
76289
76291
76291
76293
76294
76295
76296
76296
76296
76296
76297
76298
76299
76299
76299
76299
76299
76301
76302
76302
76303
76304
76304
76305
76305
76306
76307
76307
76308
76308
76312
76312
76312
76312
76316
76317
76319
76320
76332
76333
76333
76334
76335
76336
76336
76336
76336
76337
76339
76340
76341
76341
76342
76343
76344
76346
76346
76347
76348
76349
76349
76350
76353
76355
76355
76356
76356
76357
76358
76358
76360
76361
76361
76361
76361
76361
76362
76365
76367
76370
76370
76371
76371
76372
76372
76372
76374
76374
76374
76375
76375
76375
76376
76377
76378
76378
76378
76379
76382
76382
76385
76386
76388
76388
76389
76393
76393
76394
76394
76395
76395
76396
76398
76399
76400
76402
76403
76404
76404
76405
76406
76406
76407
76407
76408
76408
76410
76410
76411
76412
76414
76416
76417
76417
76418
76418
76418
76419
76419
76419
76420
76420
76421
76422
76422
76424
76424
76425
76425
76425
76426
76427
76430
76430
76431
76433
76433
76434
76434
76436
76438
76438
76438
76441
76443
76446
76447
76448
76448
76448
76449
76454
76454
76456
76457
76457
76461
76461
76462
76463
76464
76465
76467
76467
76469
76469
76469
76471
76471
76471
76472
76473
76473
76473
76475
76476
76477
76478
76480
76481
76481
76483
76484
76484
76485
76487
76488
76489
76491
76492
76496
76499
76503
76504
76505
76507
76508
76508
76510
76511
76512
76512
76513
76513
76513
76513
76514
76517
76517
76520
76523
76524
76525
76527
76528
76529
76529
76530
76530
76531
76531
76531
76532
76534
76534
76534
76534
76535
76537
76537
76538
76538
76542
76542
76543
76543
76548
76549
76550
76550
76551
76551
76552
76552
76553
76553
76554
76556
76558
76558
76558
76559
76561
76561
76561
76563
76563
76566
76567
76567
76568
76571
76576
76576
76576
76577
76578
76578
76578
76579
76579
76579
76581
76582
76582
76583
76586
76588
76588
76590
76591
76592
76593
76594
76594
76595
76597
76597
76598
76598
76600
76601
76601
76605
76605
76605
76606
76607
76610
76611
76612
76614
76617
76617
76619
76619
76620
76620
76622
76626
76626
76627
76627
76627
76628
76629
76630
76630
76631
76631
76631
76631
76632
76634
76635
76636
76637
76637
76637
76639
76640
76640
76641
76642
76643
76643
76643
76643
76644
76645
76646
76649
76650
76650
76651
76651
76651
76653
76653
76654
76655
76656
76659
76659
76661
76661
76661
76663
76664
76665
76666
76667
76668
76670
76670
76670
76671
76674
76676
76677
76679
76679
76681
76682
76684
76684
76684
76685
76687
76688
76688
76690
76690
76690
76692
76692
76692
76693
76693
76693
76694
76694
76695
76696
76697
76697
76698
76698
76700
76702
76702
76703
76706
76706
76707
76707
76707
76707
76707
76707
76709
76710
76710
76711
76711
76713
76715
76716
76716
76717
76718
76718
76719
76719
76719
76720
76721
76722
76723
76723
76724
76724
76724
76725
76725
76729
76730
76731
76733
76734
76734
76737
76739
76739
76740
76741
76743
76743
76744
76745
76748
76748
76748
76749
76751
76753
76754
76755
76756
76756
76757
76757
76759
76759
76759
76760
76763
76763
76764
76766
76766
76766
76768
76770
76772
76772
76773
76775
76776
76776
76778
76779
76779
76780
76781
76781
76783
76784
76785
76785
76786
76786
76787
76788
76788
76789
76789
76790
76793
76794
76801
76801
76803
76805
76806
76806
76807
76809
76810
76811
76812
76812
76813
76816
76818
76819
76819
76820
76821
76823
76823
76824
76824
76825
76827
76827
76828
76829
76829
76830
76830
76831
76831
76832
76833
76833
76833
76835
76836
76836
76837
76841
76841
76842
76843
76843
76844
76844
76845
76845
76845
76848
76848
76849
76850
76850
76850
76851
76853
76855
76855
76856
76857
76859
76860
76861
76861
76861
76861
76865
76867
76868
76873
76874
76874
76874
76874
76875
76876
76876
76877
76878
76880
76881
76881
76882
76883
76884
76884
76886
76886
76886
76887
76888
76888
76889
76891
76892
76894
76896
76896
76898
76898
76899
76899
76899
76900
76900
76901
76903
76903
76905
76905
76906
76906
76906
76909
76910
76910
76910
76911
76913
76914
76916
76917
76919
76920
76922
76924
76924
76925
76925
76925
76925
76928
76928
76929
76930
76931
76933
76934
76934
76934
76936
76937
76937
76937
76938
76939
76942
76943
76943
76943
76943
76944
76944
76944
76944
76945
76946
76948
76953
76954
76956
76956
76956
76957
76958
76962
76963
76964
76964
76966
76968
76969
76970
76970
76971
76973
76973
76973
76973
76975
76976
76977
76980
76981
76982
76983
76984
76985
76986
76987
76987
76988
76988
76990
76990
76993
76995
76996
76997
76997
76997
76997
76998
76999
77002
77002
77002
77003
77003
77005
77005
77006
77007
77008
77008
77008
77009
77010
77012
77013
77013
77016
77016
77017
77020
77021
77022
77023
77023
77024
77025
77028
77028
77029
77031
77032
77033
77033
77034
77035
77041
77041
77041
77043
77044
77045
77046
77048
77048
77048
77050
77050
77050
77050
77052
77052
77052
77053
77053
77053
77054
77055
77055
77056
77056
77057
77058
77059
77059
77059
77060
77061
77061
77061
77065
77066
77067
77068
77068
77068
77070
77070
77071
77071
77072
77072
77073
77074
77075
77075
77075
77076
77077
77077
77078
77079
77081
77081
77082
77083
77083
77083
77084
77084
77085
77085
77085
77086
77086
77087
77091
77092
77092
77092
77094
77094
77095
77095
77096
77096
77099
77101
77103
77103
77103
77103
77104
77106
77106
77107
77107
77107
77108
77111
77112
77112
77113
77113
77115
77115
77116
77116
77118
77119
77119
77123
77124
77125
77125
77125
77125
77126
77126
77126
77127
77127
77128
77128
77130
77130
77132
77132
77132
77132
77133
77133
77134
77134
77134
77136
77138
77139
77140
77140
77140
77143
77144
77145
77146
77148
77150
77150
77150
77150
77151
77151
77153
77154
77155
77156
77158
77159
77164
77165
77166
77168
77169
77170
77170
77171
77171
77173
77173
77173
77175
77177
77177
77178
77180
77181
77181
77181
77185
77185
77187
77188
77189
77190
77190
77191
77191
77191
77192
77192
77195
77196
77199
77200
77201
77203
77203
77203
77203
77206
77207
77207
77210
77210
77210
77210
77210
77212
77213
77213
77214
77216
77218
77218
77219
77221
77221
77221
77224
77225
77226
77226
77228
77228
77229
77229
77232
77232
77232
77233
77233
77234
77234
77234
77234
77235
77235
77236
77237
77237
77238
77238
77239
77244
77244
77245
77245
77245
77246
77247
77248
77248
77250
77251
77251
77252
77252
77252
77254
77256
77257
77258
77259
77259
77259
77260
77261
77261
77261
77263
77263
77264
77267
77273
77274
77274
77276
77277
77277
77278
77279
77281
77281
77282
77284
77285
77289
77290
77292
77292
77294
77298
77299
77300
77303
77304
77304
77306
77306
77307
77308
77309
77309
77310
77310
77311
77312
77314
77314
77316
77317
77319
77319
77320
77321
77322
77322
77323
77324
77325
77328
77328
77330
77330
77333
77333
77335
77336
77338
77339
77341
77342
77343
77344
77344
77345
77345
77345
77347
77348
77349
77350
77351
77354
77357
77357
77358
77359
77360
77360
77362
77362
77363
77363
77363
77365
77365
77365
77366
77366
77367
77368
77369
77369
77370
77371
77372
77373
77374
77374
77374
77379
77380
77380
77383
77386
77388
77388
77388
77390
77393
77393
77398
77401
77404
77405
77406
77407
77407
77408
77408
77409
77410
77411
77416
77416
77416
77418
77419
77420
77420
77421
77422
77422
77427
77429
77430
77431
77431
77433
77435
77439
77439
77440
77440
77442
77442
77444
77445
77447
77448
77448
77449
77449
77449
77449
77450
77453
77454
77454
77455
77455
77456
77457
77458
77458
77463
77464
77471
77471
77471
77472
77472
77473
77473
77473
77473
77473
77475
77477
77477
77480
77482
77484
77484
77484
77485
77485
77486
77487
77487
77488
77488
77488
77488
77490
77490
77491
77493
77494
77494
77495
77497
77498
77498
77502
77503
77503
77503
77504
77504
77505
77506
77506
77507
77509
77509
77509
77510
77512
77512
77514
77514
77515
77517
77522
77523
77524
77525
77527
77528
77528
77529
77530
77532
77533
77534
77539
77539
77541
77542
77542
77542
77542
77543
77544
77544
77545
77546
77546
77546
77547
77548
77548
77548
77550
77551
77556
77556
77558
77558
77559
77559
77562
77562
77565
77568
77568
77569
77570
77571
77572
77572
77573
77575
77575
77576
77576
77577
77577
77583
77584
77584
77585
77586
77590
77590
77591
77591
77592
77593
77593
77594
77594
77594
77596
77596
77600
77602
77606
77607
77608
77609
77610
77613
77613
77614
77615
77616
77617
77617
77618
77619
77619
77622
77624
77625
77629
77630
77631
77632
77632
77632
77632
77633
77633
77634
77634
77635
77637
77638
77638
77638
77638
77641
77642
77642
77644
77644
77645
77648
77649
77649
77650
77653
77654
77654
77655
77655
77657
77657
77658
77659
77660
77664
77667
77668
77668
77668
77669
77670
77670
77671
77672
77673
77673
77674
77674
77674
77674
77676
77676
77677
77680
77680
77681
77681
77682
77682
77682
77683
77684
77685
77685
77685
77686
77687
77690
77690
77690
77691
77693
77698
77698
77699
77702
77703
77705
77706
77707
77708
77710
77710
77711
77713
77715
77717
77717
77718
77720
77720
77721
77721
77722
77723
77723
77725
77726
77727
77728
77731
77732
77733
77734
77736
77737
77737
77738
77739
77741
77743
77743
77744
77746
77747
77748
77748
77750
77753
77754
77755
77756
77757
77758
77758
77758
77760
77760
77760
77761
77764
77764
77764
77767
77769
77769
77770
77770
77772
77774
77774
77775
77775
77776
77777
77778
77779
77779
77780
77781
77782
77783
77784
77784
77785
77785
77787
77789
77791
77792
77794
77797
77799
77800
77802
77803
77804
77806
77808
77809
77811
77812
77812
77813
77813
77815
77815
77816
77817
77818
77818
77819
77819
77819
77820
77821
77821
77821
77824
77824
77828
77833
77835
77836
77836
77837
77837
77841
77842
77843
77843
77846
77852
77852
77853
77856
77857
77857
77858
77859
77861
77861
77862
77865
77866
77866
77868
77869
77871
77871
77872
77873
77874
77874
77875
77877
77877
77877
77878
77878
77880
77880
77882
77882
77883
77883
77883
77884
77884
77887
77887
77888
77888
77889
77895
77895
77895
77896
77897
77897
77898
77899
77900
77901
77901
77902
77902
77903
77903
77904
77904
77905
77905
77909
77910
77911
77912
77913
77915
77915
77916
77916
77916
77916
77918
77918
77918
77919
77920
77921
77921
77923
77923
77923
77923
77924
77925
77930
77931
77931
77935
77937
77937
77937
77938
77939
77940
77944
77946
77946
77947
77947
77951
77951
77951
77952
77953
77955
77955
77956
77956
77957
77957
77960
77960
77960
77961
77961
77962
77962
77963
77964
77965
77966
77968
77972
77973
77975
77976
77977
77977
77980
77980
77984
77985
77985
77985
77987
77987
77987
77987
77990
77990
77991
77991
77995
77995
77996
77997
77998
78000
78000
78000
78001
78003
78004
78005
78006
78009
78011
78012
78012
78013
78014
78014
78015
78016
78016
78016
78020
78020
78021
78021
78022
78022
78023
78023
78023
78024
78024
78024
78025
78026
78027
78027
78027
78030
78031
78032
78033
78034
78035
78036
78038
78039
78041
78043
78045
78045
78046
78046
78047
78049
78050
78050
78051
78052
78052
78053
78054
78058
78060
78061
78061
78063
78063
78063
78065
78068
78069
78070
78071
78072
78073
78073
78074
78074
78074
78075
78076
78078
78079
78079
78079
78079
78080
78080
78081
78081
78082
78083
78085
78085
78085
78085
78086
78086
78086
78086
78086
78087
78087
78088
78088
78089
78089
78090
78092
78093
78093
78093
78093
78095
78095
78096
78097
78097
78100
78100
78101
78101
78102
78107
78107
78108
78109
78110
78111
78112
78114
78118
78119
78121
78126
78127
78127
78130
78130
78131
78133
78134
78134
78135
78137
78138
78138
78139
78139
78140
78140
78141
78143
78144
78145
78145
78145
78146
78148
78148
78149
78149
78149
78150
78150
78152
78152
78153
78153
78155
78156
78156
78160
78161
78163
78163
78163
78164
78164
78166
78167
78168
78168
78170
78171
78171
78171
78173
78173
78174
78176
78178
78178
78178
78180
78180
78181
78182
78182
78184
78185
78185
78186
78186
78187
78187
78187
78189
78190
78191
78192
78192
78194
78194
78194
78195
78195
78196
78197
78197
78198
78198
78198
78198
78200
78201
78202
78203
78204
78204
78204
78205
78205
78205
78205
78206
78207
78207
78208
78208
78208
78212
78212
78213
78214
78215
78215
78215
78218
78219
78220
78221
78223
78225
78226
78226
78229
78230
78231
78233
78233
78234
78236
78236
78238
78238
78239
78239
78239
78239
78239
78241
78242
78242
78243
78243
78244
78245
78245
78245
78247
78248
78248
78249
78249
78251
78253
78253
78253
78254
78256
78256
78257
78258
78259
78259
78259
78261
78261
78262
78262
78263
78263
78264
78264
78265
78266
78267
78267
78267
78269
78269
78270
78273
78273
78274
78274
78277
78279
78286
78290
78291
78291
78292
78292
78293
78293
78294
78294
78295
78298
78303
78304
78304
78305
78306
78308
78309
78309
78310
78310
78311
78312
78314
78314
78315
78315
78315
78316
78316
78318
78318
78319
78320
78320
78321
78322
78323
78325
78325
78327
78328
78329
78332
78333
78334
78334
78334
78334
78335
78337
78338
78338
78338
78339
78339
78339
78342
78342
78344
78345
78345
78346
78346
78349
78349
78353
78354
78354
78355
78356
78357
78358
78358
78360
78360
78361
78362
78363
78364
78367
78367
78369
78369
78370
78370
78371
78372
78373
78374
78375
78376
78377
78379
78379
78382
78383
78385
78385
78386
78386
78386
78386
78386
78387
78388
78389
78389
78393
78393
78396
78398
78399
78400
78400
78400
78400
78401
78402
78402
78402
78403
78403
78404
78406
78406
78407
78407
78409
78411
78414
78415
78416
78420
78421
78422
78423
78423
78424
78425
78426
78427
78429
78429
78430
78431
78431
78432
78439
78440
78441
78442
78442
78442
78442
78442
78442
78442
78445
78446
78447
78447
78449
78450
78453
78456
78456
78458
78458
78458
78458
78459
78461
78462
78463
78464
78464
78465
78465
78465
78467
78467
78468
78468
78469
78471
78472
78477
78477
78477
78479
78479
78480
78480
78480
78480
78483
78485
78486
78487
78488
78488
78489
78491
78492
78492
78492
78492
78492
78493
78494
78494
78495
78496
78496
78496
78497
78499
78500
78502
78502
78502
78505
78505
78506
78507
78509
78509
78510
78510
78513
78514
78514
78514
78515
78515
78516
78516
78517
78518
78519
78520
78524
78525
78525
78526
78526
78527
78528
78529
78530
78531
78531
78532
78532
78532
78532
78533
78534
78534
78536
78537
78537
78537
78539
78540
78542
78543
78543
78544
78545
78545
78548
78548
78548
78551
78551
78552
78557
78558
78559
78560
78560
78560
78561
78561
78562
78563
78563
78564
78565
78565
78566
78568
78572
78577
78577
78578
78578
78579
78579
78580
78580
78581
78582
78582
78583
78583
78584
78586
78586
78586
78586
78586
78587
78588
78592
78593
78594
78596
78597
78597
78597
78598
78601
78601
78603
78606
78611
78612
78612
78614
78614
78615
78616
78616
78617
78619
78620
78620
78621
78624
78624
78625
78628
78630
78632
78632
78635
78636
78636
78637
78638
78640
78642
78642
78643
78643
78644
78647
78648
78648
78650
78651
78652
78655
78657
78657
78658
78658
78658
78659
78660
78661
78662
78663
78664
78664
78666
78666
78669
78670
78673
78674
78675
78675
78676
78676
78677
78677
78679
78680
78680
78682
78683
78687
78690
78690
78691
78691
78692
78693
78694
78695
78696
78697
78699
78700
78700
78702
78703
78703
78704
78705
78707
78709
78712
78714
78714
78715
78715
78716
78716
78718
78719
78719
78720
78721
78723
78723
78724
78725
78727
78727
78728
78728
78729
78729
78732
78733
78733
78734
78735
78735
78735
78736
78736
78737
78740
78740
78740
78741
78741
78744
78745
78746
78747
78747
78748
78748
78751
78754
78755
78755
78756
78757
78757
78759
78760
78760
78762
78763
78764
78764
78765
78765
78765
78765
78766
78767
78769
78769
78771
78771
78771
78772
78773
78774
78776
78777
78777
78778
78778
78779
78781
78783
78784
78785
78785
78789
78790
78793
78794
78795
78796
78796
78800
78800
78801
78802
78803
78805
78806
78807
78807
78808
78808
78808
78809
78810
78811
78812
78813
78813
78815
78816
78816
78817
78820
78822
78822
78823
78823
78824
78825
78825
78826
78826
78827
78828
78828
78829
78831
78831
78832
78832
78833
78834
78835
78836
78836
78837
78837
78838
78838
78839
78839
78840
78840
78840
78840
78842
78844
78847
78848
78849
78850
78850
78851
78853
78854
78856
78858
78859
78861
78861
78862
78862
78863
78863
78863
78865
78865
78865
78867
78868
78868
78869
78870
78872
78874
78875
78877
78881
78882
78882
78883
78883
78885
78885
78886
78886
78887
78887
78887
78888
78890
78891
78892
78893
78893
78893
78894
78895
78895
78895
78897
78897
78899
78899
78901
78902
78904
78904
78905
78905
78905
78906
78907
78909
78911
78913
78913
78914
78914
78919
78920
78920
78920
78920
78927
78927
78927
78927
78930
78931
78933
78934
78934
78936
78938
78939
78939
78939
78941
78942
78942
78944
78945
78946
78948
78949
78949
78949
78949
78950
78951
78953
78954
78954
78955
78956
78956
78957
78957
78957
78959
78959
78960
78961
78961
78962
78963
78964
78965
78965
78965
78968
78970
78972
78973
78974
78974
78975
78975
78976
78978
78978
78978
78978
78979
78979
78979
78980
78983
78983
78984
78987
78990
78992
78994
78995
78995
78995
78997
79000
79002
79002
79004
79005
79005
79005
79006
79008
79009
79010
79011
79016
79017
79017
79020
79020
79020
79022
79025
79025
79026
79028
79028
79030
79030
79032
79034
79034
79034
79036
79037
79037
79038
79041
79042
79044
79044
79044
79045
79046
79047
79047
79048
79049
79050
79050
79052
79054
79055
79055
79057
79058
79058
79061
79063
79068
79069
79072
79074
79078
79078
79078
79080
79082
79085
79086
79086
79088
79090
79091
79091
79094
79097
79097
79099
79099
79100
79100
79101
79101
79101
79102
79103
79104
79105
79107
79107
79108
79108
79108
79109
79111
79112
79113
79113
79113
79114
79114
79115
79116
79117
79119
79119
79119
79120
79122
79122
79123
79123
79123
79124
79124
79124
79125
79125
79125
79128
79129
79130
79130
79130
79133
79133
79136
79136
79137
79139
79139
79141
79141
79142
79145
79146
79146
79148
79148
79148
79149
79153
79153
79153
79153
79153
79154
79154
79154
79154
79155
79155
79156
79156
79158
79160
79161
79161
79163
79164
79165
79166
79169
79170
79170
79171
79172
79173
79178
79179
79180
79181
79182
79182
79184
79184
79184
79185
79186
79186
79187
79189
79189
79191
79191
79191
79192
79193
79194
79195
79196
79196
79197
79202
79202
79202
79204
79205
79206
79206
79206
79207
79207
79207
79209
79210
79212
79212
79214
79214
79214
79216
79222
79223
79223
79224
79227
79228
79229
79229
79229
79230
79230
79230
79232
79233
79233
79234
79236
79236
79238
79238
79239
79243
79246
79246
79248
79249
79250
79252
79252
79253
79254
79255
79255
79256
79256
79257
79258
79260
79262
79263
79263
79263
79264
79264
79264
79265
79266
79266
79266
79267
79267
79267
79267
79267
79267
79268
79268
79268
79268
79271
79272
79272
79272
79272
79272
79272
79272
79272
79273
79279
79281
79281
79282
79283
79285
79286
79288
79288
79288
79289
79290
79290
79291
79291
79293
79293
79295
79296
79296
79296
79297
79298
79298
79299
79299
79302
79302
79302
79304
79304
79306
79307
79307
79308
79310
79311
79312
79312
79315
79315
79315
79317
79317
79319
79319
79319
79320
79321
79322
79324
79324
79324
79325
79326
79327
79329
79331
79332
79333
79333
79335
79336
79338
79338
79340
79340
79341
79343
79346
79347
79352
79353
79353
79353
79354
79355
79356
79357
79358
79360
79362
79365
79367
79369
79370
79371
79371
79377
79377
79378
79378
79379
79379
79379
79380
79380
79380
79382
79382
79384
79384
79386
79386
79387
79388
79389
79389
79390
79391
79391
79392
79393
79393
79394
79394
79395
79396
79397
79398
79401
79401
79405
79405
79405
79405
79406
79406
79407
79411
79412
79413
79415
79415
79416
79418
79419
79420
79420
79423
79423
79428
79428
79429
79432
79433
79434
79434
79437
79438
79438
79439
79442
79445
79445
79445
79447
79447
79447
79449
79450
79452
79453
79453
79455
79456
79456
79456
79457
79457
79457
79457
79458
79458
79458
79460
79461
79464
79464
79464
79466
79467
79467
79467
79467
79470
79470
79471
79472
79472
79472
79473
79475
79476
79476
79477
79477
79477
79477
79478
79480
79481
79482
79483
79485
79486
79487
79488
79489
79489
79492
79494
79496
79497
79498
79500
79500
79502
79504
79504
79505
79505
79505
79505
79505
79507
79508
79508
79510
79510
79511
79511
79514
79515
79517
79522
79523
79524
79525
79526
79526
79529
79530
79530
79531
79531
79532
79532
79533
79533
79533
79533
79534
79535
79536
79538
79539
79539
79540
79541
79541
79542
79543
79543
79544
79544
79546
79549
79549
79549
79549
79550
79550
79551
79551
79551
79552
79553
79554
79554
79554
79555
79555
79556
79556
79557
79557
79557
79559
79560
79561
79562
79562
79566
79567
79570
79570
79574
79574
79575
79576
79577
79577
79580
79580
79583
79584
79585
79586
79586
79586
79587
79588
79589
79589
79591
79592
79592
79592
79592
79593
79594
79596
79596
79596
79598
79599
79600
79600
79600
79600
79602
79603
79609
79611
79613
79615
79618
79619
79620
79622
79622
79623
79623
79624
79626
79626
79627
79628
79628
79628
79628
79629
79629
79629
79629
79629
79630
79631
79632
79632
79632
79632
79635
79635
79636
79637
79639
79639
79640
79640
79641
79641
79645
79646
79646
79646
79647
79648
79648
79650
79651
79652
79652
79652
79654
79654
79654
79655
79656
79658
79658
79659
79659
79659
79659
79660
79660
79661
79662
79662
79663
79664
79665
79665
79666
79667
79667
79667
79668
79669
79671
79671
79672
79673
79674
79674
79676
79676
79677
79678
79678
79679
79680
79681
79682
79684
79686
79687
79688
79688
79689
79691
79692
79693
79694
79694
79695
79696
79696
79696
79698
79702
79702
79702
79703
79704
79704
79704
79704
79705
79705
79709
79709
79710
79710
79710
79713
79714
79715
79715
79719
79720
79720
79720
79721
79722
79727
79727
79728
79728
79729
79731
79733
79733
79733
79734
79735
79735
79738
79739
79739
79739
79739
79740
79741
79742
79743
79743
79744
79744
79745
79745
79746
79746
79747
79747
79747
79748
79749
79750
79750
79751
79751
79751
79752
79753
79753
79755
79756
79757
79758
79759
79761
79761
79761
79765
79765
79765
79766
79772
79772
79772
79773
79773
79774
79776
79777
79777
79781
79781
79783
79783
79784
79784
79784
79787
79788
79788
79789
79789
79792
79792
79793
79793
79793
79795
79795
79795
79795
79797
79799
79800
79803
79804
79805
79805
79806
79808
79809
79811
79811
79815
79816
79819
79820
79823
79826
79826
79827
79829
79829
79830
79832
79833
79836
79836
79836
79837
79837
79839
79839
79841
79841
79843
79843
79845
79845
79846
79849
79849
79853
79855
79856
79857
79859
79861
79866
79866
79867
79869
79870
79871
79872
79872
79877
79878
79878
79878
79879
79880
79881
79882
79883
79883
79884
79884
79885
79885
79885
79885
79886
79886
79887
79890
79890
79891
79891
79892
79892
79893
79893
79893
79894
79894
79895
79895
79896
79896
79897
