49898
49899
49901
49903
49903
49905
49905
49908
49911
49913
49914
49915
49917
49917
49918
49919
49920
49921
49922
49923
49924
49925
49929
49930
49931
49933
49933
49934
49935
49939
49941
49942
49943
49944
49944
49944
49945
49946
49946
49947
49948
49948
49949
49950
49954
49954
49956
49957
49958
49960
49963
49963
49965
49965
49966
49967
49972
49972
49972
49975
49975
49976
49978
49980
49981
49982
49983
49983
49988
49993
49996
49996
49998
49998
49998
49998
49998
49999
49999
50000
50002
50004
50004
50006
50008
50008
50009
50011
50012
50012
50013
50014
50016
50018
50019
50020
50021
50023
50023
50025
50026
50027
50027
50028
50029
50029
50029
50029
50030
50032
50032
50034
50034
50034
50034
50035
50035
50037
50037
50037
50038
50039
50040
50044
50045
50046
50047
50047
50049
50049
50049
50049
50051
50051
50051
50052
50054
50056
50056
50057
50057
50057
50057
50058
50059
50059
50060
50061
50062
50062
50062
50063
50065
50065
50067
50067
50068
50068
50069
50069
50069
50069
50072
50075
50076
50077
50077
50078
50079
50080
50080
50081
50081
50082
50084
50084
50087
50090
50093
50093
50094
50094
50094
50095
50095
50095
50097
50098
50098
50098
50101
50101
50102
50103
50104
50105
50106
50108
50109
50110
50111
50112
50113
50113
50116
50117
50117
50119
50120
50120
50122
50123
50123
50124
50124
50125
50126
50127
50127
50128
50129
50131
50132
50132
50132
50133
50133
50134
50136
50137
50137
50138
50138
50138
50139
50140
50140
50141
50142
50143
50144
50147
50149
50150
50152
50152
50154
50156
50158
50158
50159
50159
50160
50160
50164
50164
50165
50166
50167
50169
50171
50171
50171
50172
50173
50173
50173
50173
50174
50174
50175
50175
50175
50178
50181
50182
50182
50183
50183
50187
50187
50187
50187
50187
50188
50188
50190
50192
50193
50194
50194
50197
50197
50198
50199
50199
50199
50200
50201
50201
50202
50203
50204
50204
50206
50210
50210
50212
50212
50212
50216
50216
50217
50219
50221
50221
50221
50222
50224
50226
50232
50234
50237
50239
50239
50240
50241
50241
50242
50242
50243
50244
50245
50245
50246
50247
50247
50247
50249
50249
50251
50251
50254
50254
50255
50255
50257
50257
50258
50259
50260
50261
50261
50262
50263
50263
50263
50263
50264
50264
50265
50268
50269
50269
50270
50271
50273
50273
50273
50273
50275
50279
50279
50279
50280
50280
50282
50282
50283
50284
50285
50287
50289
50290
50290
50291
50292
50292
50292
50293
50294
50295
50295
50295
50296
50296
50298
50300
50301
50302
50303
50305
50307
50308
50308
50310
50310
50310
50310
50311
50311
50314
50314
50316
50317
50318
50318
50322
50322
50323
50323
50324
50324
50324
50325
50327
50328
50331
50333
50333
50335
50336
50337
50340
50341
50341
50343
50344
50344
50346
50347
50348
50348
50349
50350
50353
50354
50355
50355
50355
50357
50358
50361
50362
50362
50362
50362
50363
50364
50366
50366
50367
50368
50368
50371
50373
50373
50374
50374
50375
50375
50378
50378
50379
50381
50383
50384
50385
50386
50386
50387
50387
50387
50387
50389
50391
50392
50392
50392
50393
50393
50395
50395
50395
50396
50398
50399
50400
50401
50402
50403
50404
50405
50407
50408
50408
50410
50411
50413
50414
50415
50415
50416
50416
50417
50418
50419
50419
50420
50421
50421
50422
50423
50424
50424
50425
50426
50427
50429
50430
50432
50436
50437
50439
50441
50443
50443
50443
50444
50448
50449
50451
50451
50451
50451
50451
50452
50452
50454
50455
50456
50456
50458
50461
50462
50463
50464
50465
50465
50468
50469
50469
50470
50472
50472
50472
50473
50475
50475
50475
50475
50475
50477
50477
50477
50482
50483
50483
50484
50486
50487
50490
50491
50492
50492
50494
50494
50494
50494
50495
50495
50496
50496
50497
50497
50497
50500
50500
50502
50503
50503
50503
50504
50504
50505
50506
50506
50510
50510
50511
50513
50514
50517
50517
50517
50521
50521
50524
50525
50532
50532
50534
50535
50538
50540
50542
50543
50543
50545
50546
50546
50548
50549
50550
50551
50552
50554
50556
50556
50556
50557
50560
50560
50562
50563
50563
50565
50566
50567
50567
50567
50568
50568
50569
50569
50569
50569
50570
50570
50573
50573
50575
50575
50576
50576
50576
50577
50578
50579
50580
50580
50584
50585
50586
50589
50590
50591
50592
50593
50594
50595
50595
50597
50598
50598
50598
50601
50602
50602
50605
50605
50606
50608
50608
50610
50611
50611
50613
50613
50614
50614
50614
50614
50615
50616
50617
50619
50620
50621
50621
50622
50623
50623
50624
50626
50626
50627
50628
50629
50632
50633
50633
50634
50634
50635
50637
50637
50638
50639
50640
50640
50641
50642
50644
50645
50645
50646
50647
50649
50649
50650
50650
50651
50652
50652
50655
50655
50657
50657
50659
50659
50659
50660
50661
50661
50662
50664
50666
50667
50668
50668
50668
50670
50670
50670
50670
50674
50676
50677
50678
50678
50679
50680
50681
50682
50683
50685
50685
50685
50686
50687
50688
50689
50689
50690
50691
50692
50693
50693
50694
50694
50697
50698
50699
50700
50701
50702
50702
50705
50705
50706
50707
50708
50709
50710
50710
50711
50713
50715
50716
50718
50721
50721
50721
50722
50722
50722
50722
50723
50725
50726
50727
50728
50729
50729
50730
50731
50732
50734
50734
50734
50736
50737
50737
50738
50741
50741
50743
50744
50746
50746
50747
50747
50753
50755
50758
50758
50758
50760
50760
50761
50761
50762
50762
50764
50765
50766
50767
50768
50769
50770
50771
50772
50772
50772
50774
50774
50774
50775
50776
50776
50778
50779
50780
50781
50781
50782
50782
50784
50785
50786
50786
50787
50788
50788
50788
50789
50790
50791
50791
50792
50793
50793
50796
50796
50796
50797
50799
50802
50802
50803
50804
50805
50806
50806
50808
50809
50809
50810
50810
50812
50815
50816
50817
50818
50819
50821
50821
50822
50823
50823
50824
50824
50824
50825
50825
50826
50828
50831
50832
50833
50834
50837
50840
50840
50840
50842
50843
50843
50843
50843
50846
50847
50847
50847
50848
50848
50849
50849
50849
50850
50850
50850
50854
50854
50856
50857
50857
50857
50858
50858
50859
50859
50860
50860
50861
50861
50862
50864
50865
50866
50867
50868
50869
50869
50870
50871
50872
50874
50874
50875
50876
50876
50877
50878
50879
50879
50879
50880
50880
50880
50882
50882
50883
50883
50883
50886
50886
50888
50888
50889
50891
50892
50892
50899
50900
50900
50902
50903
50905
50907
50907
50911
50912
50913
50914
50917
50917
50919
50920
50920
50921
50922
50922
50923
50924
50925
50926
50927
50927
50930
50930
50934
50935
50935
50936
50937
50938
50938
50939
50940
50941
50942
50942
50943
50944
50944
50946
50946
50947
50947
50947
50947
50948
50949
50949
50949
50949
50950
50952
50953
50954
50954
50957
50957
50957
50958
50960
50961
50961
50962
50962
50964
50964
50965
50966
50966
50967
50968
50969
50969
50969
50970
50970
50971
50972
50973
50976
50977
50977
50980
50983
50984
50987
50989
50990
50991
50992
50992
50994
50995
50995
50996
50996
50997
50997
50998
51000
51002
51005
51006
51007
51007
51008
51010
51011
51012
51012
51013
51014
51014
51014
51015
51019
51020
51022
51022
51023
51023
51026
51028
51031
51034
51034
51034
51035
51036
51037
51040
51040
51041
51042
51042
51042
51043
51043
51043
51044
51044
51044
51045
51045
51045
51046
51046
51047
51047
51047
51049
51050
51050
51054
51055
51056
51056
51056
51057
51058
51059
51059
51059
51059
51061
51062
51062
51064
51067
51068
51073
51074
51076
51076
51076
51077
51079
51084
51085
51086
51086
51087
51089
51090
51091
51092
51092
51094
51094
51094
51095
51096
51097
51097
51098
51098
51098
51101
51101
51102
51102
51104
51104
51106
51107
51109
51109
51109
51113
51113
51114
51115
51115
51116
51117
51123
51123
51125
51125
51127
51128
51129
51130
51131
51132
51133
51134
51134
51134
51134
51138
51138
51138
51141
51141
51141
51142
51143
51143
51143
51144
51145
51146
51147
51148
51148
51149
51154
51156
51159
51159
51161
51163
51164
51166
51167
51167
51169
51169
51169
51171
51172
51172
51172
51174
51177
51178
51179
51179
51180
51180
51181
51183
51184
51190
51194
51194
51194
51195
51195
51196
51196
51197
51197
51201
51201
51202
51202
51204
51204
51204
51205
51205
51206
51207
51207
51208
51210
51211
51214
51214
51215
51216
51216
51220
51220
51220
51220
51221
51222
51224
51226
51226
51227
51227
51229
51230
51231
51232
51233
51235
51236
51237
51237
51237
51238
51241
51241
51242
51242
51243
51244
51245
51245
51246
51246
51249
51250
51251
51254
51254
51255
51256
51257
51257
51261
51262
51262
51263
51265
51266
51266
51266
51267
51267
51267
51268
51268
51268
51270
51270
51270
51272
51273
51273
51274
51275
51277
51278
51279
51281
51281
51282
51282
51282
51282
51284
51285
51285
51287
51288
51289
51290
51290
51292
51293
51293
51294
51295
51296
51297
51297
51298
51299
51300
51302
51303
51303
51303
51304
51304
51305
51307
51309
51312
51313
51313
51314
51316
51319
51320
51320
51321
51321
51321
51322
51323
51324
51325
51325
51326
51326
51327
51327
51328
51329
51329
51329
51331
51331
51336
51337
51337
51339
51339
51340
51340
51342
51342
51342
51342
51346
51349
51350
51352
51355
51356
51357
51357
51359
51360
51360
51360
51363
51364
51364
51364
51365
51365
51368
51368
51370
51371
51371
51372
51372
51373
51374
51375
51375
51375
51376
51376
51376
51379
51380
51380
51380
51382
51382
51383
51383
51384
51386
51388
51388
51389
51390
51391
51392
51392
51393
51393
51397
51398
51400
51401
51402
51403
51404
51405
51405
51406
51407
51408
51409
51409
51409
51410
51411
51411
51412
51413
51413
51414
51414
51415
51416
51417
51417
51418
51418
51420
51421
51422
51422
51423
51425
51426
51426
51426
51427
51428
51429
51430
51430
51431
51432
51432
51434
51434
51435
51436
51437
51439
51440
51441
51442
51442
51443
51445
51449
51449
51449
51451
51452
51452
51453
51455
51457
51457
51457
51460
51460
51461
51465
51466
51467
51470
51470
51472
51472
51473
51474
51476
51477
51477
51477
51477
51480
51482
51482
51482
51483
51483
51485
51487
51490
51491
51491
51498
51500
51501
51503
51503
51504
51504
51505
51509
51509
51510
51510
51511
51514
51514
51518
51519
51519
51519
51520
51520
51520
51521
51522
51524
51524
51528
51529
51531
51532
51534
51534
51536
51538
51542
51543
51543
51543
51544
51545
51549
51550
51550
51551
51551
51551
51553
51553
51554
51555
51556
51556
51557
51559
51561
51561
51561
51561
51563
51564
51566
51567
51567
51567
51568
51568
51569
51569
51571
51572
51572
51573
51573
51573
51576
51577
51578
51579
51581
51582
51582
51584
51584
51586
51587
51589
51591
51592
51593
51593
51595
51595
51596
51598
51599
51601
51603
51603
51605
51605
51606
51609
51609
51611
51611
51614
51615
51616
51616
51617
51617
51617
51619
51619
51621
51621
51622
51622
51625
51625
51626
51626
51630
51633
51633
51633
51634
51634
51634
51635
51635
51635
51637
51638
51639
51640
51640
51641
51641
51643
51644
51645
51646
51647
51648
51648
51648
51648
51649
51649
51649
51650
51653
51654
51655
51656
51657
51658
51659
51660
51662
51665
51665
51667
51668
51668
51668
51670
51670
51670
51670
51670
51672
51672
51674
51675
51675
51679
51680
51680
51682
51683
51683
51684
51684
51685
51685
51685
51686
51686
51687
51689
51689
51690
51690
51691
51694
51694
51695
51696
51696
51697
51697
51698
51698
51700
51701
51703
51703
51703
51704
51704
51704
51704
51704
51706
51706
51708
51708
51710
51710
51710
51711
51712
51714
51714
51714
51716
51718
51718
51718
51719
51722
51723
51724
51724
51724
51728
51730
51730
51731
51732
51732
51734
51735
51736
51736
51737
51738
51738
51740
51740
51741
51741
51742
51744
51745
51746
51749
51749
51753
51754
51754
51755
51756
51757
51758
51758
51759
51759
51759
51761
51761
51763
51764
51765
51766
51766
51766
51766
51766
51768
51771
51771
51772
51773
51774
51774
51775
51775
51775
51775
51776
51777
51777
51779
51780
51781
51781
51781
51782
51782
51782
51782
51784
51786
51792
51794
51797
51797
51798
51798
51798
51799
51800
51800
51801
51802
51802
51804
51806
51806
51807
51808
51808
51808
51810
51810
51811
51813
51813
51814
51818
51818
51820
51821
51822
51823
51824
51825
51825
51825
51827
51828
51829
51832
51832
51833
51834
51834
51835
51837
51837
51840
51843
51845
51846
51846
51846
51847
51848
51848
51849
51850
51851
51851
51851
51852
51852
51852
51857
51860
51861
51863
51863
51863
51863
51863
51864
51865
51865
51867
51868
51871
51872
51872
51878
51878
51882
51883
51883
51885
51890
51892
51893
51893
51897
51898
51899
51899
51900
51900
51901
51902
51902
51903
51903
51905
51905
51906
51906
51906
51908
51910
51910
51911
51912
51913
51916
51917
51918
51919
51921
51921
51922
51923
51924
51924
51925
51926
51926
51927
51932
51933
51934
51935
51936
51936
51936
51938
51938
51940
51942
51945
51945
51945
51945
51947
51949
51949
51951
51951
51951
51953
51954
51955
51959
51960
51961
51962
51962
51963
51963
51963
51967
51967
51968
51969
51970
51970
51970
51972
51972
51973
51978
51979
51980
51980
51983
51983
51987
51987
51988
51989
51990
51992
51995
51996
51998
51998
52002
52002
52003
52003
52004
52005
52006
52010
52010
52011
52011
52012
52015
52017
52017
52019
52019
52020
52021
52021
52022
52022
52022
52024
52024
52024
52024
52025
52025
52026
52028
52030
52032
52033
52034
52034
52035
52035
52035
52035
52037
52038
52041
52043
52045
52048
52049
52049
52049
52050
52050
52050
52051
52052
52052
52053
52054
52054
52054
52055
52055
52056
52056
52056
52057
52058
52058
52058
52060
52060
52061
52061
52061
52062
52063
52064
52064
52065
52068
52068
52068
52068
52069
52069
52069
52070
52070
52070
52071
52071
52071
52072
52073
52073
52073
52074
52075
52077
52077
52079
52082
52083
52084
52087
52088
52089
52092
52092
52092
52092
52092
52094
52095
52096
52096
52097
52097
52097
52098
52098
52099
52099
52103
52108
52108
52108
52108
52110
52111
52112
52112
52114
52117
52119
52119
52120
52121
52121
52122
52124
52124
52127
52127
52128
52130
52131
52133
52136
52137
52139
52140
52140
52142
52142
52143
52144
52144
52147
52149
52151
52151
52152
52157
52157
52158
52158
52158
52159
52160
52161
52163
52164
52167
52167
52169
52169
52171
52175
52175
52176
52178
52180
52180
52184
52184
52184
52188
52189
52189
52190
52190
52192
52193
52196
52197
52198
52198
52199
52200
52200
52201
52202
52203
52204
52206
52206
52206
52207
52210
52211
52211
52213
52214
52214
52215
52217
52220
52220
52223
52227
52227
52229
52232
52232
52234
52237
52237
52238
52241
52243
52243
52244
52244
52247
52248
52248
52249
52249
52250
52253
52253
52254
52254
52254
52255
52256
52256
52257
52258
52259
52260
52261
52261
52265
52265
52265
52268
52268
52271
52271
52273
52277
52278
52279
52279
52280
52281
52281
52281
52281
52284
52285
52285
52286
52288
52289
52291
52294
52295
52296
52296
52297
52298
52299
52301
52302
52303
52306
52307
52307
52308
52312
52314
52314
52317
52319
52320
52320
52325
52326
52326
52327
52328
52328
52329
52330
52331
52331
52333
52334
52335
52335
52337
52338
52340
52342
52344
52344
52346
52347
52348
52348
52349
52350
52353
52354
52355
52355
52362
52362
52363
52363
52363
52363
52364
52365
52366
52367
52367
52367
52368
52370
52371
52372
52372
52373
52373
52376
52377
52377
52379
52379
52379
52380
52380
52380
52380
52381
52383
52384
52384
52385
52385
52390
52392
52393
52394
52394
52394
52395
52395
52396
52399
52401
52402
52402
52404
52406
52406
52406
52407
52407
52407
52410
52412
52412
52412
52413
52415
52415
52417
52417
52418
52420
52420
52423
52423
52423
52423
52424
52425
52428
52428
52428
52429
52429
52430
52430
52431
52433
52434
52438
52438
52439
52442
52443
52443
52448
52449
52450
52451
52452
52453
52458
52458
52459
52461
52461
52461
52462
52463
52465
52466
52466
52466
52468
52468
52472
52473
52473
52473
52473
52474
52474
52475
52477
52477
52477
52478
52479
52481
52482
52482
52483
52485
52485
52486
52490
52491
52494
52496
52497
52497
52497
52499
52500
52501
52503
52504
52504
52505
52505
52506
52507
52509
52509
52509
52509
52510
52510
52517
52517
52517
52517
52518
52521
52522
52533
52533
52533
52537
52538
52538
52538
52538
52539
52539
52540
52541
52542
52542
52544
52544
52545
52545
52546
52546
52548
52549
52550
52551
52553
52553
52553
52554
52555
52556
52556
52558
52559
52559
52560
52562
52564
52564
52566
52566
52568
52570
52570
52572
52572
52572
52573
52573
52574
52576
52576
52576
52577
52578
52579
52579
52580
52581
52581
52582
52582
52583
52583
52584
52585
52587
52589
52590
52591
52593
52593
52596
52596
52598
52598
52598
52598
52599
52599
52600
52600
52600
52600
52602
52602
52603
52606
52607
52607
52607
52609
52610
52611
52612
52616
52617
52618
52618
52618
52619
52620
52620
52622
52624
52624
52625
52628
52630
52630
52631
52631
52635
52635
52636
52637
52637
52638
52639
52639
52640
52641
52641
52642
52644
52644
52644
52646
52646
52647
52648
52649
52649
52649
52650
52651
52654
52658
52660
52661
52662
52662
52663
52663
52663
52664
52666
52666
52668
52668
52668
52669
52670
52671
52671
52671
52672
52673
52674
52675
52681
52683
52683
52683
52683
52684
52684
52684
52685
52685
52687
52687
52689
52690
52693
52694
52694
52695
52696
52696
52697
52697
52698
52700
52700
52703
52703
52703
52703
52704
52706
52707
52708
52709
52710
52711
52712
52713
52713
52714
52715
52715
52716
52716
52717
52717
52718
52719
52720
52721
52722
52723
52726
52727
52727
52728
52728
52728
52730
52730
52731
52732
52732
52738
52739
52740
52740
52740
52741
52743
52743
52745
52745
52747
52747
52747
52748
52748
52750
52751
52752
52752
52752
52753
52754
52758
52759
52760
52763
52763
52764
52765
52766
52767
52768
52768
52769
52770
52771
52771
52773
52774
52774
52775
52775
52777
52777
52777
52780
52783
52784
52784
52784
52786
52788
52789
52789
52789
52791
52793
52795
52795
52796
52799
52800
52800
52801
52803
52803
52806
52809
52812
52812
52812
52812
52813
52813
52817
52821
52822
52824
52825
52825
52826
52826
52827
52827
52832
52835
52835
52837
52838
52838
52840
52840
52842
52843
52843
52844
52844
52845
52845
52846
52846
52846
52847
52849
52850
52850
52851
52852
52853
52853
52853
52853
52854
52854
52855
52860
52861
52861
52862
52864
52865
52866
52868
52869
52869
52870
52872
52872
52873
52873
52873
52874
52875
52875
52875
52876
52876
52878
52878
52878
52881
52882
52883
52884
52886
52886
52886
52886
52887
52888
52889
52889
52889
52890
52890
52890
52892
52893
52893
52893
52894
52894
52896
52896
52899
52899
52902
52904
52907
52907
52908
52908
52909
52909
52910
52911
52914
52915
52915
52917
52918
52918
52918
52918
52918
52921
52921
52921
52922
52922
52923
52924
52924
52925
52925
52927
52928
52929
52930
52931
52931
52932
52934
52934
52936
52937
52937
52937
52938
52938
52941
52945
52947
52947
52948
52948
52949
52951
52951
52954
52955
52956
52957
52957
52962
52962
52963
52963
52964
52965
52967
52969
52969
52970
52971
52972
52973
52974
52974
52975
52975
52977
52977
52980
52980
52981
52981
52982
52982
52982
52983
52983
52983
52984
52984
52984
52985
52986
52986
52988
52989
52990
52991
52991
52992
52993
52995
52997
52998
53000
53001
53001
53004
53005
53006
53007
53007
53007
53008
53008
53008
53009
53010
53011
53014
53015
53017
53017
53018
53019
53021
53021
53022
53023
53023
53024
53024
53024
53025
53025
53026
53026
53026
53026
53027
53029
53029
53030
53030
53031
53031
53032
53038
53039
53041
53042
53043
53043
53044
53045
53045
53046
53047
53047
53049
53051
53051
53054
53054
53054
53055
53056
53057
53060
53062
53064
53065
53065
53066
53066
53068
53070
53071
53072
53075
53076
53077
53079
53079
53080
53081
53082
53084
53085
53086
53087
53088
53092
53092
53092
53092
53093
53094
53095
53095
53096
53097
53097
53101
53102
53103
53104
53105
53105
53106
53108
53109
53109
53110
53111
53112
53112
53113
53114
53116
53116
53117
53118
53118
53119
53119
53120
53121
53122
53123
53124
53125
53126
53129
53129
53130
53132
53132
53133
53136
53136
53137
53138
53138
53139
53141
53142
53143
53145
53145
53145
53147
53148
53149
53150
53152
53155
53156
53156
53156
53157
53160
53161
53161
53162
53162
53162
53163
53163
53163
53164
53165
53166
53167
53168
53168
53169
53170
53172
53172
53173
53174
53175
53175
53178
53181
53185
53191
53195
53195
53196
53196
53198
53198
53202
53204
53204
53204
53205
53206
53207
53208
53209
53209
53209
53210
53211
53211
53212
53215
53215
53215
53216
53216
53217
53217
53218
53218
53219
53219
53219
53219
53221
53222
53222
53223
53224
53224
53224
53225
53227
53227
53227
53228
53229
53234
53234
53236
53236
53239
53243
53243
53244
53244
53245
53246
53246
53246
53249
53249
53251
53254
53254
53255
53255
53257
53259
53259
53260
53260
53260
53260
53261
53262
53263
53266
53267
53267
53267
53268
53269
53270
53271
53271
53272
53272
53273
53273
53273
53273
53273
53273
53273
53274
53275
53275
53276
53277
53277
53278
53280
53281
53285
53286
53287
53288
53290
53292
53293
53293
53295
53295
53298
53299
53300
53301
53302
53303
53306
53308
53308
53308
53308
53309
53309
53309
53310
53310
53311
53312
53313
53313
53313
53313
53316
53316
53317
53319
53319
53320
53321
53324
53325
53326
53326
53328
53328
53329
53330
53331
53334
53335
53335
53337
53338
53339
53342
53342
53343
53345
53347
53350
53352
53353
53353
53353
53355
53355
53356
53358
53359
53360
53360
53362
53365
53365
53368
53369
53369
53370
53371
53371
53372
53372
53372
53373
53373
53374
53374
53375
53376
53376
53378
53378
53379
53380
53380
53381
53381
53382
53383
53383
53385
53386
53386
53386
53387
53392
53393
53393
53394
53395
53395
53395
53396
53399
53400
53401
53404
53405
53406
53406
53407
53407
53408
53409
53410
53412
53412
53412
53414
53415
53415
53416
53416
53417
53417
53417
53419
53419
53420
53420
53423
53424
53425
53427
53428
53428
53431
53434
53434
53434
53435
53435
53435
53437
53438
53439
53439
53441
53441
53441
53442
53443
53443
53443
53445
53445
53447
53448
53449
53450
53451
53452
53452
53452
53453
53456
53458
53460
53460
53461
53462
53464
53464
53465
53467
53467
53467
53468
53469
53470
53471
53471
53471
53471
53473
53473
53473
53473
53473
53474
53474
53475
53475
53476
53477
53480
53480
53480
53481
53482
53482
53482
53483
53484
53485
53487
53488
53489
53491
53492
53494
53494
53495
53496
53496
53497
53498
53499
53500
53500
53501
53504
53505
53506
53507
53507
53508
53509
53509
53509
53510
53510
53511
53512
53512
53512
53515
53516
53517
53519
53519
53519
53521
53522
53523
53523
53523
53526
53527
53528
53528
53528
53529
53530
53530
53530
53531
53531
53532
53532
53532
53533
53533
53534
53534
53536
53537
53538
53539
53539
53540
53541
53542
53542
53543
53547
53549
53552
53553
53554
53555
53557
53560
53561
53561
53562
53562
53562
53562
53563
53565
53565
53567
53568
53569
53569
53571
53572
53572
53573
53573
53574
53575
53579
53581
53582
53584
53586
53589
53590
53592
53593
53595
53595
53598
53599
53600
53600
53603
53603
53603
53603
53603
53604
53604
53604
53604
53605
53606
53608
53609
53609
53609
53610
53611
53612
53613
53614
53615
53615
53617
53617
53618
53618
53619
53621
53622
53623
53623
53624
53625
53625
53627
53629
53631
53631
53632
53633
53635
53635
53636
53636
53638
53639
53642
53643
53643
53643
53648
53649
53650
53652
53652
53652
53654
53656
53656
53657
53657
53657
53659
53662
53663
53665
53665
53665
53669
53671
53671
53672
53672
53674
53675
53677
53679
53680
53682
53683
53683
53683
53685
53686
53689
53689
53689
53693
53694
53696
53698
53698
53699
53700
53700
53701
53702
53703
53703
53703
53704
53705
53705
53705
53705
53705
53706
53706
53707
53707
53709
53710
53710
53711
53714
53714
53717
53717
53718
53718
53719
53719
53720
53720
53722
53722
53722
53723
53724
53725
53726
53727
53728
53729
53729
53729
53729
53730
53731
53731
53732
53732
53733
53734
53734
53735
53737
53739
53740
53741
53742
53742
53743
53745
53747
53750
53750
53750
53751
53752
53753
53755
53755
53756
53756
53757
53758
53759
53759
53759
53760
53763
53764
53766
53768
53768
53769
53770
53770
53772
53773
53774
53775
53775
53776
53777
53777
53777
53777
53778
53778
53778
53779
53779
53781
53783
53784
53784
53785
53785
53785
53785
53787
53787
53788
53789
53790
53792
53793
53793
53795
53795
53795
53797
53798
53801
53801
53802
53803
53803
53803
53804
53804
53805
53805
53806
53806
53807
53807
53809
53811
53813
53813
53813
53816
53816
53817
53818
53818
53818
53819
53821
53823
53824
53827
53828
53830
53832
53833
53835
53838
53839
53840
53843
53844
53845
53846
53847
53847
53848
53848
53849
53850
53850
53851
53851
53853
53853
53853
53853
53854
53855
53855
53858
53858
53858
53859
53860
53861
53861
53866
53867
53868
53868
53869
53869
53870
53871
53871
53873
53875
53875
53875
53877
53877
53879
53880
53882
53882
53883
53886
53888
53891
53891
53894
53894
53895
53895
53895
53898
53898
53900
53900
53902
53903
53903
53904
53905
53905
53905
53907
53907
53908
53909
53909
53909
53909
53911
53912
53912
53913
53914
53915
53916
53917
53918
53919
53919
53920
53920
53920
53920
53921
53922
53923
53924
53924
53925
53926
53926
53927
53927
53928
53929
53929
53930
53932
53934
53935
53935
53937
53938
53941
53942
53942
53943
53944
53946
53948
53949
53953
53953
53954
53955
53955
53958
53958
53961
53962
53964
53968
53968
53969
53969
53969
53970
53971
53972
53974
53974
53975
53977
53978
53978
53978
53979
53980
53980
53980
53981
53981
53982
53983
53984
53986
53986
53986
53987
53987
53988
53992
53993
53995
53995
53996
53997
54000
54001
54002
54002
54004
54005
54006
54006
54006
54007
54008
54010
54010
54010
54010
54011
54011
54013
54013
54014
54014
54014
54016
54017
54018
54019
54019
54020
54021
54022
54022
54023
54023
54024
54025
54027
54028
54028
54029
54029
54030
54030
54030
54031
54031
54032
54033
54033
54035
54037
54040
54040
54040
54041
54041
54043
54044
54046
54050
54051
54052
54054
54055
54055
54057
54057
54058
54058
54059
54060
54060
54060
54062
54064
54065
54065
54068
54068
54069
54071
54071
54072
54073
54075
54075
54076
54076
54076
54077
54077
54079
54081
54081
54082
54083
54085
54086
54086
54089
54090
54090
54090
54091
54091
54091
54092
54092
54094
54095
54095
54097
54098
54098
54099
54100
54102
54104
54106
54108
54109
54109
54110
54111
54112
54113
54113
54114
54114
54116
54116
54116
54117
54118
54119
54119
54119
54120
54120
54120
54122
54123
54124
54124
54125
54125
54126
54126
54126
54127
54128
54128
54128
54129
54130
54130
54130
54130
54131
54131
54131
54134
54135
54137
54138
54138
54140
54141
54142
54143
54143
54144
54144
54144
54145
54145
54146
54146
54146
54147
54147
54148
54149
54151
54152
54152
54152
54153
54153
54155
54156
54156
54158
54159
54159
54161
54164
54166
54166
54167
54167
54170
54172
54173
54175
54176
54178
54179
54179
54180
54181
54181
54182
54182
54187
54188
54189
54190
54190
54192
54193
54193
54194
54194
54195
54196
54198
54199
54199
54200
54203
54204
54207
54207
54210
54210
54211
54215
54217
54217
54218
54219
54219
54220
54220
54220
54222
54222
54223
54224
54224
54228
54228
54233
54234
54234
54235
54235
54235
54235
54239
54241
54242
54242
54243
54243
54243
54243
54244
54245
54246
54246
54246
54246
54247
54248
54248
54248
54248
54249
54253
54257
54258
54261
54262
54262
54262
54266
54269
54269
54271
54272
54273
54273
54274
54274
54274
54274
54275
54276
54276
54277
54277
54277
54279
54279
54280
54280
54281
54281
54282
54283
54284
54285
54285
54286
54289
54289
54293
54295
54295
54296
54298
54298
54298
54299
54299
54300
54301
54301
54305
54306
54306
54311
54314
54315
54315
54315
54318
54319
54321
54322
54322
54324
54324
54325
54325
54326
54326
54328
54328
54328
54329
54329
54329
54329
54332
54332
54334
54335
54335
54339
54340
54341
54342
54342
54343
54345
54346
54347
54350
54351
54351
54352
54352
54354
54354
54354
54356
54356
54360
54360
54362
54363
54364
54366
54367
54368
54371
54373
54374
54374
54377
54377
54377
54379
54380
54380
54381
54382
54382
54383
54384
54385
54389
54393
54394
54395
54395
54397
54397
54398
54399
54399
54400
54400
54402
54403
54404
54405
54406
54409
54410
54411
54411
54412
54412
54413
54413
54414
54415
54416
54416
54416
54418
54419
54419
54420
54420
54422
54422
54423
54423
54423
54424
54425
54426
54428
54428
54429
54429
54429
54431
54431
54433
54433
54434
54434
54434
54437
54439
54440
54441
54441
54442
54444
54445
54445
54446
54446
54450
54450
54452
54452
54455
54456
54456
54456
54457
54459
54461
54461
54462
54463
54463
54463
54463
54463
54464
54465
54466
54466
54468
54468
54469
54473
54473
54473
54473
54474
54474
54476
54478
54480
54480
54482
54484
54484
54488
54488
54489
54489
54490
54491
54492
54493
54494
54496
54496
54497
54499
54500
54501
54504
54506
54506
54507
54507
54507
54508
54508
54511
54512
54512
54517
54517
54517
54519
54519
54520
54520
54521
54522
54522
54523
54524
54525
54525
54526
54526
54526
54529
54530
54532
54534
54536
54537
54537
54539
54539
54541
54545
54546
54547
54550
54551
54553
54555
54556
54556
54559
54560
54560
54560
54563
54564
54564
54564
54565
54566
54566
54566
54567
54567
54568
54569
54572
54572
54573
54573
54573
54574
54575
54575
54576
54577
54578
54578
54579
54580
54581
54581
54581
54582
54586
54586
54587
54589
54589
54590
54591
54592
54592
54593
54593
54593
54593
54596
54597
54597
54602
54602
54602
54603
54603
54603
54605
54605
54607
54607
54607
54608
54609
54610
54611
54613
54613
54614
54615
54616
54618
54621
54621
54622
54622
54623
54626
54626
54627
54627
54627
54628
54629
54632
54633
54633
54634
54639
54641
54641
54641
54642
54644
54645
54645
54645
54645
54649
54650
54651
54656
54658
54658
54659
54659
54659
54660
54660
54661
54661
54661
54662
54662
54666
54667
54668
54668
54669
54669
54672
54672
54674
54674
54675
54676
54678
54679
54680
54680
54681
54681
54681
54681
54683
54683
54683
54683
54687
54688
54688
54688
54695
54697
54697
54698
54699
54700
54700
54701
54702
54702
54703
54703
54704
54705
54705
54706
54709
54709
54710
54710
54711
54711
54712
54713
54714
54715
54716
54718
54718
54718
54719
54720
54720
54721
54721
54722
54722
54723
54724
54724
54728
54730
54731
54732
54732
54734
54735
54736
54736
54738
54738
54738
54739
54740
54741
54742
54743
54744
54744
54744
54745
54746
54747
54747
54747
54748
54750
54751
54751
54753
54756
54757
54758
54759
54760
54761
54761
54762
54763
54764
54764
54764
54765
54767
54768
54768
54768
54769
54770
54772
54772
54773
54773
54778
54780
54781
54783
54784
54784
54790
54790
54792
54792
54792
54793
54795
54796
54796
54799
54799
54799
54800
54801
54803
54805
54806
54806
54807
54807
54808
54808
54809
54811
54813
54813
54814
54814
54815
54815
54815
54816
54818
54820
54822
54822
54823
54824
54824
54826
54828
54828
54830
54830
54831
54832
54832
54833
54834
54835
54835
54835
54836
54837
54837
54837
54838
54839
54840
54843
54847
54847
54848
54848
54850
54850
54850
54851
54853
54854
54854
54855
54855
54855
54856
54857
54859
54861
54861
54861
54862
54862
54862
54863
54864
54864
54864
54864
54864
54865
54865
54867
54868
54868
54868
54868
54871
54871
54872
54872
54873
54876
54876
54876
54878
54880
54880
54882
54884
54885
54886
54887
54888
54890
54891
54892
54892
54893
54894
54895
54896
54897
54897
54898
54899
54899
54899
54900
54906
54907
54907
54908
54908
54910
54910
54911
54913
54914
54918
54918
54922
54922
54923
54923
54924
54924
54926
54927
54928
54929
54930
54931
54933
54934
54934
54935
54937
54938
54938
54939
54939
54939
54939
54941
54941
54941
54943
54945
54945
54945
54947
54948
54949
54949
54950
54951
54952
54953
54953
54955
54956
54956
54958
54958
54959
54961
54962
54962
54964
54965
54967
54967
54968
54970
54972
54973
54975
54976
54976
54977
54979
54979
54980
54980
54982
54983
54987
54987
54989
54991
54992
54992
54995
54995
54997
54997
54999
55000
55001
55004
55006
55007
55009
55009
55010
55012
55013
55014
55017
55018
55018
55019
55021
55021
55022
55023
55023
55024
55024
55024
55024
55025
55026
55026
55027
55027
55029
55030
55031
55031
55033
55033
55033
55034
55034
55034
55036
55037
55037
55038
55038
55039
55042
55042
55042
55044
55045
55045
55045
55046
55046
55047
55047
55049
55050
55051
55051
55052
55053
55054
55056
55056
55057
55060
55061
55062
55063
55063
55064
55067
55068
55068
55071
55071
55071
55073
55073
55075
55076
55078
55079
55080
55080
55081
55082
55083
55084
55084
55088
55088
55088
55089
55089
55090
55090
55090
55090
55092
55097
55098
55100
55101
55101
55102
55102
55102
55104
55106
55108
55109
55109
55111
55112
55113
55114
55115
55115
55115
55116
55120
55121
55121
55121
55121
55122
55122
55123
55123
55124
55125
55125
55127
55128
55128
55130
55131
55131
55133
55135
55137
55138
55140
55141
55141
55141
55143
55144
55145
55147
55148
55148
55149
55150
55150
55150
55151
55152
55153
55153
55154
55155
55156
55156
55158
55159
55160
55160
55161
55162
55162
55164
55165
55165
55166
55166
55167
55168
55170
55172
55172
55173
55173
55174
55175
55177
55178
55178
55179
55179
55181
55183
55186
55188
55188
55189
55192
55193
55194
55195
55198
55198
55198
55199
55199
55200
55201
55201
55202
55203
55203
55205
55207
55207
55208
55208
55209
55209
55212
55212
55215
55215
55215
55216
55218
55218
55219
55220
55222
55222
55223
55227
55229
55229
55231
55231
55232
55232
55233
55233
55235
55238
55239
55239
55241
55242
55243
55247
55248
55251
55251
55252
55253
55255
55255
55257
55258
55259
55260
55261
55262
55263
55267
55269
55272
55274
55275
55276
55276
55276
55279
55279
55281
55282
55283
55285
55285
55285
55287
55287
55288
55289
55290
55292
55292
55295
55295
55295
55295
55297
55298
55299
55301
55302
55302
55304
55304
55305
55308
55310
55310
55311
55313
55317
55317
55318
55320
55321
55322
55323
55323
55325
55325
55327
55328
55329
55331
55331
55333
55334
55335
55336
55340
55343
55343
55344
55345
55345
55345
55347
55350
55351
55352
55352
55352
55355
55356
55357
55358
55360
55361
55362
55364
55367
55368
55368
55370
55370
55372
55372
55373
55374
55374
55375
55375
55377
55380
55380
55382
55382
55383
55385
55387
55387
55388
55389
55390
55390
55390
55392
55394
55394
55396
55397
55397
55398
55398
55399
55400
55403
55403
55404
55404
55405
55406
55407
55407
55408
55408
55408
55408
55410
55413
55416
55416
55416
55417
55417
55417
55418
55419
55420
55421
55421
55422
55424
55435
55437
55438
55438
55439
55442
55442
55443
55444
55445
55445
55446
55446
55451
55451
55451
55455
55458
55458
55461
55461
55464
55465
55467
55468
55468
55468
55470
55470
55472
55475
55476
55479
55480
55481
55482
55483
55484
55484
55485
55485
55485
55487
55487
55487
55488
55488
55489
55489
55491
55491
55491
55491
55493
55494
55496
55496
55497
55497
55499
55503
55503
55505
55508
55509
55509
55511
55514
55514
55516
55522
55523
55523
55523
55527
55530
55530
55531
55532
55532
55535
55536
55536
55537
55538
55539
55539
55540
55541
55542
55543
55544
55544
55545
55545
55547
55548
55548
55548
55549
55550
55550
55552
55552
55552
55554
55555
55556
55556
55557
55558
55558
55558
55560
55561
55561
55561
55562
55564
55565
55566
55566
55571
55571
55571
55572
55573
55574
55574
55575
55575
55577
55578
55578
55581
55582
55583
55583
55586
55587
55588
55588
55588
55593
55593
55594
55594
55595
55595
55595
55595
55595
55596
55597
55599
55599
55600
55600
55601
55601
55601
55601
55603
55604
55604
55604
55604
55605
55606
55606
55606
55609
55609
55610
55610
55611
55612
55614
55614
55614
55615
55616
55616
55620
55620
55622
55622
55623
55624
55625
55625
55625
55626
55627
55627
55629
55630
55630
55633
55634
55634
55634
55635
55637
55639
55639
55639
55641
55642
55642
55642
55645
55645
55646
55647
55650
55651
55652
55654
55655
55655
55655
55655
55655
55658
55660
55662
55663
55663
55668
55669
55669
55671
55671
55672
55673
55676
55678
55678
55680
55681
55681
55681
55681
55684
55685
55687
55689
55689
55690
55690
55692
55692
55693
55694
55696
55696
55696
55697
55698
55699
55701
55703
55704
55705
55706
55708
55708
55709
55710
55711
55712
55712
55712
55714
55714
55716
55716
55717
55718
55718
55719
55720
55720
55720
55721
55721
55722
55724
55725
55726
55726
55726
55728
55729
55729
55731
55732
55734
55734
55735
55735
55737
55737
55738
55739
55741
55742
55743
55743
55743
55743
55743
55746
55746
55748
55749
55750
55750
55751
55751
55751
55752
55753
55753
55754
55755
55756
55757
55758
55758
55758
55759
55761
55763
55763
55763
55765
55766
55766
55766
55766
55768
55769
55770
55770
55771
55772
55772
55773
55774
55775
55776
55780
55782
55785
55785
55785
55785
55787
55787
55787
55787
55791
55792
55796
55796
55797
55801
55802
55807
55807
55807
55809
55809
55810
55810
55811
55811
55813
55813
55815
55815
55817
55819
55820
55821
55822
55823
55824
55824
55826
55827
55827
55829
55829
55831
55831
55831
55831
55832
55832
55835
55837
55837
55838
55838
55838
55838
55840
55841
55841
55843
55843
55844
55844
55844
55846
55846
55847
55848
55849
55850
55850
55854
55854
55854
55855
55856
55858
55859
55859
55860
55861
55862
55862
55863
55864
55865
55865
55867
55869
55869
55873
55875
55875
55876
55878
55878
55879
55879
55880
55881
55882
55884
55884
55884
55886
55888
55889
55891
55892
55893
55894
55897
55897
55898
55899
55899
55899
55901
55902
55903
55905
55905
55907
55907
55909
55909
55911
55912
55912
55914
55914
55915
55915
55915
55916
55917
55919
55921
55925
55926
55926
55926
55928
55928
55929
55929
55929
55929
55930
55934
55935
55935
55937
55940
55941
55941
55941
55942
55942
55946
55946
55951
55952
55953
55953
55953
55955
55956
55957
55957
55957
55958
55958
55960
55962
55964
55964
55966
55967
55969
55969
55969
55970
55972
55972
55973
55973
55974
55976
55980
55980
55982
55983
55984
55984
55986
55987
55987
55988
55989
55989
55989
55993
55994
55994
55998
56000
56001
56002
56007
56007
56008
56008
56009
56009
56010
56011
56012
56012
56013
56016
56016
56016
56017
56017
56017
56018
56021
56022
56024
56025
56025
56026
56027
56027
56029
56030
56030
56030
56031
56031
56032
56032
56033
56033
56033
56034
56034
56036
56036
56040
56041
56042
56042
56043
56044
56044
56045
56045
56046
56047
56048
56048
56049
56049
56050
56050
56050
56051
56051
56052
56053
56054
56056
56059
56060
56061
56061
56062
56064
56064
56066
56067
56067
56068
56070
56071
56072
56072
56073
56073
56074
56074
56075
56077
56081
56086
56087
56088
56089
56089
56090
56091
56094
56094
56096
56099
56099
56099
56102
56103
56103
56104
56104
56105
56105
56106
56108
56108
56108
56108
56109
56110
56110
56110
56112
56112
56113
56117
56118
56118
56123
56125
56128
56128
56128
56129
56129
56130
56131
56132
56132
56133
56133
56133
56133
56135
56135
56136
56137
56137
56140
56141
56142
56142
56144
56146
56147
56147
56150
56151
56151
56151
56154
56156
56157
56157
56158
56159
56162
56165
56166
56166
56166
56167
56170
56173
56175
56175
56177
56177
56178
56178
56180
56183
56184
56185
56187
56187
56188
56188
56190
56191
56192
56192
56193
56194
56195
56196
56197
56198
56198
56198
56199
56199
56201
56202
56202
56203
56204
56204
56204
56205
56206
56207
56207
56208
56209
56210
56215
56216
56219
56219
56220
56222
56222
56223
56223
56224
56226
56226
56227
56229
56230
56231
56231
56232
56233
56234
56234
56234
56235
56235
56235
56241
56243
56245
56245
56245
56245
56246
56246
56246
56247
56247
56250
56250
56251
56251
56251
56253
56253
56255
56256
56257
56257
56257
56259
56260
56261
56262
56263
56265
56265
56266
56268
56268
56269
56269
56270
56270
56271
56271
56273
56274
56274
56275
56276
56276
56276
56280
56283
56287
56290
56291
56291
56291
56292
56292
56293
56295
56296
56298
56298
56298
56301
56303
56303
56304
56304
56304
56305
56306
56306
56308
56313
56315
56316
56317
56318
56319
56320
56320
56321
56322
56322
56322
56324
56324
56327
56327
56328
56328
56329
56329
56331
56332
56332
56332
56334
56338
56339
56339
56341
56341
56341
56344
56345
56346
56347
56348
56348
56352
56353
56354
56354
56355
56355
56356
56356
56357
56358
56360
56360
56360
56361
56361
56362
56363
56363
56365
56365
56367
56368
56369
56369
56376
56376
56377
56378
56379
56379
56381
56381
56381
56381
56383
56384
56384
56384
56386
56387
56387
56387
56388
56391
56392
56393
56393
56396
56398
56398
56398
56401
56401
56402
56403
56404
56405
56405
56406
56409
56412
56415
56415
56418
56418
56419
56419
56419
56421
56422
56422
56423
56425
56426
56427
56427
56429
56429
56431
56432
56432
56432
56432
56432
56433
56434
56435
56436
56436
56437
56437
56437
56438
56440
56441
56441
56441
56442
56442
56443
56445
56446
56447
56450
56450
56451
56452
56452
56453
56454
56454
56456
56456
56457
56457
56459
56459
56461
56461
56461
56461
56461
56462
56463
56464
56464
56467
56468
56469
56469
56471
56473
56474
56474
56476
56477
56477
56478
56480
56481
56482
56482
56483
56484
56485
56485
56487
56487
56488
56488
56488
56488
56489
56490
56492
56493
56497
56497
56499
56499
56501
56501
56502
56503
56504
56506
56507
56508
56508
56509
56511
56511
56513
56513
56516
56516
56519
56519
56519
56520
56520
56521
56523
56525
56525
56525
56525
56526
56530
56530
56531
56531
56532
56532
56536
56539
56539
56539
56539
56540
56541
56541
56543
56543
56544
56544
56545
56546
56548
56548
56548
56549
56549
56550
56551
56552
56552
56553
56553
56555
56556
56556
56557
56557
56558
56559
56559
56560
56560
56560
56560
56562
56564
56565
56567
56567
56568
56571
56572
56572
56572
56574
56574
56574
56575
56575
56577
56577
56577
56578
56579
56582
56583
56584
56584
56585
56586
56587
56588
56588
56590
56591
56591
56591
56591
56592
56593
56596
56597
56597
56599
56602
56603
56603
56604
56606
56608
56609
56610
56610
56611
56612
56613
56614
56614
56618
56618
56619
56620
56620
56621
56623
56623
56624
56625
56628
56629
56629
56629
56630
56632
56633
56635
56636
56636
56637
56637
56639
56639
56639
56641
56641
56641
56642
56643
56644
56649
56650
56651
56651
56651
56652
56653
56654
56655
56655
56656
56657
56657
56658
56662
56664
56666
56666
56668
56668
56669
56670
56670
56670
56671
56672
56675
56675
56676
56678
56679
56679
56680
56683
56683
56684
56685
56685
56686
56689
56690
56692
56692
56692
56693
56694
56695
56695
56696
56696
56697
56697
56700
56700
56702
56702
56703
56704
56704
56705
56707
56708
56709
56710
56710
56712
56712
56716
56717
56718
56719
56721
56722
56723
56723
56723
56724
56724
56726
56727
56727
56728
56728
56729
56732
56732
56734
56736
56737
56737
56738
56738
56738
56739
56739
56739
56740
56740
56741
56743
56744
56744
56746
56749
56750
56750
56751
56758
56760
56761
56764
56766
56767
56770
56771
56773
56773
56775
56777
56778
56779
56779
56781
56781
56781
56781
56781
56781
56782
56782
56783
56785
56785
56786
56790
56792
56793
56793
56794
56794
56795
56795
56795
56796
56798
56798
56799
56801
56801
56801
56802
56803
56804
56808
56809
56809
56810
56812
56814
56819
56821
56824
56824
56824
56825
56825
56826
56828
56828
56831
56833
56836
56836
56837
56837
56840
56841
56844
56844
56844
56851
56852
56852
56855
56856
56856
56856
56857
56859
56859
56859
56859
56860
56860
56863
56863
56864
56866
56866
56866
56867
56868
56869
56870
56871
56872
56872
56874
56881
56883
56884
56884
56884
56886
56888
56889
56889
56891
56892
56892
56893
56894
56895
56896
56897
56897
56898
56900
56901
56901
56902
56902
56903
56904
56904
56904
56906
56909
56910
56910
56911
56913
56914
56916
56916
56917
56919
56919
56920
56922
56924
56925
56926
56928
56929
56929
56930
56930
56931
56931
56931
56932
56932
56935
56936
56937
56938
56940
56940
56941
56942
56943
56944
56944
56944
56944
56944
56946
56949
56953
56953
56954
56955
56955
56956
56958
56959
56960
56960
56962
56963
56964
56965
56966
56967
56969
56970
56972
56977
56978
56978
56978
56978
56980
56982
56983
56984
56984
56985
56985
56987
56987
56987
56987
56990
56990
56994
56994
56995
56996
56998
57000
57000
57001
57001
57003
57007
57008
57008
57008
57008
57010
57011
57011
57012
57012
57013
57014
57014
57014
57015
57016
57017
57017
57017
57018
57019
57020
57022
57025
57025
57027
57027
57028
57030
57032
57033
57034
57035
57040
57040
57041
57041
57042
57043
57044
57046
57046
57046
57048
57048
57050
57052
57053
57054
57054
57055
57055
57055
57057
57059
57059
57060
57060
57060
57061
57061
57062
57064
57065
57068
57070
57071
57072
57073
57077
57078
57078
57078
57078
57079
57079
57080
57081
57082
57082
57082
57083
57084
57085
57085
57086
57086
57088
57090
57090
57090
57091
57091
57093
57094
57095
57095
57095
57098
57098
57099
57100
57103
57106
57107
57110
57110
57113
57114
57114
57114
57115
57115
57117
57118
57119
57119
57120
57120
57123
57123
57123
57123
57124
57124
57126
57128
57130
57130
57131
57131
57133
57134
57134
57136
57136
57138
57139
57141
57143
57144
57145
57145
57146
57148
57149
57149
57149
57149
57152
57154
57156
57157
57158
57159
57161
57161
57161
57162
57164
57164
57166
57166
57166
57166
57167
57168
57168
57168
57169
57171
57171
57173
57174
57174
57175
57176
57177
57178
57180
57182
57184
57186
57187
57188
57190
57191
57191
57192
57192
57192
57193
57196
57196
57196
57196
57197
57198
57199
57200
57201
57202
57202
57202
57203
57208
57209
57211
57212
57213
57213
57214
57215
57215
57217
57218
57218
57218
57218
57222
57222
57225
57226
57226
57226
57226
57229
57230
57230
57231
57232
57233
57234
57237
57238
57242
57242
57242
57243
57243
57243
57244
57244
57246
57246
57251
57251
57251
57255
57256
57258
57261
57261
57261
57266
57266
57267
57267
57269
57271
57271
57272
57273
57273
57277
57277
57277
57278
57278
57279
57280
57281
57283
57284
57285
57286
57286
57287
57287
57288
57289
57291
57292
57292
57295
57298
57299
57301
57302
57302
57305
57307
57308
57310
57311
57312
57312
57313
57313
57314
57315
57316
57316
57317
57318
57319
57320
57323
57325
57325
57325
57326
57326
57327
57328
57329
57330
57333
57333
57336
57336
57337
57338
57342
57346
57348
57349
57351
57351
57352
57352
57353
57353
57354
57354
57354
57355
57355
57356
57356
57356
57358
57359
57360
57361
57366
57366
57367
57367
57369
57371
57372
57372
57373
57374
57374
57374
57374
57376
57378
57379
57380
57382
57383
57383
57387
57387
57388
57391
57392
57393
57394
57396
57397
57397
57400
57401
57402
57402
57402
57403
57403
57404
57404
57407
57407
57408
57410
57411
57413
57413
57416
57416
57416
57416
57416
57417
57418
57418
57419
57419
57419
57419
57420
57420
57420
57420
57420
57422
57422
57425
57426
57428
57430
57430
57430
57431
57431
57431
57433
57434
57434
57435
57435
57436
57437
57438
57438
57438
57441
57442
57442
57442
57442
57445
57445
57447
57447
57449
57450
57451
57451
57453
57456
57458
57462
57462
57464
57465
57467
57467
57467
57468
57468
57471
57471
57472
57472
57473
57474
57474
57475
57476
57476
57479
57480
57481
57481
57481
57483
57484
57484
57486
57487
57492
57493
57494
57496
57496
57496
57497
57497
57497
57497
57498
57499
57499
57499
57499
57500
57501
57501
57502
57502
57502
57503
57504
57504
57505
57505
57506
57507
57508
57508
57509
57509
57509
57510
57512
57512
57513
57513
57514
57516
57518
57520
57521
57521
57522
57522
57523
57523
57523
57524
57525
57527
57527
57527
57528
57528
57530
57534
57534
57535
57537
57539
57539
57539
57539
57540
57540
57542
57544
57545
57548
57549
57549
57549
57549
57550
57550
57551
57555
57555
57555
57556
57557
57558
57559
57559
57560
57561
57562
57562
57563
57563
57563
57563
57566
57567
57569
57570
57572
57572
57573
57574
57574
57574
57575
57575
57576
57577
57577
57577
57577
57579
57579
57581
57581
57582
57583
57583
57584
57584
57588
57591
57592
57592
57593
57594
57598
57599
57599
57600
57600
57602
57602
57602
57605
57606
57608
57609
57612
57614
57616
57617
57619
57619
57619
57622
57623
57623
57623
57625
57626
57626
57627
57627
57627
57628
57628
57629
57631
57634
57634
57635
57641
57642
57643
57646
57647
57647
57647
57647
57648
57649
57649
57649
57650
57650
57651
57653
57653
57653
57655
57656
57656
57659
57659
57660
57662
57663
57665
57666
57667
57669
57669
57669
57670
57671
57672
57673
57674
57674
57675
57676
57677
57682
57683
57683
57683
57683
57686
57686
57687
57687
57690
57691
57691
57694
57696
57698
57701
57701
57701
57703
57705
57707
57708
57710
57711
57711
57711
57711
57712
57712
57712
57713
57713
57714
57715
57715
57715
57718
57718
57718
57719
57721
57721
57722
57722
57724
57725
57727
57727
57728
57728
57728
57728
57729
57731
57731
57731
57732
57733
57734
57735
57735
57736
57736
57738
57738
57738
57739
57739
57740
57740
57740
57741
57742
57743
57743
57744
57745
57745
57745
57747
57751
57751
57751
57751
57752
57754
57755
57757
57758
57759
57760
57764
57765
57767
57767
57768
57768
57768
57770
57771
57771
57772
57772
57773
57773
57774
57775
57778
57778
57780
57781
57782
57782
57784
57784
57785
57786
57789
57791
57793
57794
57794
57797
57798
57800
57800
57801
57802
57806
57807
57807
57808
57809
57812
57812
57814
57815
57816
57817
57817
57818
57818
57819
57819
57819
57820
57821
57821
57823
57824
57825
57825
57826
57827
57827
57829
57830
57831
57831
57832
57834
57835
57835
57839
57840
57841
57841
57843
57843
57844
57849
57851
57851
57851
57853
57854
57855
57855
57856
57858
57858
57859
57859
57860
57861
57861
57862
57862
57863
57864
57866
57867
57867
57869
57870
57871
57872
57872
57874
57874
57874
57875
57876
57876
57876
57877
57878
57880
57882
57882
57883
57886
57886
57886
57888
57889
57890
57890
57890
57890
57891
57892
57893
57894
57894
57895
57895
57895
57897
57899
57900
57901
57903
57903
57904
57904
57909
57909
57911
57913
57914
57914
57915
57916
57918
57921
57925
57926
57929
57929
57929
57931
57934
57935
57936
57936
57937
57937
57937
57938
57939
57943
57946
57946
57949
57949
57950
57950
57950
57951
57952
57954
57954
57956
57957
57960
57960
57961
57962
57962
57964
57964
57969
57969
57970
57971
57973
57973
57974
57976
57977
57977
57978
57978
57979
57979
57981
57981
57983
57983
57984
57986
57986
57987
57988
57989
57991
57991
57992
57992
57993
57994
57996
57996
57996
57997
57999
57999
58000
58001
58002
58003
58003
58006
58007
58008
58011
58013
58013
58014
58015
58015
58018
58019
58019
58020
58021
58021
58024
58024
58025
58026
58026
58027
58027
58029
58030
58031
58031
58035
58036
58036
58038
58038
58041
58041
58044
58045
58049
58049
58051
58051
58054
58055
58055
58056
58057
58057
58058
58058
58059
58060
58060
58060
58061
58065
58066
58066
58066
58068
58069
58072
58073
58074
58074
58075
58076
58076
58077
58077
58078
58078
58079
58079
58080
58083
58084
58085
58085
58086
58086
58088
58089
58091
58092
58093
58094
58094
58096
58096
58096
58098
58100
58100
58104
58104
58107
58108
58109
58109
58111
58113
58113
58114
58116
58117
58118
58120
58120
58120
58121
58122
58123
58123
58123
58124
58124
58125
58126
58127
58127
58128
58129
58129
58130
58130
58131
58135
58135
58135
58136
58137
58139
58143
58145
58146
58146
58146
58148
58149
58151
58154
58155
58157
58158
58158
58159
58161
58161
58163
58163
58164
58164
58164
58166
58166
58167
58168
58171
58173
58173
58173
58173
58175
58175
58175
58176
58176
58178
58179
58180
58181
58181
58182
58182
58184
58184
58184
58184
58189
58189
58190
58191
58192
58192
58192
58192
58193
58194
58195
58196
58196
58197
58198
58199
58200
58200
58201
58201
58202
58203
58203
58204
58205
58205
58206
58207
58208
58208
58209
58209
58209
58209
58209
58210
58210
58211
58212
58212
58213
58214
58214
58215
58215
58216
58216
58217
58217
58218
58219
58219
58219
58220
58220
58220
58222
58223
58223
58224
58225
58228
58234
58234
58234
58235
58236
58237
58238
58240
58241
58242
58242
58243
58243
58244
58249
58250
58250
58251
58251
58252
58252
58254
58256
58258
58258
58259
58260
58262
58262
58267
58267
58267
58268
58269
58270
58270
58271
58272
58272
58272
58272
58273
58273
58275
58275
58275
58278
58278
58279
58281
58281
58281
58282
58284
58285
58285
58289
58289
58291
58291
58292
58293
58293
58294
58295
58296
58297
58299
58299
58300
58301
58304
58306
58307
58309
58311
58312
58312
58312
58314
58318
58318
58319
58319
58320
58320
58321
58321
58322
58322
58322
58323
58323
58326
58326
58326
58326
58326
58327
58327
58328
58328
58328
58329
58329
58331
58332
58332
58336
58336
58337
58338
58339
58339
58339
58340
58341
58343
58344
58346
58347
58348
58348
58350
58350
58351
58354
58355
58357
58359
58361
58361
58363
58365
58365
58366
58366
58367
58369
58370
58370
58371
58372
58373
58374
58374
58375
58376
58376
58377
58382
58385
58386
58386
58386
58387
58387
58388
58388
58389
58391
58392
58392
58394
58394
58395
58397
58398
58399
58401
58402
58404
58405
58407
58408
58408
58410
58411
58412
58413
58415
58415
58417
58418
58418
58419
58423
58423
58424
58424
58425
58425
58426
58429
58430
58430
58430
58432
58432
58432
58433
58434
58436
58437
58438
58439
58439
58439
58440
58442
58443
58443
58443
58443
58445
58445
58446
58447
58448
58449
58450
58451
58451
58453
58455
58455
58462
58462
58462
58463
58463
58463
58464
58465
58465
58467
58468
58468
58469
58469
58470
58472
58473
58474
58475
58475
58476
58476
58476
58477
58477
58480
58483
58484
58484
58484
58484
58485
58486
58486
58489
58490
58490
58491
58493
58496
58497
58497
58497
58498
58500
58502
58504
58504
58505
58506
58508
58511
58511
58511
58513
58515
58515
58515
58515
58517
58518
58521
58522
58524
58527
58527
58527
58529
58530
58536
58537
58538
58538
58540
58543
58545
58545
58546
58547
58547
58548
58548
58548
58549
58550
58551
58552
58553
58553
58554
58555
58555
58558
58560
58560
58562
58563
58564
58565
58566
58570
58570
58571
58573
58574
58574
58577
58577
58578
58581
58582
58582
58583
58584
58584
58584
58585
58587
58588
58588
58589
58590
58592
58592
58594
58594
58596
58596
58599
58599
58600
58602
58603
58605
58605
58606
58607
58608
58611
58612
58612
58612
58613
58614
58616
58616
58617
58618
58619
58619
58619
58620
58620
58621
58622
58622
58623
58625
58626
58626
58628
58629
58629
58629
58629
58630
58631
58631
58632
58633
58633
58634
58638
58639
58639
58639
58639
58640
58641
58641
58642
58642
58643
58643
58644
58645
58647
58647
58648
58648
58648
58649
58649
58651
58654
58654
58655
58657
58657
58660
58661
58661
58663
58664
58665
58667
58668
58670
58671
58673
58673
58673
58675
58675
58677
58677
58680
58682
58684
58684
58686
58686
58690
58690
58690
58694
58694
58697
58697
58697
58698
58704
58704
58704
58706
58707
58710
58710
58710
58711
58711
58711
58713
58713
58713
58713
58714
58714
58714
58715
58716
58722
58725
58726
58726
58727
58729
58730
58730
58730
58731
58733
58735
58736
58739
58740
58742
58743
58744
58746
58748
58751
58752
58756
58758
58758
58759
58759
58760
58761
58762
58763
58763
58764
58766
58767
58768
58769
58770
58776
58777
58778
58779
58779
58779
58780
58781
58782
58782
58782
58787
58788
58788
58790
58790
58790
58791
58791
58791
58792
58793
58793
58795
58797
58798
58799
58799
58799
58800
58801
58801
58801
58804
58804
58805
58807
58810
58810
58815
58817
58818
58818
58819
58820
58821
58823
58824
58824
58825
58825
58826
58827
58827
58828
58828
58829
58830
58832
58833
58837
58837
58838
58838
58839
58839
58840
58840
58841
58842
58843
58843
58843
58852
58853
58853
58854
58854
58856
58857
58859
58860
58861
58862
58863
58863
58867
58869
58869
58869
58870
58872
58876
58877
58879
58880
58880
58881
58882
58882
58883
58883
58884
58886
58887
58887
58888
58888
58889
58889
58889
58890
58890
58892
58893
58893
58894
58894
58894
58896
58897
58899
58901
58903
58904
58904
58907
58908
58910
58911
58911
58915
58915
58917
58919
58919
58920
58920
58921
58922
58923
58924
58924
58925
58925
58926
58926
58927
58928
58930
58930
58931
58931
58931
58932
58934
58936
58936
58936
58940
58941
58941
58942
58942
58943
58943
58946
58947
58949
58950
58952
58952
58953
58954
58954
58955
58955
58956
58957
58958
58959
58959
58962
58963
58963
58964
58967
58967
58968
58968
58971
58971
58973
58973
58973
58976
58977
58978
58979
58980
58980
58981
58982
58983
58983
58985
58986
58986
58986
58989
58990
58991
58991
58994
58994
58994
58995
58996
58996
58997
58998
58998
58998
59000
59001
59002
59003
59003
59003
59005
59006
59006
59007
59008
59009
59009
59010
59012
59012
59015
59015
59017
59017
59019
59019
59019
59019
59019
59021
59021
59022
59023
59023
59026
59027
59028
59029
59029
59030
59031
59031
59036
59036
59037
59039
59040
59040
59041
59042
59043
59044
59044
59046
59046
59047
59047
59049
59049
59050
59051
59054
59055
59055
59062
59062
59062
59063
59064
59064
59065
59066
59067
59069
59074
59076
59077
59078
59078
59081
59081
59082
59082
59085
59087
59089
59090
59091
59092
59093
59093
59094
59094
59094
59095
59098
59099
59102
59102
59102
59103
59104
59105
59105
59106
59107
59108
59110
59110
59110
59111
59111
59112
59112
59112
59112
59116
59117
59119
59119
59119
59120
59123
59124
59124
59125
59127
59127
59129
59129
59130
59130
59131
59132
59132
59133
59134
59134
59135
59138
59139
59140
59140
59141
59142
59143
59143
59147
59147
59147
59147
59148
59148
59148
59149
59149
59149
59150
59153
59156
59156
59156
59157
59157
59157
59158
59159
59159
59159
59159
59160
59160
59162
59163
59166
59167
59167
59167
59170
59171
59171
59174
59174
59175
59176
59176
59177
59177
59178
59178
59180
59181
59181
59181
59183
59184
59185
59185
59186
59192
59195
59195
59196
59198
59198
59200
59202
59203
59203
59205
59206
59206
59206
59207
59207
59209
59211
59211
59212
59213
59213
59214
59214
59215
59216
59217
59217
59217
59218
59219
59219
59219
59220
59221
59222
59222
59223
59224
59225
59228
59228
59229
59230
59230
59231
59234
59235
59236
59236
59236
59238
59238
59238
59238
59239
59240
59240
59242
59243
59244
59245
59245
59245
59246
59246
59247
59247
59247
59247
59248
59250
59251
59251
59252
59254
59254
59254
59256
59256
59257
59258
59258
59259
59259
59259
59260
59260
59261
59261
59262
59262
59263
59263
59263
59265
59266
59267
59268
59269
59272
59274
59275
59276
59277
59278
59278
59281
59282
59283
59283
59287
59288
59288
59291
59292
59292
59293
59293
59295
59296
59297
59298
59299
59299
59300
59300
59301
59301
59304
59306
59306
59308
59308
59309
59311
59313
59315
59317
59321
59321
59325
59325
59325
59325
59325
59326
59327
59327
59328
59329
59329
59331
59334
59334
59334
59336
59339
59339
59340
59341
59342
59342
59344
59345
59349
59350
59350
59352
59355
59357
59357
59358
59358
59359
59359
59361
59363
59367
59370
59370
59370
59372
59372
59372
59372
59373
59374
59374
59377
59377
59382
59383
59383
59386
59387
59389
59391
59392
59392
59392
59393
59393
59395
59395
59397
59397
59398
59400
59400
59400
59401
59401
59403
59405
59408
59408
59409
59410
59410
59412
59412
59414
59415
59415
59415
59416
59417
59418
59419
59423
59423
59423
59424
59426
59427
59427
59427
59427
59428
59429
59431
59432
59435
59435
59436
59437
59437
59437
59439
59442
59442
59444
59448
59448
59451
59452
59452
59453
59453
59453
59453
59455
59455
59457
59457
59458
59460
59461
59462
59462
59464
59466
59466
59468
59469
59469
59470
59470
59471
59471
59473
59474
59475
59476
59478
59479
59482
59482
59483
59483
59484
59484
59486
59486
59487
59489
59492
59494
59495
59495
59496
59496
59498
59498
59500
59500
59501
59504
59507
59507
59507
59507
59508
59509
59510
59511
59511
59512
59512
59512
59513
59514
59515
59515
59517
59518
59518
59520
59520
59524
59524
59527
59527
59529
59530
59530
59531
59532
59533
59535
59536
59536
59537
59537
59538
59538
59539
59540
59541
59543
59544
59545
59546
59546
59546
59547
59550
59553
59553
59554
59555
59557
59557
59557
59559
59559
59561
59561
59563
59563
59563
59564
59564
59565
59566
59569
59569
59570
59570
59571
59572
59573
59573
59574
59574
59574
59575
59579
59579
59580
59580
59580
59581
59583
59585
59585
59586
59591
59592
59592
59592
59594
59595
59596
59596
59597
59598
59598
59599
59599
59600
59600
59601
59602
59602
59603
59603
59604
59604
59604
59604
59604
59605
59606
59606
59606
59609
59610
59612
59612
59613
59613
59614
59614
59614
59614
59615
59615
59615
59616
59617
59619
59621
59621
59621
59623
59623
59624
59626
59626
59627
59627
59629
59630
59631
59632
59632
59633
59637
59638
59638
59640
59640
59640
59641
59642
59642
59643
59645
59645
59647
59649
59650
59652
59653
59653
59653
59654
59654
59655
59655
59657
59657
59657
59657
59658
59658
59662
59662
59663
59664
59664
59665
59665
59665
59666
59666
59666
59667
59667
59668
59668
59669
59669
59669
59676
59677
59677
59677
59678
59679
59680
59680
59680
59682
59682
59688
59688
59689
59689
59689
59690
59690
59691
59691
59692
59694
59695
59695
59696
59697
59699
59700
59701
59702
59703
59703
59704
59704
59704
59706
59706
59707
59708
59708
59708
59708
59712
59712
59713
59714
59715
59715
59716
59716
59718
59720
59721
59721
59724
59728
59729
59729
59729
59730
59730
59731
59732
59732
59733
59733
59734
59734
59736
59736
59737
59738
59738
59739
59740
59740
59741
59745
59746
59747
59747
59748
59749
59749
59750
59751
59752
59753
59754
59754
59756
59756
59756
59758
59759
59759
59761
59761
59762
59763
59764
59764
59765
59766
59768
59768
59768
59771
59773
59773
59773
59775
59775
59776
59778
59779
59780
59781
59781
59782
59783
59784
59785
59785
59786
59787
59788
59789
59790
59792
59793
59793
59793
59794
59794
59797
59797
59797
59797
59799
59799
59801
59802
59802
59802
59803
59804
59804
59805
59807
59808
59813
59814
59814
59818
59818
59819
59819
59819
59820
59821
59821
59821
59821
59821
59822
59822
59823
59826
59826
59828
59828
59829
59829
59829
59830
59832
59834
59836
59837
59837
59838
59839
59840
59841
59841
59845
59845
59845
59845
59846
59847
59847
59847
59847
59847
59849
59850
59851
59852
59853
59853
59853
59853
59854
59856
59856
59856
59857
59857
59857
59857
59858
59859
59859
59862
59862
59862
59863
59863
59864
59866
59866
59867
59867
59869
59869
59870
59871
59873
59873
59874
59874
59876
59877
59878
59879
59880
59880
59881
59881
59881
59883
59884
