90071
90071
90072
90072
90073
90073
90073
90073
90076
90079
90079
90081
90082
90082
90082
90083
90083
90084
90085
90085
90088
90089
90090
90092
90093
90094
90095
90096
90096
90097
90102
90102
90102
90103
90106
90108
90108
90109
90109
90110
90112
90112
90112
90114
90114
90114
90118
90118
90119
90120
90121
90121
90123
90123
90123
90124
90128
90129
90129
90131
90131
90133
90135
90135
90138
90138
90138
90139
90140
90140
90141
90142
90145
90147
90148
90149
90149
90153
90154
90154
90156
90157
90157
90158
90158
90159
90159
90160
90160
90160
90161
90163
90163
90164
90165
90168
90168
90169
90173
90173
90174
90175
90176
90177
90178
90179
90180
90180
90181
90182
90185
90185
90187
90187
90190
90190
90191
90192
90193
90194
90196
90199
90201
90201
90201
90201
90202
90202
90202
90205
90205
90207
90209
90210
90210
90213
90214
90217
90217
90219
90222
90223
90223
90224
90224
90225
90226
90226
90227
90228
90230
90231
90231
90233
90233
90234
90235
90238
90238
90240
90241
90242
90245
90245
90246
90247
90248
90248
90248
90249
90249
90250
90251
90253
90255
90256
90257
90258
90259
90260
90260
90260
90260
90261
90261
90262
90262
90263
90263
90266
90267
90267
90268
90268
90269
90269
90270
90271
90272
90274
90275
90276
90277
90278
90278
90280
90282
90283
90284
90284
90286
90286
90289
90290
90290
90291
90292
90293
90293
90296
90296
90296
90296
90298
90299
90302
90302
90303
90304
90306
90307
90309
90309
90310
90310
90311
90312
90312
90312
90313
90313
90313
90316
90316
90316
90317
90317
90320
90321
90321
90322
90323
90324
90324
90324
90326
90326
90327
90327
90327
90328
90329
90330
90332
90332
90332
90333
90336
90337
90338
90338
90338
90338
90339
90339
90339
90339
90340
90340
90340
90342
90343
90346
90347
90348
90349
90349
90349
90350
90351
90351
90352
90355
90356
90356
90359
90360
90362
90362
90363
90364
90366
90369
90371
90371
90371
90371
90372
90373
90376
90378
90379
90380
90380
90388
90389
90391
90395
90396
90397
90399
90400
90400
90401
90401
90403
90406
90407
90409
90409
90410
90410
90411
90411
90413
90417
90417
90418
90418
90419
90419
90420
90421
90422
90423
90423
90425
90425
90425
90429
90432
90434
90436
90442
90447
90447
90447
90447
90449
90449
90452
90453
90455
90455
90455
90456
90457
90457
90458
90458
90459
90460
90462
90462
90463
90463
90463
90465
90466
90467
90468
90470
90470
90472
90475
90475
90476
90478
90479
90483
90483
90484
90485
90485
90486
90488
90488
90488
90488
90489
90491
90491
90492
90495
90496
90496
90497
90498
90498
90499
90499
90500
90501
90501
90503
90504
90504
90505
90505
90507
90507
90508
90509
90510
90510
90511
90511
90512
90512
90513
90513
90513
90515
90515
90515
90517
90517
90518
90519
90519
90520
90523
90524
90524
90525
90525
90529
90530
90532
90533
90533
90533
90533
90535
90538
90540
90541
90542
90542
90544
90545
90547
90551
90554
90554
90555
90557
90557
90557
90557
90560
90560
90561
90562
90563
90568
90568
90568
90569
90569
90574
90577
90578
90579
90580
90580
90581
90581
90582
90583
90583
90585
90586
90586
90587
90588
90588
90588
90590
90590
90591
90592
90595
90597
90597
90599
90601
90603
90603
90604
90605
90606
90608
90609
90611
90612
90614
90614
90614
90614
90617
90620
90621
90625
90626
90626
90627
90630
90631
90631
90632
90633
90635
90636
90637
90638
90638
90638
90641
90642
90642
90643
90644
90646
90647
90649
90650
90651
90652
90653
90653
90655
90656
90656
90656
90658
90660
90661
90661
90662
90662
90663
90663
90665
90665
90665
90667
90669
90673
90674
90677
90677
90679
90679
90681
90683
90683
90686
90686
90687
90687
90687
90688
90688
90689
90690
90691
90693
90693
90693
90696
90697
90699
90701
90702
90702
90702
90703
90703
90704
90705
90708
90710
90710
90717
90718
90718
90718
90720
90721
90721
90729
90729
90730
90731
90731
90733
90733
90735
90735
90735
90735
90736
90738
90738
90739
90741
90741
90742
90742
90743
90743
90743
90744
90745
90746
90746
90746
90747
90747
90747
90748
90751
90752
90752
90753
90756
90757
90759
90761
90761
90763
90763
90765
90765
90766
90766
90768
90770
90773
90774
90775
90775
90776
90781
90782
90782
90782
90783
90784
90785
90788
90789
90790
90791
90791
90791
90792
90795
90796
90797
90799
90799
90800
90802
90803
90803
90803
90804
90805
90806
90808
90808
90809
90812
90813
90813
90815
90815
90816
90816
90816
90817
90817
90818
90819
90820
90820
90823
90823
90824
90824
90825
90825
90826
90826
90827
90828
90829
90830
90831
90832
90833
90834
90835
90835
90835
90836
90836
90838
90838
90839
90840
90841
90842
90844
90844
90849
90850
90850
90851
90851
90851
90854
90854
90856
90857
90861
90862
90863
90863
90863
90863
90865
90865
90866
90866
90867
90867
90869
90869
90871
90872
90872
90874
90874
90876
90877
90878
90878
90879
90879
90881
90881
90883
90883
90884
90884
90884
90884
90885
90886
90888
90889
90890
90893
90894
90895
90898
90905
90907
90909
90909
90910
90912
90916
90916
90917
90917
90918
90919
90919
90920
90922
90922
90924
90925
90925
90926
90926
90927
90929
90933
90934
90934
90934
90935
90935
90935
90935
90936
90937
90941
90941
90943
90944
90944
90953
90953
90953
90954
90954
90958
90958
90959
90960
90963
90964
90964
90965
90969
90970
90970
90971
90973
90974
90976
90976
90976
90976
90977
90978
90978
90980
90981
90983
90984
90987
90987
90990
90991
90991
90993
90994
90995
90996
90996
90997
90997
91000
91000
91004
91006
91007
91008
91008
91011
91012
91013
91013
91013
91014
91015
91015
91015
91016
91017
91020
91021
91022
91025
91026
91026
91027
91028
91029
91031
91032
91032
91032
91032
91033
91033
91034
91034
91035
91038
91039
91039
91041
91042
91042
91043
91043
91045
91046
91048
91052
91052
91053
91053
91054
91055
91055
91055
91057
91057
91057
91058
91059
91059
91060
91062
91062
91063
91063
91065
91066
91067
91068
91068
91069
91070
91071
91071
91072
91072
91073
91073
91073
91075
91077
91077
91080
91081
91083
91083
91083
91083
91083
91084
91085
91087
91088
91088
91088
91089
91091
91092
91094
91094
91094
91097
91101
91102
91103
91105
91106
91107
91109
91111
91111
91112
91112
91114
91114
91114
91114
91115
91121
91123
91123
91123
91125
91125
91126
91128
91130
91130
91130
91131
91131
91132
91132
91133
91134
91135
91136
91137
91140
91141
91141
91141
91144
91145
91146
91147
91148
91148
91149
91152
91153
91153
91154
91154
91155
91156
91156
91157
91157
91157
91158
91158
91159
91160
91163
91164
91164
91165
91166
91166
91168
91170
91172
91172
91173
91174
91174
91176
91177
91178
91184
91186
91187
91187
91189
91190
91191
91192
91194
91195
91195
91196
91196
91199
91199
91200
91201
91201
91201
91202
91203
91203
91204
91204
91205
91205
91206
91206
91207
91209
91209
91212
91212
91212
91214
91217
91219
91219
91219
91221
91221
91223
91226
91227
91228
91231
91231
91231
91236
91238
91239
91240
91241
91242
91243
91243
91246
91247
91249
91250
91250
91252
91254
91254
91255
91255
91255
91256
91257
91257
91257
91257
91260
91262
91263
91264
91265
91265
91267
91267
91268
91269
91270
91272
91272
91273
91273
91274
91275
91275
91278
91278
91281
91281
91282
91283
91283
91284
91288
91288
91290
91291
91296
91297
91297
91298
91300
91300
91301
91301
91301
91301
91302
91302
91302
91304
91304
91305
91305
91308
91310
91310
91310
91310
91310
91311
91313
91313
91313
91314
91314
91315
91316
91317
91318
91318
91320
91321
91324
91325
91325
91327
91328
91328
91329
91331
91332
91332
91333
91334
91336
91336
91337
91339
91341
91341
91342
91342
91343
91343
91343
91345
91347
91348
91349
91349
91350
91350
91351
91351
91352
91354
91356
91357
91358
91358
91359
91360
91360
91361
91363
91363
91363
91364
91369
91371
91371
91372
91372
91373
91373
91377
91378
91378
91378
91379
91381
91385
91385
91386
91386
91394
91395
91395
91397
91397
91398
91403
91403
91403
91404
91406
91407
91408
91409
91409
91410
91411
91412
91414
91414
91414
91415
91416
91418
91418
91419
91419
91420
91420
91421
91422
91422
91422
91422
91422
91425
91425
91425
91426
91426
91428
91428
91428
91429
91431
91432
91433
91435
91436
91436
91437
91440
91441
91444
91446
91447
91448
91448
91449
91450
91450
91451
91452
91453
91456
91456
91457
91458
91458
91459
91459
91463
91463
91464
91465
91465
91465
91466
91467
91467
91468
91468
91470
91471
91472
91472
91472
91473
91473
91475
91475
91476
91476
91477
91478
91479
91479
91480
91480
91481
91484
91485
91486
91488
91491
91493
91494
91494
91496
91498
91500
91501
91501
91502
91502
91502
91506
91508
91508
91512
91513
91513
91513
91514
91514
91514
91516
91517
91519
91519
91521
91521
91522
91523
91524
91525
91525
91526
91526
91527
91528
91530
91534
91538
91538
91538
91539
91539
91540
91540
91541
91542
91545
91546
91546
91548
91548
91549
91550
91550
91551
91553
91556
91559
91559
91559
91561
91561
91562
91562
91563
91563
91564
91567
91567
91567
91567
91570
91571
91571
91571
91573
91577
91577
91578
91579
91580
91583
91583
91584
91586
91586
91587
91588
91588
91590
91592
91593
91594
91595
91595
91596
91597
91600
91603
91603
91603
91604
91605
91605
91607
91608
91608
91608
91609
91614
91617
91618
91619
91619
91619
91620
91620
91622
91622
91624
91627
91627
91629
91629
91630
91631
91632
91634
91636
91637
91638
91639
91640
91641
91641
91642
91644
91646
91646
91646
91649
91650
91651
91652
91652
91652
91655
91655
91656
91657
91657
91658
91659
91659
91659
91660
91663
91664
91666
91667
91668
91670
91671
91671
91671
91673
91673
91673
91673
91675
91676
91677
91679
91681
91682
91682
91682
91683
91684
91684
91685
91686
91688
91688
91689
91689
91690
91690
91690
91693
91693
91694
91694
91695
91695
91697
91699
91700
91701
91703
91705
91706
91707
91708
91708
91709
91711
91711
91712
91713
91714
91714
91715
91715
91715
91716
91720
91721
91721
91722
91722
91723
91723
91724
91725
91727
91731
91731
91732
91732
91732
91734
91734
91737
91737
91738
91744
91744
91744
91745
91746
91749
91749
91750
91752
91753
91756
91756
91758
91758
91762
91764
91765
91766
91768
91769
91769
91769
91772
91776
91776
91777
91777
91777
91778
91779
91779
91780
91781
91782
91783
91783
91784
91785
91787
91788
91789
91790
91791
91791
91793
91794
91795
91796
91796
91797
91797
91798
91799
91800
91801
91802
91804
91804
91805
91805
91805
91806
91806
91807
91807
91807
91808
91808
91809
91811
91812
91813
91813
91814
91815
91816
91817
91818
91818
91818
91819
91819
91819
91822
91823
91823
91823
91824
91825
91826
91826
91826
91829
91829
91830
91831
91831
91831
91833
91834
91835
91836
91837
91837
91837
91837
91838
91839
91840
91841
91841
91843
91843
91847
91847
91848
91851
91851
91854
91854
91855
91855
91856
91856
91856
91856
91856
91859
91859
91859
91859
91860
91860
91863
91864
91864
91866
91866
91867
91869
91869
91870
91871
91871
91871
91872
91874
91875
91877
91877
91878
91880
91880
91881
91881
91881
91883
91883
91883
91883
91883
91884
91885
91885
91886
91887
91888
91891
91891
91891
91892
91892
91894
91894
91895
91896
91896
91896
91897
91897
91897
91898
91898
91898
91898
91899
91900
91900
91901
91902
91902
91903
91904
91904
91905
91905
91906
91907
91908
91908
91908
91909
91910
91913
91916
91916
91917
91919
91919
91919
91920
91920
91922
91923
91924
91924
91924
91924
91925
91926
91927
91930
91933
91933
91935
91936
91936
91937
91938
91938
91938
91940
91940
91941
91942
91943
91944
91944
91945
91945
91946
91948
91948
91949
91950
91950
91952
91952
91952
91953
91953
91954
91955
91956
91957
91957
91958
91958
91958
91960
91960
91962
91963
91964
91966
91966
91968
91969
91969
91969
91970
91970
91974
91975
91979
91979
91979
91979
91980
91980
91981
91981
91985
91989
91989
91989
91990
91993
91993
91998
91999
91999
91999
91999
92002
92003
92004
92005
92007
92007
92008
92009
92009
92011
92012
92012
92014
92014
92014
92015
92015
92016
92017
92017
92018
92019
92020
92021
92021
92022
92022
92024
92025
92025
92027
92028
92029
92029
92033
92033
92033
92034
92035
92036
92036
92036
92036
92036
92037
92038
92040
92041
92042
92042
92042
92044
92045
92046
92047
92047
92047
92050
92055
92058
92058
92060
92060
92060
92062
92062
92064
92067
92067
92067
92068
92068
92068
92071
92071
92071
92071
92072
92072
92072
92073
92073
92075
92076
92077
92078
92079
92079
92080
92081
92082
92083
92083
92083
92083
92085
92086
92086
92087
92087
92088
92089
92089
92091
92093
92096
92097
92099
92100
92104
92105
92105
92105
92106
92106
92107
92107
92109
92110
92110
92112
92112
92112
92113
92114
92114
92117
92118
92118
92118
92121
92121
92122
92122
92123
92124
92124
92126
92126
92127
92131
92133
92134
92134
92134
92135
92137
92137
92138
92140
92142
92143
92143
92145
92145
92146
92148
92148
92148
92148
92149
92150
92151
92154
92154
92154
92155
92155
92156
92157
92157
92159
92159
92159
92160
92160
92161
92161
92162
92163
92164
92165
92165
92165
92170
92170
92171
92171
92171
92173
92174
92177
92178
92179
92179
92180
92180
92181
92182
92182
92183
92184
92185
92185
92186
92189
92189
92190
92191
92192
92192
92192
92193
92193
92194
92194
92194
92194
92195
92195
92196
92196
92196
92197
92197
92197
92197
92197
92199
92199
92203
92205
92206
92206
92206
92207
92207
92208
92208
92209
92210
92212
92214
92215
92216
92217
92217
92218
92220
92222
92223
92225
92227
92227
92227
92228
92229
92229
92230
92230
92232
92232
92233
92233
92234
92235
92238
92238
92239
92243
92244
92245
92248
92248
92249
92250
92250
92250
92251
92254
92254
92255
92257
92259
92261
92266
92266
92267
92269
92269
92270
92271
92275
92280
92280
92283
92284
92288
92290
92291
92292
92294
92294
92295
92297
92297
92297
92300
92300
92300
92300
92301
92302
92305
92306
92307
92308
92310
92311
92313
92313
92314
92316
92317
92318
92321
92321
92323
92323
92323
92325
92326
92326
92327
92327
92327
92329
92329
92329
92331
92332
92334
92335
92336
92338
92339
92339
92341
92342
92342
92342
92344
92345
92346
92346
92346
92347
92347
92348
92349
92351
92352
92352
92352
92353
92354
92354
92355
92355
92355
92355
92356
92356
92357
92359
92359
92359
92359
92359
92359
92359
92360
92361
92363
92363
92364
92366
92367
92367
92368
92369
92369
92371
92372
92373
92375
92377
92378
92378
92379
92379
92380
92380
92381
92382
92383
92383
92383
92384
92384
92386
92386
92387
92388
92389
92391
92392
92395
92397
92398
92398
92398
92400
92401
92401
92402
92405
92405
92406
92406
92407
92409
92409
92409
92410
92410
92411
92412
92413
92414
92414
92417
92418
92418
92418
92419
92419
92420
92420
92421
92423
92423
92423
92424
92425
92426
92428
92431
92432
92432
92433
92433
92433
92433
92433
92434
92435
92436
92438
92438
92438
92438
92438
92440
92440
92440
92442
92443
92447
92448
92449
92449
92450
92450
92451
92452
92452
92454
92455
92455
92456
92457
92460
92462
92462
92462
92462
92463
92463
92464
92468
92469
92470
92470
92471
92471
92471
92471
92473
92473
92474
92475
92476
92479
92479
92481
92487
92489
92489
92490
92490
92490
92494
92495
92495
92501
92503
92503
92504
92505
92506
92508
92510
92511
92514
92515
92515
92515
92516
92516
92517
92521
92523
92523
92523
92524
92525
92525
92526
92526
92526
92526
92527
92530
92531
92532
92532
92532
92534
92535
92536
92536
92536
92538
92539
92539
92539
92540
92541
92541
92542
92542
92543
92543
92544
92544
92546
92546
92547
92549
92549
92549
92550
92550
92553
92553
92554
92556
92560
92561
92562
92563
92564
92564
92564
92565
92568
92568
92569
92569
92571
92572
92574
92576
92576
92577
92577
92578
92579
92580
92581
92581
92584
92584
92588
92592
92594
92594
92594
92594
92594
92595
92596
92597
92597
92598
92599
92601
92601
92602
92602
92604
92604
92605
92605
92605
92605
92605
92606
92606
92607
92607
92608
92611
92611
92611
92612
92613
92614
92614
92615
92616
92617
92618
92619
92619
92620
92620
92621
92622
92622
92623
92624
92624
92624
92625
92626
92626
92626
92627
92629
92630
92631
92631
92634
92636
92636
92636
92638
92638
92642
92643
92643
92643
92645
92646
92646
92649
92649
92650
92650
92652
92652
92654
92655
92655
92656
92659
92660
92660
92664
92664
92664
92665
92665
92666
92668
92670
92671
92671
92672
92672
92673
92674
92676
92677
92681
92681
92681
92682
92682
92683
92684
92686
92691
92692
92692
92693
92694
92697
92701
92704
92705
92706
92708
92709
92710
92711
92711
92717
92718
92718
92718
92718
92719
92720
92720
92722
92722
92724
92725
92725
92725
92727
92727
92727
92729
92729
92730
92730
92731
92732
92734
92735
92735
92736
92736
92740
92740
92741
92743
92744
92745
92745
92745
92746
92746
92747
92748
92748
92749
92749
92750
92750
92750
92751
92751
92752
92752
92752
92752
92753
92754
92756
92756
92758
92759
92760
92761
92763
92763
92763
92765
92766
92767
92768
92769
92770
92770
92772
92773
92773
92773
92774
92775
92775
92776
92780
92781
92781
92782
92783
92783
92783
92785
92785
92785
92786
92789
92789
92792
92793
92795
92796
92798
92798
92799
92799
92800
92803
92804
92804
92805
92806
92806
92809
92809
92811
92811
92812
92812
92813
92814
92814
92814
92815
92815
92815
92816
92818
92819
92819
92821
92822
92825
92825
92827
92827
92830
92831
92831
92831
92832
92832
92834
92834
92835
92836
92836
92837
92838
92838
92839
92840
92840
92840
92840
92842
92842
92843
92845
92847
92848
92848
92848
92851
92852
92854
92854
92855
92855
92855
92857
92857
92858
92859
92859
92864
92864
92864
92864
92864
92864
92864
92865
92865
92868
92869
92876
92876
92877
92878
92878
92878
92880
92881
92881
92882
92883
92884
92885
92885
92886
92887
92889
92889
92892
92892
92895
92895
92896
92897
92901
92901
92901
92902
92902
92904
92906
92909
92910
92912
92912
92914
92915
92916
92916
92917
92917
92918
92918
92920
92921
92921
92921
92923
92926
92927
92927
92931
92931
92931
92933
92933
92933
92934
92934
92935
92936
92937
92937
92938
92940
92940
92940
92941
92944
92944
92945
92947
92947
92948
92950
92954
92955
92955
92957
92958
92958
92959
92960
92962
92963
92963
92966
92967
92967
92967
92968
92968
92969
92969
92971
92971
92972
92974
92975
92975
92976
92977
92977
92978
92980
92980
92981
92981
92981
92982
92983
92983
92983
92985
92985
92987
92988
92988
92989
92989
92990
92994
92994
92996
92997
92999
93002
93004
93005
93006
93007
93007
93008
93008
93009
93009
93009
93010
93010
93010
93012
93012
93012
93012
93014
93014
93014
93018
93018
93018
93019
93019
93020
93021
93022
93023
93026
93026
93026
93027
93027
93030
93031
93031
93031
93033
93034
93034
93035
93035
93035
93039
93040
93040
93042
93042
93045
93045
93046
93048
93050
93050
93051
93052
93053
93053
93054
93055
93058
93058
93061
93061
93068
93069
93070
93072
93072
93072
93073
93074
93077
93077
93077
93079
93079
93080
93080
93080
93081
93083
93085
93087
93088
93091
93092
93093
93095
93096
93097
93097
93097
93097
93098
93102
93103
93105
93108
93108
93109
93110
93111
93111
93112
93112
93113
93115
93116
93116
93117
93117
93117
93117
93119
93119
93119
93120
93120
93125
93126
93127
93128
93129
93129
93130
93130
93131
93132
93132
93133
93134
93135
93136
93137
93139
93142
93145
93145
93146
93149
93150
93150
93150
93151
93152
93153
93153
93154
93156
93156
93159
93162
93162
93163
93164
93166
93167
93168
93168
93169
93171
93176
93177
93177
93179
93179
93180
93184
93185
93187
93187
93188
93189
93191
93192
93192
93194
93194
93194
93195
93195
93197
93200
93202
93202
93205
93207
93208
93208
93209
93209
93212
93212
93212
93212
93214
93214
93214
93218
93219
93221
93223
93223
93223
93223
93224
93224
93225
93226
93227
93227
93227
93228
93231
93231
93233
93233
93235
93235
93236
93238
93240
93241
93241
93243
93243
93244
93245
93245
93246
93246
93248
93249
93249
93250
93250
93254
93255
93256
93259
93263
93263
93263
93265
93266
93267
93270
93271
93271
93272
93273
93275
93275
93276
93276
93276
93277
93277
93279
93281
93283
93283
93283
93284
93286
93286
93287
93288
93288
93289
93289
93290
93291
93291
93292
93292
93293
93294
93296
93296
93297
93301
93302
93303
93306
93306
93306
93307
93307
93308
93310
93311
93312
93312
93314
93316
93317
93317
93318
93319
93319
93319
93319
93320
93320
93320
93320
93320
93320
93320
93321
93324
93324
93326
93328
93329
93329
93332
93334
93334
93335
93338
93339
93339
93340
93344
93345
93345
93345
93346
93348
93349
93350
93350
93352
93352
93354
93354
93356
93356
93357
93357
93358
93362
93363
93363
93365
93367
93368
93368
93370
93370
93371
93371
93371
93373
93374
93375
93375
93376
93378
93379
93379
93380
93380
93381
93381
93382
93388
93389
93389
93391
93392
93395
93396
93396
93398
93398
93400
93402
93403
93404
93405
93406
93407
93408
93409
93410
93410
93412
93414
93416
93417
93417
93420
93420
93420
93420
93424
93424
93424
93425
93426
93428
93428
93429
93432
93433
93434
93434
93436
93437
93439
93439
93440
93440
93441
93443
93444
93446
93447
93448
93448
93449
93450
93450
93451
93451
93453
93454
93455
93455
93455
93457
93458
93458
93459
93460
93460
93461
93463
93463
93463
93463
93464
93465
93466
93466
93468
93469
93472
93472
93473
93473
93475
93478
93479
93481
93482
93482
93483
93484
93484
93484
93486
93486
93488
93488
93488
93489
93489
93490
93491
93491
93491
93492
93493
93494
93495
93495
93496
93496
93498
93498
93500
93502
93502
93503
93503
93504
93506
93506
93507
93507
93508
93510
93512
93517
93518
93518
93520
93523
93524
93524
93524
93527
93528
93532
93532
93532
93533
93533
93535
93535
93536
93538
93539
93539
93543
93543
93545
93546
93547
93547
93549
93550
93551
93551
93556
93558
93558
93560
93560
93563
93564
93566
93570
93571
93571
93574
93577
93578
93578
93579
93579
93579
93580
93582
93582
93582
93586
93588
93589
93590
93591
93592
93593
93594
93594
93594
93595
93595
93596
93597
93599
93602
93602
93603
93603
93603
93603
93604
93604
93605
93609
93610
93611
93612
93612
93613
93615
93615
93617
93622
93623
93623
93625
93625
93628
93630
93630
93632
93632
93633
93634
93635
93637
93639
93639
93642
93642
93643
93643
93644
93646
93648
93649
93651
93652
93653
93655
93655
93658
93659
93659
93660
93661
93663
93663
93665
93665
93668
93669
93669
93669
93669
93670
93671
93672
93672
93674
93675
93675
93675
93676
93676
93676
93677
93679
93680
93680
93680
93681
93682
93683
93685
93686
93688
93688
93688
93689
93691
93692
93692
93692
93692
93693
93694
93694
93695
93696
93697
93698
93699
93700
93700
93702
93704
93704
93707
93708
93709
93709
93710
93710
93711
93711
93713
93714
93714
93715
93718
93719
93720
93722
93722
93723
93723
93723
93723
93723
93725
93727
93728
93729
93729
93729
93729
93730
93730
93731
93732
93733
93734
93734
93735
93735
93737
93738
93739
93739
93740
93742
93743
93745
93746
93746
93747
93750
93752
93752
93753
93754
93756
93761
93765
93766
93766
93767
93769
93769
93772
93772
93773
93775
93775
93775
93776
93779
93779
93780
93780
93782
93783
93787
93787
93789
93789
93790
93792
93793
93798
93798
93802
93802
93803
93806
93806
93808
93810
93810
93810
93811
93812
93812
93812
93814
93815
93816
93819
93819
93820
93820
93821
93821
93822
93822
93823
93826
93826
93827
93828
93832
93836
93836
93838
93838
93844
93844
93845
93845
93846
93846
93846
93847
93848
93848
93849
93849
93851
93853
93853
93853
93855
93856
93857
93858
93858
93860
93860
93861
93862
93863
93865
93867
93868
93868
93868
93869
93871
93872
93872
93873
93873
93877
93877
93878
93878
93879
93880
93880
93880
93881
93881
93882
93882
93883
93886
93886
93886
93889
93889
93890
93890
93890
93891
93891
93891
93895
93897
93899
93900
93901
93901
93902
93902
93903
93903
93903
93904
93904
93904
93905
93905
93907
93908
93909
93911
93912
93914
93914
93914
93918
93918
93919
93921
93922
93922
93924
93924
93926
93927
93927
93928
93929
93929
93930
93931
93931
93931
93931
93931
93932
93932
93933
93937
93937
93937
93939
93939
93940
93941
93942
93944
93944
93945
93945
93945
93945
93946
93947
93947
93948
93948
93948
93948
93949
93951
93951
93953
93955
93956
93957
93960
93961
93961
93962
93963
93963
93963
93964
93966
93967
93970
93971
93974
93974
93974
93975
93975
93977
93979
93979
93981
93981
93981
93982
93983
93984
93984
93984
93984
93985
93985
93986
93987
93987
93988
93989
93990
93990
93991
93991
93992
93993
93995
93996
93996
93996
93996
93996
93998
93999
93999
94000
94001
94003
94003
94005
94005
94005
94006
94006
94006
94007
94008
94009
94009
94009
94010
94010
94011
94011
94011
94011
94012
94014
94014
94014
94015
94015
94016
94017
94019
94020
94020
94021
94021
94021
94021
94021
94023
94024
94027
94027
94029
94030
94031
94032
94032
94032
94033
94035
94038
94039
94040
94040
94040
94041
94041
94041
94043
94043
94043
94044
94044
94045
94045
94046
94046
94047
94047
94050
94050
94052
94052
94053
94055
94056
94059
94059
94064
94064
94064
94067
94071
94071
94071
94072
94072
94073
94074
94074
94076
94076
94077
94077
94078
94080
94081
94082
94085
94086
94086
94087
94087
94089
94089
94089
94089
94089
94090
94090
94090
94092
94093
94093
94094
94096
94096
94096
94099
94099
94100
94100
94102
94102
94102
94102
94102
94103
94104
94106
94106
94107
94107
94110
94116
94116
94117
94117
94118
94121
94122
94122
94123
94123
94125
94127
94128
94128
94128
94129
94129
94129
94130
94130
94132
94132
94133
94133
94135
94135
94135
94138
94139
94140
94140
94140
94141
94141
94142
94143
94144
94144
94146
94147
94147
94147
94149
94149
94150
94151
94151
94152
94152
94153
94153
94153
94153
94153
94153
94155
94155
94156
94157
94157
94160
94162
94163
94164
94164
94166
94166
94166
94169
94169
94170
94170
94171
94171
94172
94173
94174
94176
94177
94178
94179
94179
94179
94179
94180
94182
94183
94183
94183
94183
94183
94183
94184
94185
94186
94188
94188
94188
94188
94190
94193
94193
94193
94193
94194
94196
94197
94197
94198
94198
94201
94201
94203
94204
94207
94207
94208
94209
94210
94211
94212
94212
94213
94213
94215
94215
94218
94218
94219
94220
94220
94221
94224
94225
94226
94226
94227
94228
94228
94229
94229
94230
94233
94233
94235
94236
94237
94238
94238
94239
94240
94240
94242
94242
94243
94243
94243
94243
94247
94249
94249
94250
94251
94254
94254
94254
94255
94256
94258
94258
94259
94260
94261
94261
94261
94261
94265
94268
94268
94270
94270
94273
94273
94274
94276
94276
94281
94281
94282
94284
94285
94286
94287
94290
94291
94293
94294
94295
94296
94297
94298
94299
94300
94300
94301
94302
94302
94302
94303
94304
94307
94309
94309
94309
94311
94311
94312
94312
94312
94316
94318
94320
94320
94321
94322
94322
94326
94326
94326
94326
94327
94327
94328
94332
94332
94332
94333
94335
94335
94335
94335
94337
94337
94338
94338
94339
94339
94340
94340
94341
94341
94342
94342
94342
94343
94343
94344
94344
94349
94352
94354
94354
94357
94357
94359
94363
94366
94369
94369
94369
94372
94372
94373
94374
94374
94374
94375
94375
94375
94375
94375
94375
94376
94377
94378
94378
94380
94381
94381
94383
94384
94384
94384
94385
94386
94388
94388
94389
94389
94391
94391
94391
94393
94394
94394
94394
94398
94400
94400
94400
94401
94401
94401
94401
94401
94403
94404
94406
94409
94410
94410
94413
94413
94414
94414
94414
94415
94416
94417
94418
94419
94420
94420
94422
94423
94423
94424
94424
94426
94426
94427
94428
94428
94430
94430
94431
94432
94434
94434
94435
94435
94435
94437
94439
94439
94440
94441
94441
94441
94441
94441
94444
94444
94444
94444
94444
94444
94444
94446
94447
94447
94447
94449
94452
94453
94453
94454
94455
94455
94456
94456
94456
94456
94458
94460
94462
94463
94465
94465
94465
94466
94467
94468
94469
94471
94474
94474
94474
94475
94476
94477
94477
94480
94481
94482
94482
94482
94483
94484
94486
94490
94490
94490
94491
94491
94493
94494
94494
94495
94495
94495
94495
94496
94497
94498
94499
94500
94501
94501
94502
94504
94504
94505
94507
94507
94509
94509
94510
94511
94512
94512
94512
94513
94513
94513
94513
94514
94514
94515
94515
94516
94517
94520
94522
94524
94524
94524
94525
94525
94525
94525
94526
94527
94529
94530
94531
94533
94533
94534
94534
94536
94538
94538
94538
94539
94541
94541
94541
94543
94543
94543
94543
94545
94546
94548
94548
94548
94549
94550
94550
94550
94552
94553
94554
94556
94556
94557
94557
94557
94558
94559
94561
94562
94563
94565
94565
94566
94568
94569
94569
94570
94570
94570
94571
94572
94573
94574
94577
94578
94578
94578
94578
94580
94582
94583
94585
94586
94586
94587
94587
94587
94589
94591
94592
94596
94597
94598
94602
94602
94602
94604
94607
94608
94609
94612
94613
94614
94614
94615
94615
94617
94617
94619
94619
94621
94621
94621
94622
94623
94623
94624
94624
94625
94626
94626
94630
94632
94632
94634
94636
94637
94637
94638
94638
94639
94641
94641
94642
94642
94645
94645
94646
94647
94652
94652
94653
94654
94656
94656
94656
94661
94662
94663
94664
94664
94665
94666
94666
94667
94668
94670
94671
94673
94673
94674
94675
94677
94678
94679
94680
94680
94680
94682
94682
94684
94686
94687
94688
94690
94690
94691
94691
94691
94692
94692
94693
94694
94696
94696
94696
94696
94696
94703
94704
94705
94708
94709
94710
94710
94710
94711
94712
94715
94715
94715
94716
94717
94719
94719
94720
94720
94720
94721
94721
94721
94722
94723
94724
94726
94726
94727
94729
94729
94730
94731
94732
94733
94736
94739
94739
94739
94740
94741
94743
94744
94744
94744
94746
94746
94748
94748
94749
94749
94751
94752
94752
94753
94753
94753
94754
94754
94755
94758
94761
94764
94765
94766
94766
94769
94771
94772
94774
94774
94774
94775
94776
94777
94777
94778
94779
94780
94781
94781
94781
94782
94783
94783
94786
94788
94788
94788
94789
94789
94790
94794
94795
94795
94795
94797
94801
94802
94803
94804
94805
94806
94806
94807
94808
94808
94810
94811
94811
94813
94814
94815
94816
94817
94817
94818
94819
94820
94825
94825
94826
94828
94828
94829
94829
94829
94829
94830
94832
94834
94836
94836
94837
94837
94837
94838
94839
94840
94840
94844
94844
94844
94846
94849
94849
94849
94850
94851
94852
94854
94854
94855
94855
94855
94856
94857
94858
94860
94861
94862
94863
94864
94865
94865
94866
94866
94866
94869
94869
94870
94872
94872
94873
94874
94875
94879
94879
94880
94883
94883
94884
94885
94886
94887
94889
94891
94893
94893
94893
94893
94893
94895
94897
94898
94898
94899
94899
94901
94901
94902
94905
94905
94906
94906
94907
94907
94907
94908
94909
94910
94911
94914
94914
94916
94917
94919
94920
94920
94922
94923
94924
94924
94926
94927
94931
94931
94938
94938
94939
94939
94940
94941
94941
94943
94944
94947
94947
94947
94951
94952
94952
94953
94953
94954
94954
94954
94955
94955
94959
94960
94966
94966
94968
94968
94972
94972
94974
94975
94975
94976
94979
94979
94980
94980
94980
94980
94981
94983
94984
94985
94986
94987
94987
94988
94989
94991
94992
94993
94993
94994
94995
94995
94996
94997
94997
94999
95000
95000
95000
95001
95002
95008
95010
95010
95011
95011
95012
95014
95015
95016
95016
95018
95019
95019
95020
95020
95020
95021
95021
95022
95024
95027
95027
95027
95027
95028
95028
95029
95030
95030
95031
95031
95031
95031
95032
95035
95036
95036
95037
95037
95037
95038
95038
95038
95038
95039
95039
95040
95041
95041
95045
95046
95047
95047
95049
95050
95052
95052
95053
95054
95055
95056
95057
95058
95058
95060
95061
95061
95063
95064
95067
95067
95068
95068
95069
95072
95073
95073
95073
95074
95077
95077
95078
95078
95079
95080
95080
95081
95081
95082
95082
95083
95084
95084
95085
95086
95086
95089
95089
95093
95095
95096
95096
95097
95100
95101
95101
95101
95102
95102
95107
95107
95109
95110
95111
95111
95112
95113
95114
95114
95116
95118
95119
95121
95121
95121
95124
95125
95126
95126
95127
95127
95129
95130
95130
95131
95131
95132
95132
95134
95134
95134
95135
95135
95139
95140
95142
95143
95144
95146
95146
95146
95146
95146
95149
95154
95155
95155
95157
95157
95158
95158
95158
95158
95159
95159
95159
95159
95160
95164
95164
95166
95168
95168
95168
95169
95171
95172
95174
95175
95175
95176
95177
95182
95184
95184
95184
95185
95185
95186
95186
95187
95187
95187
95188
95188
95191
95191
95192
95193
95194
95194
95196
95197
95197
95198
95198
95198
95200
95202
95202
95203
95203
95205
95205
95205
95205
95206
95206
95206
95207
95207
95207
95208
95208
95209
95210
95211
95211
95211
95212
95213
95215
95215
95216
95217
95219
95220
95221
95221
95222
95222
95223
95223
95225
95225
95227
95229
95230
95231
95233
95239
95240
95241
95241
95241
95243
95243
95244
95245
95245
95245
95246
95248
95248
95249
95253
95253
95254
95255
95255
95257
95258
95260
95260
95261
95261
95262
95263
95263
95263
95268
95268
95269
95269
95270
95271
95271
95273
95274
95276
95276
95277
95277
95278
95278
95280
95282
95282
95283
95284
95284
95284
95285
95285
95288
95288
95289
95291
95291
95293
95294
95295
95295
95297
95298
95299
95299
95300
95300
95301
95302
95304
95304
95305
95307
95308
95309
95309
95310
95311
95312
95312
95312
95313
95315
95317
95318
95318
95323
95323
95323
95324
95327
95329
95330
95331
95335
95336
95336
95336
95338
95338
95339
95339
95339
95340
95340
95340
95342
95344
95346
95346
95349
95350
95350
95351
95351
95352
95352
95353
95356
95356
95358
95362
95363
95364
95367
95367
95367
95368
95370
95370
95371
95371
95372
95372
95376
95376
95378
95379
95382
95382
95383
95384
95385
95386
95386
95386
95386
95387
95387
95389
95390
95391
95393
95393
95395
95396
95397
95397
95397
95398
95399
95399
95403
95404
95407
95407
95408
95410
95411
95411
95412
95412
95412
95413
95413
95414
95415
95415
95416
95417
95417
95419
95419
95419
95420
95422
95426
95426
95427
95427
95428
95428
95429
95430
95431
95432
95433
95433
95434
95435
95437
95437
95439
95440
95440
95441
95443
95443
95444
95445
95448
95451
95452
95454
95454
95454
95455
95455
95455
95455
95461
95462
95462
95462
95463
95464
95464
95464
95464
95464
95465
95466
95466
95467
95468
95470
95470
95471
95473
95474
95474
95475
95475
95477
95477
95478
95478
95479
95480
95482
95482
95482
95485
95486
95486
95486
95488
95488
95489
95492
95492
95492
95493
95494
95496
95498
95498
95499
95499
95499
95500
95501
95502
95503
95503
95503
95504
95505
95506
95506
95506
95508
95509
95509
95510
95510
95511
95512
95513
95513
95513
95514
95514
95515
95515
95515
95515
95516
95516
95517
95518
95519
95521
95521
95521
95521
95522
95525
95525
95527
95529
95530
95531
95533
95534
95537
95539
95539
95542
95543
95544
95545
95546
95547
95550
95552
95555
95556
95557
95560
95561
95562
95562
95562
95565
95566
95568
95569
95569
95571
95572
95573
95574
95575
95576
95577
95578
95579
95581
95581
95584
95585
95586
95586
95586
95587
95589
95589
95591
95593
95593
95593
95595
95596
95596
95598
95599
95601
95601
95603
95604
95604
95604
95604
95604
95605
95605
95607
95607
95608
95608
95608
95609
95609
95610
95611
95612
95613
95614
95614
95615
95616
95616
95616
95617
95618
95619
95620
95621
95621
95623
95624
95625
95625
95627
95628
95630
95630
95632
95633
95634
95636
95636
95636
95637
95637
95638
95638
95639
95640
95641
95641
95641
95642
95643
95643
95643
95644
95644
95644
95645
95646
95649
95650
95651
95653
95653
95654
95654
95655
95655
95657
95659
95660
95664
95665
95666
95666
95667
95670
95672
95672
95672
95673
95677
95677
95678
95678
95678
95679
95679
95680
95680
95683
95687
95688
95688
95689
95689
95689
95690
95693
95695
95696
95696
95696
95697
95698
95699
95700
95700
95702
95703
95704
95704
95706
95706
95706
95707
95708
95710
95712
95712
95716
95717
95718
95720
95720
95721
95721
95722
95722
95723
95723
95725
95729
95729
95730
95732
95733
95734
95735
95736
95736
95737
95737
95739
95739
95740
95740
95742
95745
95745
95745
95746
95746
95749
95749
95750
95751
95752
95752
95752
95752
95753
95753
95753
95753
95757
95757
95759
95760
95761
95761
95763
95764
95765
95765
95766
95766
95767
95769
95769
95769
95770
95771
95772
95772
95772
95774
95775
95776
95776
95777
95779
95779
95782
95783
95783
95787
95788
95788
95788
95790
95793
95794
95794
95795
95798
95798
95799
95800
95800
95802
95803
95803
95806
95807
95809
95811
95813
95814
95815
95816
95818
95819
95819
95819
95819
95820
95822
95824
95827
95827
95827
95829
95831
95832
95833
95834
95834
95835
95835
95835
95837
95837
95838
95838
95839
95840
95841
95843
95844
95844
95848
95849
95850
95850
95852
95853
95854
95856
95857
95858
95858
95859
95860
95861
95861
95864
95865
95865
95866
95866
95869
95869
95871
95871
95871
95871
95872
95872
95872
95873
95873
95873
95873
95874
95874
95876
95876
95877
95877
95879
95880
95881
95882
95883
95884
95885
95886
95886
95887
95887
95888
95891
95893
95895
95896
95898
95898
95899
95899
95899
95900
95901
95901
95903
95904
95904
95905
95906
95906
95906
95907
95908
95908
95909
95910
95913
95915
95915
95916
95918
95919
95920
95921
95922
95927
95929
95929
95930
95931
95935
95935
95937
95939
95939
95940
95941
95941
95943
95944
95944
95946
95946
95948
95950
95951
95952
95953
95953
95954
95956
95956
95956
95958
95958
95958
95958
95958
95959
95959
95960
95960
95962
95963
95965
95965
95966
95967
95968
95969
95969
95970
95971
95971
95972
95974
95975
95975
95975
95976
95978
95979
95979
95980
95981
95982
95983
95983
95984
95984
95986
95986
95988
95989
95989
95990
95990
95992
95993
95995
95995
95995
95996
95999
96000
96000
96002
96002
96002
96004
96007
96008
96008
96010
96010
96012
96012
96012
96013
96014
96015
96016
96017
96018
96018
96020
96022
96023
96023
96026
96026
96026
96026
96031
96031
96033
96034
96036
96036
96037
96037
96042
96042
96042
96043
96044
96045
96045
96046
96046
96048
96049
96049
96049
96050
96051
96052
96052
96052
96053
96054
96055
96056
96056
96056
96057
96057
96057
96059
96060
96060
96060
96060
96062
96062
96062
96063
96063
96065
96067
96067
96069
96069
96070
96073
96074
96075
96075
96075
96076
96077
96079
96081
96081
96081
96081
96082
96082
96083
96084
96086
96086
96087
96088
96089
96090
96090
96091
96095
96095
96095
96095
96098
96100
96100
96100
96101
96101
96102
96102
96103
96104
96105
96105
96107
96107
96108
96108
96110
96115
96115
96116
96117
96117
96119
96120
96123
96123
96124
96124
96126
96126
96127
96127
96128
96131
96132
96135
96135
96136
96137
96141
96141
96145
96145
96145
96146
96146
96148
96150
96151
96152
96154
96154
96155
96155
96156
96156
96157
96157
96160
96160
96160
96161
96166
96168
96172
96172
96172
96173
96174
96174
96175
96178
96181
96183
96185
96185
96187
96187
96188
96188
96189
96190
96191
96191
96193
96193
96193
96193
96195
96195
96196
96196
96196
96199
96201
96201
96202
96203
96204
96204
96205
96206
96206
96206
96207
96208
96208
96209
96210
96211
96213
96213
96214
96215
96217
96218
96218
96218
96220
96221
96221
96221
96222
96226
96226
96226
96230
96230
96231
96232
96235
96237
96238
96242
96242
96242
96242
96243
96248
96248
96249
96249
96249
96249
96250
96250
96250
96251
96251
96253
96253
96253
96255
96257
96258
96258
96259
96264
96264
96265
96266
96266
96266
96270
96270
96272
96272
96273
96276
96277
96277
96277
96277
96278
96278
96278
96279
96280
96282
96285
96288
96289
96289
96290
96290
96291
96291
96294
96294
96294
96297
96297
96298
96298
96298
96298
96299
96299
96299
96300
96301
96301
96302
96303
96304
96305
96305
96305
96307
96309
96312
96312
96318
96318
96320
96320
96321
96322
96324
96324
96324
96325
96328
96328
96331
96331
96332
96333
96333
96335
96337
96340
96340
96341
96341
96343
96345
96346
96346
96346
96347
96348
96348
96349
96351
96351
96351
96352
96352
96353
96355
96355
96355
96355
96356
96356
96357
96359
96359
96359
96362
96363
96363
96364
96365
96366
96369
96372
96373
96374
96374
96376
96380
96382
96383
96383
96384
96385
96385
96386
96387
96388
96388
96390
96390
96392
96394
96395
96395
96396
96397
96398
96398
96400
96400
96401
96402
96403
96404
96404
96406
96406
96407
96408
96408
96408
96409
96409
96412
96414
96415
96415
96416
96416
96417
96420
96420
96421
96421
96421
96421
96423
96423
96424
96426
96426
96427
96428
96429
96429
96431
96431
96433
96435
96435
96436
96439
96440
96440
96443
96443
96443
96444
96447
96448
96449
96450
96453
96454
96455
96456
96456
96456
96458
96461
96465
96465
96466
96467
96469
96469
96470
96471
96472
96473
96475
96475
96475
96477
96478
96480
96481
96481
96481
96483
96484
96485
96485
96485
96486
96486
96489
96490
96491
96491
96492
96492
96493
96494
96496
96496
96500
96500
96501
96501
96501
96502
96502
96502
96503
96505
96506
96507
96507
96509
96510
96511
96511
96513
96514
96514
96515
96517
96518
96520
96522
96523
96523
96523
96524
96524
96526
96526
96526
96527
96527
96529
96531
96532
96533
96533
96534
96534
96534
96534
96536
96537
96540
96541
96543
96546
96546
96546
96547
96548
96553
96555
96555
96555
96556
96557
96557
96558
96562
96563
96564
96564
96564
96566
96567
96567
96568
96570
96570
96571
96571
96574
96574
96575
96576
96577
96578
96579
96580
96583
96584
96585
96585
96585
96587
96588
96588
96592
96593
96593
96594
96594
96594
96597
96597
96599
96600
96601
96601
96601
96601
96601
96602
96603
96604
96606
96607
96608
96610
96610
96611
96614
96615
96617
96617
96617
96617
96617
96617
96618
96620
96620
96621
96621
96622
96622
96624
96625
96625
96626
96626
96626
96627
96627
96628
96631
96633
96634
96636
96636
96637
96638
96638
96639
96639
96640
96641
96642
96645
96646
96647
96647
96648
96649
96649
96650
96650
96650
96652
96653
96653
96654
96654
96654
96655
96656
96656
96658
96658
96659
96662
96662
96662
96663
96666
96666
96666
96666
96672
96672
96672
96675
96678
96678
96678
96678
96678
96679
96680
96680
96680
96681
96683
96683
96685
96685
96686
96687
96688
96688
96689
96689
96690
96690
96690
96690
96692
96695
96695
96697
96698
96698
96701
96701
96704
96709
96709
96710
96710
96710
96711
96711
96712
96716
96718
96722
96722
96723
96724
96726
96727
96730
96730
96731
96732
96732
96733
96734
96735
96735
96736
96736
96737
96737
96738
96739
96739
96740
96745
96747
96751
96754
96755
96755
96755
96755
96757
96757
96757
96757
96758
96759
96759
96759
96763
96763
96764
96765
96765
96768
96768
96768
96769
96771
96772
96773
96773
96775
96775
96777
96778
96779
96779
96781
96781
96782
96783
96784
96784
96785
96787
96787
96789
96790
96793
96793
96793
96794
96794
96796
96797
96797
96798
96798
96799
96801
96801
96804
96804
96804
96807
96808
96808
96812
96813
96813
96813
96815
96817
96818
96819
96820
96820
96822
96823
96824
96825
96826
96828
96828
96829
96831
96833
96833
96835
96835
96836
96837
96837
96837
96837
96840
96841
96841
96841
96842
96843
96843
96845
96846
96847
96847
96848
96849
96850
96851
96851
96852
96853
96854
96858
96861
96861
96862
96864
96864
96865
96865
96865
96865
96866
96866
96868
96873
96873
96874
96874
96874
96878
96878
96878
96879
96880
96881
96881
96881
96883
96883
96883
96884
96884
96887
96887
96887
96889
96890
96892
96896
96896
96897
96897
96898
96899
96900
96901
96902
96902
96904
96904
96904
96905
96907
96907
96907
96908
96908
96909
96910
96910
96911
96911
96911
96911
96912
96913
96915
96918
96918
96921
96921
96924
96926
96927
96928
96931
96932
96933
96937
96938
96941
96941
96941
96941
96942
96942
96943
96943
96945
96946
96947
96948
96949
96950
96953
96953
96954
96955
96957
96957
96959
96959
96960
96962
96963
96963
96963
96967
96969
96969
96969
96970
96971
96971
96973
96974
96978
96978
96979
96979
96979
96980
96981
96981
96981
96981
96982
96986
96987
96987
96987
96988
96988
96989
96989
96990
96991
96991
96992
96993
96996
96996
96999
97001
97002
97002
97004
97004
97007
97007
97011
97012
97012
97013
97013
97014
97016
97016
97017
97017
97018
97018
97018
97018
97018
97019
97020
97020
97023
97024
97025
97026
97026
97026
97028
97029
97029
97030
97033
97035
97036
97036
97036
97036
97037
97038
97038
97039
97040
97040
97040
97040
97041
97042
97043
97043
97043
97044
97044
97044
97045
97047
97048
97049
97049
97049
97051
97053
97054
97056
97058
97058
97059
97059
97060
97060
97061
97061
97061
97062
97062
97063
97063
97065
97065
97068
97068
97069
97070
97073
97073
97074
97075
97078
97078
97079
97080
97083
97086
97086
97087
97088
97090
97090
97092
97092
97094
97095
97100
97101
97102
97103
97105
97106
97106
97108
97109
97109
97109
97110
97110
97113
97114
97115
97115
97116
97116
97116
97118
97118
97122
97123
97123
97123
97124
97125
97127
97128
97128
97128
97129
97131
97131
97131
97133
97135
97136
97136
97137
97138
97140
97140
97141
97141
97141
97141
97144
97144
97144
97145
97146
97147
97148
97150
97151
97151
97157
97158
97158
97161
97163
97165
97167
97167
97167
97168
97172
97173
97173
97174
97176
97176
97178
97178
97179
97179
97179
97180
97180
97181
97182
97183
97184
97185
97186
97186
97186
97188
97189
97190
97190
97190
97191
97191
97191
97191
97192
97193
97194
97194
97195
97196
97197
97199
97200
97200
97200
97203
97203
97204
97204
97205
97205
97205
97208
97208
97209
97213
97213
97213
97214
97215
97215
97217
97217
97217
97219
97220
97222
97224
97227
97231
97231
97232
97235
97235
97236
97236
97236
97237
97237
97237
97238
97239
97243
97245
97246
97246
97246
97246
97247
97248
97248
97249
97250
97251
97251
97254
97255
97258
97258
97259
97259
97260
97261
97264
97266
97268
97268
97269
97271
97271
97276
97277
97279
97280
97281
97282
97283
97284
97284
97285
97286
97286
97286
97288
97290
97292
97293
97293
97295
97296
97297
97299
97299
97300
97300
97300
97300
97302
97303
97304
97304
97305
97306
97310
97310
97312
97313
97316
97316
97317
97319
97319
97319
97320
97322
97322
97322
97327
97329
97329
97329
97331
97333
97334
97336
97339
97341
97343
97343
97343
97344
97345
97346
97347
97349
97351
97352
97353
97355
97355
97360
97361
97361
97362
97363
97366
97367
97369
97372
97373
97374
97375
97375
97377
97378
97379
97380
97381
97381
97382
97383
97383
97384
97385
97386
97386
97387
97389
97392
97393
97393
97394
97398
97399
97401
97403
97403
97403
97405
97406
97406
97408
97408
97409
97411
97411
97412
97412
97412
97415
97418
97418
97420
97420
97421
97422
97425
97426
97426
97426
97427
97429
97430
97430
97432
97432
97433
97435
97436
97436
97438
97439
97439
97439
97439
97441
97442
97443
97443
97444
97445
97445
97446
97446
97449
97452
97455
97455
97456
97456
97457
97458
97460
97460
97461
97462
97463
97463
97465
97466
97467
97467
97468
97469
97469
97470
97470
97471
97471
97473
97475
97475
97477
97477
97478
97482
97483
97483
97484
97484
97486
97487
97487
97487
97490
97491
97491
97493
97493
97493
97494
97494
97495
97495
97496
97496
97496
97497
97497
97498
97500
97501
97501
97502
97504
97505
97506
97506
97507
97507
97508
97509
97509
97512
97514
97516
97517
97518
97518
97518
97519
97521
97523
97524
97524
97524
97525
97525
97527
97528
97529
97529
97531
97532
97532
97535
97536
97536
97536
97537
97537
97539
97540
97543
97543
97543
97543
97544
97544
97548
97549
97550
97550
97551
97556
97556
97556
97557
97557
97557
97559
97560
97560
97560
97561
97562
97562
97564
97566
97567
97569
97569
97572
97573
97573
97574
97579
97580
97580
97582
97582
97584
97587
97587
97590
97592
97592
97594
97595
97595
97596
97598
97599
97599
97600
97601
97602
97604
97604
97604
97605
97605
97605
97606
97608
97610
97610
97610
97612
97615
97618
97619
97620
97621
97621
97621
97623
97624
97628
97628
97628
97629
97630
97633
97633
97636
97640
97640
97642
97643
97643
97644
97644
97645
97645
97645
97646
97646
97647
97647
97648
97649
97650
97651
97652
97653
97653
97653
97655
97656
97656
97657
97657
97661
97661
97662
97665
97666
97666
97666
97666
97666
97667
97669
97670
97670
97671
97671
97671
97672
97673
97675
97676
97676
97676
97680
97681
97681
97681
97682
97683
97683
97684
97684
97685
97685
97686
97687
97688
97688
97689
97689
97690
97694
97694
97695
97695
97696
97696
97696
97696
97700
97701
97702
97703
97704
97704
97705
97705
97705
97705
97706
97708
97709
97709
97710
97710
97711
97711
97712
97712
97712
97712
97714
97715
97716
97716
97716
97716
97717
97719
97721
97723
97724
97726
97729
97730
97732
97732
97733
97733
97734
97734
97734
97735
97736
97737
97738
97740
97742
97742
97744
97744
97744
97745
97746
97748
97748
97749
97750
97751
97752
97753
97754
97756
97757
97759
97759
97761
97763
97763
97764
97765
97765
97766
97766
97767
97768
97768
97770
97771
97772
97775
97777
97778
97778
97779
97779
97779
97782
97784
97784
97788
97788
97791
97793
97795
97795
97795
97795
97795
97798
97798
97799
97799
97800
97801
97802
97805
97805
97808
97808
97810
97810
97810
97811
97811
97811
97813
97813
97818
97818
97819
97819
97820
97821
97822
97823
97823
97826
97827
97827
97829
97830
97831
97831
97831
97831
97833
97833
97833
97834
97835
97835
97836
97838
97839
97840
97841
97842
97843
97844
97847
97847
97848
97848
97850
97851
97852
97853
97855
97855
97856
97860
97862
97864
97865
97867
97867
97867
97868
97868
97868
97869
97871
97873
97874
97874
97875
97876
97876
97877
97877
97877
97879
97879
97881
97882
97882
97883
97885
97888
97889
97890
97890
97890
97892
97893
97893
97893
97893
97893
97896
97896
97897
97898
97899
97899
97900
97901
97902
97902
97902
97904
97906
97907
97911
97912
97913
97913
97914
97915
97915
97915
97915
97916
97918
97919
97920
97921
97923
97923
97926
97927
97927
97928
97928
97929
97932
97935
97938
97938
97942
97942
97942
97943
97945
97945
97945
97947
97950
97951
97951
97952
97953
97953
97954
97954
97955
97955
97955
97956
97959
97959
97959
97959
97960
97963
97963
97964
97965
97968
97969
97970
97974
97975
97975
97976
97977
97977
97978
97981
97982
97983
97985
97985
97986
97988
97988
97989
97991
97991
97992
97993
97994
97995
97995
97995
97996
97996
97996
97997
97997
97999
98000
98001
98002
98004
98004
98005
98005
98005
98006
98007
98009
98010
98011
98013
98013
98014
98014
98018
98019
98019
98020
98020
98021
98021
98021
98023
98023
98026
98026
98031
98031
98031
98031
98031
98032
98033
98033
98035
98035
98036
98037
98037
98037
98038
98038
98039
98041
98043
98044
98044
98046
98048
98048
98050
98051
98052
98052
98053
98053
98054
98054
98055
98055
98055
98058
98058
98058
98059
98059
98061
98061
98063
98064
98065
98066
98067
98070
98070
98071
98072
98072
98072
98073
98074
98074
98075
98075
98076
98077
98078
98079
98079
98080
98081
98081
98083
98083
98084
98085
98085
98087
98088
98089
98090
98090
98091
98092
98092
98094
98096
98097
98098
98099
98100
98101
98103
98104
98104
98104
98108
98108
98108
98109
98110
98110
98110
98110
98111
98111
98113
98113
98113
98116
98116
98116
98117
98117
98117
98119
98120
98122
98122
98122
98122
98124
98124
98124
98124
98125
98125
98125
98127
98130
98134
98134
98135
98135
98137
98137
98137
98137
98138
98140
98140
98141
98143
98144
98145
98146
98147
98147
98147
98148
98150
98152
98152
98153
98155
98156
98156
98157
98159
98159
98160
98163
98164
98166
98168
98168
98168
98168
98169
98170
98171
98173
98175
98177
98178
98179
98182
98184
98185
98185
98187
98190
98193
98193
98194
98195
98196
98197
98201
98202
98202
98203
98203
98204
98204
98204
98208
98208
98208
98209
98209
98211
98211
98212
98212
98213
98214
98216
98216
98216
98217
98219
98219
98220
98220
98220
98221
98221
98222
98222
98224
98227
98228
98229
98230
98233
98233
98234
98234
98240
98240
98241
98242
98242
98242
98244
98245
98246
98247
98248
98251
98251
98252
98254
98255
98255
98258
98259
98260
98261
98261
98262
98263
98263
98264
98265
98266
98267
98267
98268
98268
98268
98270
98270
98272
98274
98275
98275
98275
98277
98277
98283
98283
98283
98284
98284
98285
98286
98288
98288
98290
98292
98292
98292
98293
98293
98297
98297
98300
98302
98303
98305
98306
98307
98308
98309
98309
98310
98311
98315
98315
98315
98315
98315
98319
98319
98320
98321
98322
98324
98328
98329
98334
98334
98334
98334
98338
98339
98339
98341
98342
98342
98345
98345
98345
98346
98347
98347
98348
98349
98355
98355
98358
98359
98359
98359
98360
98361
98363
98366
98366
98367
98367
98367
98368
98370
98370
98371
98371
98372
98375
98376
98377
98377
98379
98379
98380
98380
98381
98382
98382
98385
98385
98386
98387
98387
98388
98389
98389
98390
98390
98394
98395
98395
98396
98397
98397
98398
98398
98400
98400
98402
98402
98403
98404
98404
98404
98405
98407
98408
98408
98410
98411
98412
98413
98413
98414
98415
98415
98415
98416
98416
98416
98416
98418
98418
98418
98419
98422
98423
98423
98424
98424
98425
98426
98426
98427
98427
98427
98428
98429
98429
98431
98432
98432
98432
98433
98433
98434
98437
98437
98437
98437
98437
98438
98439
98441
98441
98441
98442
98444
98445
98445
98446
98446
98448
98448
98449
98449
98449
98449
98452
98453
98453
98454
98454
98455
98457
98459
98461
98462
98462
98462
98463
98464
98466
98467
98467
98468
98468
98470
98470
98470
98472
98475
98476
98477
98478
98478
98479
98479
98479
98481
98481
98481
98483
98483
98483
98485
98486
98488
98490
98490
98491
98493
98494
98494
98497
98500
98503
98503
98504
98506
98506
98510
98510
98510
98511
98512
98514
98514
98515
98517
98517
98518
98519
98520
98521
98523
98523
98524
98524
98526
98529
98530
98530
98531
98533
98535
98537
98538
98539
98540
98541
98542
98543
98543
98547
98548
98548
98549
98549
98553
98554
98554
98554
98555
98555
98555
98556
98556
98557
98557
98557
98557
98558
98559
98561
98562
98562
98563
98564
98564
98565
98567
98568
98570
98571
98574
98574
98576
98576
98576
98576
98577
98578
98580
98581
98582
98583
98583
98584
98584
98585
98585
98591
98592
98593
98594
98594
98594
98596
98596
98596
98601
98602
98603
98604
98605
98606
98607
98607
98608
98611
98611
98612
98612
98612
98613
98613
98613
98613
98618
98619
98621
98622
98622
98623
98625
98625
98625
98626
98626
98627
98629
98631
98632
98632
98635
98637
98638
98639
98640
98640
98640
98641
98645
98646
98646
98647
98648
98649
98650
98650
98650
98655
98655
98657
98657
98658
98658
98659
98659
98659
98660
98660
98661
98662
98662
98665
98665
98666
98667
98668
98669
98669
98673
98673
98674
98674
98675
98677
98678
98679
98679
98680
98681
98682
98684
98685
98685
98686
98687
98688
98688
98689
98689
98691
98691
98691
98692
98695
98695
98696
98697
98697
98701
98702
98705
98706
98706
98710
98711
98711
98711
98713
98714
98715
98716
98717
98718
98719
98720
98720
98723
98726
98726
98728
98730
98730
98730
98733
98737
98737
98738
98738
98739
98740
98740
98741
98746
98746
98747
98749
98749
98751
98752
98753
98753
98753
98753
98754
98755
98756
98757
98757
98757
98757
98757
98758
98759
98761
98761
98761
98763
98763
98763
98763
98763
98764
98765
98767
98767
98768
98769
98769
98769
98771
98772
98774
98777
98779
98780
98780
98783
98787
98789
98790
98790
98791
98794
98795
98797
98797
98798
98800
98800
98804
98808
98810
98811
98812
98813
98813
98814
98816
98817
98817
98817
98818
98818
98818
98819
98820
98822
98822
98823
98824
98824
98825
98827
98827
98828
98828
98828
98829
98832
98834
98834
98834
98835
98836
98836
98837
98838
98840
98845
98846
98847
98847
98847
98849
98851
98851
98852
98852
98852
98853
98853
98853
98855
98857
98859
98859
98859
98859
98863
98865
98866
98866
98866
98868
98868
98870
98870
98871
98872
98874
98874
98875
98877
98880
98881
98882
98882
98884
98884
98885
98885
98887
98887
98887
98890
98891
98892
98892
98893
98893
98894
98896
98897
98899
98900
98901
98903
98905
98906
98906
98906
98911
98912
98916
98916
98917
98919
98920
98921
98921
98924
98924
98924
98926
98929
98933
98935
98935
98937
98938
98943
98943
98944
98944
98945
98946
98947
98947
98951
98954
98956
98956
98960
98961
98961
98962
98962
98962
98967
98968
98970
98971
98972
98974
98974
98974
98977
98978
98979
98980
98982
98982
98985
98985
98988
98990
98990
98991
98991
98991
98992
98992
98994
98995
98995
98996
98996
98996
98998
98999
99001
99001
99001
99001
99001
99003
99003
99003
99004
99004
99007
99007
99010
99010
99011
99013
99013
99014
99015
99015
99015
99017
99019
99020
99023
99025
99026
99028
99028
99031
99032
99033
99033
99033
99034
99034
99034
99035
99035
99038
99040
99040
99040
99041
99042
99044
99044
99045
99046
99047
99048
99049
99051
99051
99051
99051
99051
99052
99052
99052
99053
99053
99054
99055
99056
99057
99059
99060
99064
99065
99066
99068
99068
99069
99070
99073
99073
99073
99074
99076
99076
99078
99079
99080
99080
99080
99081
99081
99082
99084
99085
99087
99087
99088
99088
99089
99090
99092
99094
99094
99095
99098
99101
99101
99104
99104
99104
99104
99107
99107
99108
99108
99112
99112
99113
99113
99114
99115
99116
99116
99117
99118
99118
99118
99119
99121
99121
99122
99122
99125
99125
99126
99127
99127
99129
99129
99130
99132
99132
99133
99136
99137
99137
99138
99139
99146
99146
99147
99147
99148
99154
99158
99159
99161
99166
99168
99169
99169
99169
99172
99178
99179
99181
99182
99183
99184
99184
99186
99186
99186
99187
99187
99187
99188
99189
99190
99190
99192
99192
99192
99193
99194
99196
99199
99200
99200
99201
99202
99202
99204
99205
99206
99206
99207
99208
99209
99209
99210
99210
99211
99214
99214
99214
99215
99215
99217
99218
99219
99219
99220
99221
99222
99222
99225
99226
99226
99227
99227
99227
99227
99228
99229
99230
99231
99231
99232
99232
99232
99236
99236
99237
99240
99241
99243
99244
99244
99245
99245
99247
99247
99248
99248
99251
99251
99252
99252
99253
99253
99254
99257
99258
99259
99259
99260
99260
99260
99262
99263
99263
99264
99265
99266
99267
99267
99268
99268
99268
99269
99271
99271
99272
99272
99272
99272
99275
99277
99278
99280
99280
99281
99283
99283
99286
99286
99288
99289
99289
99289
99291
99293
99296
99297
99298
99298
99298
99299
99299
99301
99301
99302
99304
99305
99306
99307
99307
99309
99309
99310
99310
99311
99312
99312
99314
99314
99314
99317
99317
99317
99318
99319
99320
99321
99321
99322
99322
99322
99323
99324
99325
99325
99327
99327
99328
99329
99330
99331
99333
99333
99335
99336
99336
99336
99340
99340
99341
99341
99342
99342
99342
99345
99346
99348
99350
99350
99351
99351
99352
99353
99354
99355
99356
99356
99358
99360
99360
99361
99362
99363
99363
99363
99364
99366
99366
99369
99372
99373
99373
99374
99376
99376
99378
99379
99381
99383
99383
99384
99385
99385
99386
99386
99387
99388
99390
99390
99392
99392
99393
99395
99395
99395
99397
99400
99401
99401
99402
99402
99402
99403
99405
99405
99407
99408
99408
99408
99410
99411
99412
99413
99417
99417
99418
99420
99421
99421
99424
99426
99429
99429
99430
99430
99430
99430
99430
99431
99432
99432
99434
99434
99435
99436
99436
99436
99437
99437
99438
99438
99440
99441
99441
99442
99442
99442
99443
99443
99447
99447
99448
99448
99448
99449
99450
99451
99451
99451
99453
99454
99455
99455
99456
99460
99460
99463
99466
99466
99467
99468
99470
99473
99473
99474
99474
99475
99475
99476
99476
99479
99483
99486
99488
99488
99491
99492
99494
99495
99496
99496
99497
99498
99499
99500
99502
99505
99505
99506
99506
99508
99509
99509
99509
99510
99511
99511
99516
99517
99517
99517
99518
99518
99518
99519
99523
99525
99526
99526
99526
99526
99528
99529
99531
99532
99532
99535
99536
99540
99540
99541
99542
99544
99544
99545
99545
99545
99547
99547
99550
99550
99550
99551
99551
99552
99553
99554
99554
99555
99556
99558
99560
99561
99562
99562
99563
99563
99563
99564
99564
99564
99565
99566
99566
99566
99566
99567
99568
99571
99573
99573
99573
99574
99574
99574
99577
99577
99577
99579
99580
99582
99583
99583
99583
99584
99584
99585
99585
99586
99586
99587
99588
99592
99593
99597
99600
99600
99601
99603
99604
99605
99609
99612
99614
99616
99617
99617
99618
99620
99620
99621
99621
99623
99624
99624
99625
99625
99627
99628
99628
99631
99633
99635
99635
99636
99637
99638
99638
99639
99640
99640
99641
99641
99641
99641
99642
99644
99645
99646
99646
99647
99647
99649
99649
99650
99651
99651
99652
99652
99653
99653
99654
99654
99655
99658
99658
99659
99660
99661
99662
99662
99663
99664
99665
99666
99667
99667
99667
99669
99669
99674
99675
99675
99675
99680
99680
99681
99682
99682
99683
99683
99684
99685
99686
99690
99690
99690
99693
99695
99696
99696
99697
99700
99702
99703
99704
99705
99706
99707
99708
99710
99710
99710
99711
99712
99712
99713
99713
99715
99715
99716
99717
99718
99718
99719
99723
99723
99723
99724
99724
99724
99724
99725
99725
99725
99726
99727
99729
99730
99731
99731
99731
99732
99733
99734
99735
99737
99737
99737
99738
99738
99740
99740
99741
99741
99741
99743
99746
99746
99747
99749
99751
99751
99752
99752
99755
99756
99757
99757
99758
99760
99760
99761
99762
99762
99763
99764
99765
99765
99766
99766
99767
99769
99769
99770
99770
99770
99771
99772
99773
99773
99776
99779
99780
99781
99781
99781
99782
99784
99786
99787
99788
99788
99788
99790
99792
99793
99796
99797
99797
99798
99798
99806
99807
99809
99811
99811
99813
99813
99815
99818
99818
99820
99820
99821
99821
99822
99823
99823
99824
99824
99826
99827
99829
99830
99831
99831
99832
99837
99837
99838
99839
99839
99840
99841
99842
99843
99844
99844
99846
99847
99847
99847
99848
99849
99850
99852
99852
99852
99853
99854
99854
99855
99857
99858
99860
99860
99861
99863
99867
99867
99867
99869
99869
99869
99870
99870
99872
99872
99872
99874
99875
99875
99877
99878
99878
99879
99879
99880
99883
99883
99884
99884
99886
99886
99886
99887
99887
99888
99890
99890
99890
99892
99893
99894
99894
99894
99894
99894
99895
99896
99898
99898
99899
99900
99902
99903
99905
99905
99905
99906
99906
99907
99907
99907
99908
99908
99911
99911
99912
99913
99914
99915
99916
99916
99917
99917
99918
99918
99920
99921
99922
99922
99923
99924
99924
99926
99926
99927
99927
99930
99931
99934
99935
99938
99938
99939
99939
99940
99940
99941
99941
99943
99944
99945
99947
99949
99950
99951
99952
99953
99954
99955
99955
99956
99960
99960
99961
99962
99964
99964
99965
99965
99965
99966
99967
99972
99972
99973
99979
99980
99981
99982
99982
99983
99983
99986
99987
99987
99988
99989
99989
99989
99991
99991
99991
99992
99992
99992
99992
99993
99993
99993
99994
99995
99995
99995
99996
99997
99997
100000
