39859
39860
39860
39862
39862
39863
39864
39865
39866
39866
39868
39868
39869
39871
39871
39872
39872
39874
39875
39875
39875
39877
39877
39881
39882
39884
39887
39888
39890
39890
39890
39892
39892
39895
39896
39897
39899
39899
39903
39904
39904
39905
39906
39906
39908
39909
39914
39915
39915
39916
39918
39918
39918
39919
39919
39921
39922
39922
39923
39924
39925
39925
39926
39926
39927
39927
39927
39928
39930
39930
39931
39931
39934
39935
39936
39937
39938
39940
39940
39940
39940
39940
39940
39941
39942
39942
39943
39943
39943
39943
39944
39945
39945
39946
39951
39952
39953
39956
39956
39957
39958
39958
39958
39958
39958
39958
39959
39959
39960
39960
39961
39961
39962
39963
39964
39965
39966
39967
39967
39968
39969
39969
39971
39971
39972
39976
39976
39976
39976
39978
39979
39980
39981
39981
39982
39983
39983
39983
39984
39985
39986
39987
39987
39987
39990
39992
39992
39992
39993
39993
39995
39997
40002
40003
40003
40004
40005
40007
40008
40008
40008
40009
40011
40012
40012
40014
40016
40016
40017
40018
40019
40019
40019
40020
40020
40021
40023
40023
40024
40025
40026
40026
40027
40028
40030
40030
40031
40031
40031
40033
40033
40034
40035
40036
40036
40036
40036
40036
40037
40039
40041
40043
40044
40044
40045
40046
40049
40050
40052
40053
40054
40054
40054
40057
40058
40058
40061
40064
40064
40066
40067
40070
40073
40073
40074
40076
40076
40077
40078
40078
40079
40080
40081
40082
40084
40085
40086
40087
40088
40088
40089
40090
40090
40092
40095
40095
40096
40098
40100
40101
40101
40106
40107
40107
40108
40110
40111
40112
40114
40114
40115
40116
40117
40120
40120
40121
40121
40121
40122
40122
40122
40123
40123
40124
40124
40124
40125
40125
40127
40128
40129
40130
40131
40134
40135
40135
40135
40136
40139
40140
40140
40141
40141
40142
40143
40144
40145
40145
40146
40148
40149
40151
40151
40155
40155
40156
40157
40157
40157
40157
40159
40162
40162
40163
40163
40163
40164
40165
40165
40166
40167
40169
40169
40171
40171
40173
40173
40174
40175
40175
40175
40177
40178
40180
40181
40183
40183
40185
40191
40194
40194
40194
40197
40197
40198
40198
40198
40198
40200
40201
40201
40204
40207
40209
40212
40213
40214
40216
40218
40218
40218
40218
40218
40218
40219
40219
40219
40220
40220
40220
40222
40225
40225
40225
40226
40226
40226
40226
40229
40229
40229
40230
40234
40236
40238
40241
40243
40243
40244
40244
40245
40245
40246
40247
40251
40251
40252
40252
40252
40253
40256
40258
40260
40260
40260
40261
40263
40263
40264
40264
40265
40265
40266
40267
40267
40267
40268
40269
40270
40271
40273
40274
40274
40276
40279
40280
40280
40284
40285
40285
40286
40287
40288
40288
40289
40290
40290
40291
40292
40292
40294
40295
40295
40299
40301
40302
40302
40304
40304
40304
40304
40304
40305
40306
40307
40309
40312
40313
40313
40318
40320
40320
40322
40324
40326
40326
40328
40328
40330
40330
40330
40331
40331
40331
40334
40335
40336
40336
40337
40337
40338
40339
40340
40340
40340
40341
40341
40344
40344
40345
40348
40351
40353
40354
40354
40355
40356
40357
40357
40357
40357
40358
40360
40363
40364
40364
40367
40367
40367
40367
40369
40370
40371
40371
40374
40375
40376
40377
40378
40379
40381
40382
40385
40386
40387
40388
40389
40390
40390
40391
40391
40391
40392
40393
40394
40395
40397
40397
40398
40399
40399
40401
40401
40402
40403
40404
40405
40405
40407
40408
40409
40409
40410
40412
40412
40414
40414
40415
40415
40416
40417
40418
40419
40419
40419
40425
40427
40427
40428
40428
40429
40429
40429
40429
40430
40431
40431
40432
40434
40436
40436
40437
40438
40441
40442
40444
40446
40447
40447
40449
40451
40452
40453
40453
40454
40454
40457
40457
40458
40459
40459
40459
40459
40459
40460
40460
40460
40462
40462
40465
40465
40467
40468
40468
40470
40471
40475
40476
40476
40476
40482
40482
40485
40486
40491
40491
40491
40491
40493
40493
40493
40493
40495
40496
40496
40497
40499
40499
40499
40500
40501
40505
40507
40508
40511
40511
40513
40513
40515
40517
40517
40518
40520
40521
40523
40524
40525
40525
40528
40528
40529
40530
40530
40530
40532
40533
40533
40537
40538
40540
40540
40542
40542
40542
40543
40545
40545
40546
40548
40548
40550
40550
40553
40555
40555
40556
40558
40560
40561
40562
40565
40565
40567
40571
40572
40572
40572
40574
40575
40578
40578
40581
40581
40582
40583
40583
40585
40585
40585
40586
40586
40586
40589
40589
40590
40590
40592
40592
40592
40592
40592
40595
40597
40598
40601
40601
40602
40602
40602
40603
40603
40605
40606
40607
40608
40615
40617
40619
40619
40621
40621
40622
40623
40623
40624
40625
40625
40625
40626
40627
40629
40631
40633
40633
40633
40635
40636
40636
40637
40637
40637
40638
40639
40640
40641
40641
40641
40646
40648
40650
40650
40651
40651
40652
40653
40656
40657
40658
40661
40661
40662
40662
40663
40664
40664
40665
40665
40666
40666
40666
40670
40670
40671
40672
40672
40674
40674
40676
40676
40676
40678
40679
40679
40683
40685
40686
40687
40687
40689
40690
40691
40692
40694
40695
40697
40698
40700
40700
40700
40701
40701
40703
40705
40705
40707
40707
40710
40711
40713
40714
40715
40717
40720
40721
40723
40725
40725
40727
40728
40729
40732
40734
40735
40736
40737
40738
40739
40739
40740
40740
40741
40741
40742
40743
40743
40744
40744
40744
40746
40747
40749
40750
40750
40750
40750
40751
40752
40758
40759
40759
40759
40760
40761
40761
40761
40762
40762
40762
40765
40765
40767
40767
40767
40769
40770
40771
40771
40771
40772
40772
40772
40772
40774
40774
40775
40776
40777
40777
40778
40778
40778
40779
40780
40781
40783
40784
40786
40787
40790
40793
40793
40795
40795
40795
40796
40798
40799
40799
40800
40801
40801
40802
40803
40803
40804
40804
40805
40806
40807
40808
40809
40809
40810
40811
40811
40811
40816
40816
40816
40816
40817
40817
40817
40819
40819
40820
40821
40821
40822
40822
40822
40824
40825
40825
40826
40830
40831
40832
40833
40833
40833
40833
40833
40834
40836
40836
40838
40838
40839
40842
40844
40845
40845
40845
40848
40851
40851
40852
40852
40853
40854
40855
40855
40856
40856
40857
40857
40858
40859
40860
40860
40861
40862
40863
40863
40863
40864
40866
40866
40866
40866
40866
40867
40869
40872
40873
40873
40874
40874
40875
40875
40877
40877
40877
40878
40878
40878
40878
40879
40880
40880
40881
40881
40881
40883
40886
40887
40892
40892
40892
40894
40894
40895
40896
40898
40900
40901
40905
40906
40906
40906
40908
40909
40910
40910
40911
40914
40915
40915
40916
40916
40916
40917
40917
40917
40918
40919
40919
40919
40919
40920
40920
40921
40922
40925
40925
40925
40928
40930
40933
40933
40934
40934
40937
40937
40939
40940
40941
40942
40943
40943
40944
40945
40948
40949
40951
40952
40955
40956
40958
40962
40965
40968
40968
40970
40970
40971
40972
40972
40972
40973
40974
40976
40978
40980
40980
40983
40984
40985
40985
40986
40987
40988
40991
40991
40991
40991
40991
40991
40992
40992
40993
40993
40994
40994
40994
40996
40998
40998
41001
41001
41001
41002
41003
41004
41007
41011
41011
41012
41012
41012
41012
41013
41019
41020
41020
41022
41023
41024
41025
41028
41030
41032
41039
41039
41040
41042
41046
41046
41047
41049
41050
41051
41051
41051
41052
41052
41054
41055
41056
41056
41057
41058
41060
41063
41065
41066
41067
41067
41067
41068
41068
41069
41070
41071
41071
41071
41071
41074
41076
41076
41078
41080
41081
41081
41082
41083
41083
41084
41084
41085
41085
41086
41086
41087
41089
41089
41092
41095
41095
41095
41095
41097
41098
41098
41099
41100
41103
41103
41105
41106
41107
41111
41112
41112
41112
41113
41113
41113
41115
41117
41119
41120
41121
41122
41123
41123
41124
41126
41126
41127
41129
41131
41131
41132
41133
41133
41136
41137
41140
41144
41145
41147
41147
41148
41148
41151
41151
41152
41152
41153
41153
41154
41154
41155
41156
41157
41158
41159
41159
41161
41161
41162
41162
41163
41163
41163
41165
41171
41172
41173
41173
41174
41175
41175
41176
41177
41179
41181
41182
41183
41186
41186
41187
41191
41192
41194
41195
41195
41196
41196
41197
41199
41201
41202
41203
41204
41208
41209
41209
41209
41209
41211
41214
41215
41217
41220
41220
41220
41221
41222
41222
41224
41226
41226
41226
41228
41231
41233
41236
41236
41237
41237
41238
41240
41240
41243
41246
41246
41247
41249
41249
41250
41251
41252
41254
41254
41254
41255
41255
41257
41257
41258
41258
41259
41262
41263
41264
41270
41270
41271
41271
41271
41273
41275
41276
41278
41279
41281
41282
41283
41284
41286
41286
41288
41288
41289
41291
41291
41293
41295
41296
41297
41304
41305
41306
41306
41308
41309
41309
41309
41311
41315
41316
41323
41328
41330
41334
41335
41335
41335
41336
41338
41339
41340
41340
41340
41341
41342
41346
41347
41347
41347
41348
41348
41349
41351
41352
41352
41353
41354
41355
41355
41355
41356
41358
41359
41360
41364
41367
41367
41367
41368
41370
41371
41371
41371
41372
41373
41374
41376
41376
41377
41379
41380
41382
41383
41383
41383
41383
41384
41384
41385
41386
41387
41387
41388
41389
41389
41390
41391
41392
41393
41398
41398
41399
41399
41401
41401
41401
41402
41402
41403
41405
41405
41407
41408
41408
41409
41411
41411
41412
41413
41413
41415
41417
41420
41423
41426
41427
41427
41427
41428
41429
41431
41433
41433
41433
41434
41435
41436
41437
41438
41438
41441
41443
41444
41445
41446
41446
41446
41446
41447
41447
41447
41448
41451
41454
41454
41460
41461
41461
41464
41465
41467
41467
41470
41470
41471
41471
41473
41474
41474
41475
41475
41476
41477
41479
41479
41480
41480
41482
41483
41483
41486
41487
41487
41487
41489
41490
41490
41490
41490
41492
41493
41496
41498
41498
41503
41503
41506
41507
41509
41516
41516
41518
41519
41519
41521
41523
41524
41525
41526
41527
41529
41529
41529
41529
41531
41533
41534
41534
41535
41535
41535
41536
41536
41538
41540
41541
41543
41544
41544
41544
41544
41545
41545
41545
41546
41550
41551
41551
41552
41552
41555
41557
41557
41559
41559
41560
41560
41560
41563
41563
41566
41566
41567
41567
41568
41569
41570
41575
41575
41575
41576
41577
41578
41578
41579
41580
41580
41581
41583
41583
41583
41585
41586
41587
41588
41588
41589
41590
41592
41593
41593
41595
41596
41598
41599
41601
41602
41606
41607
41607
41607
41608
41609
41609
41609
41610
41611
41611
41612
41614
41617
41618
41619
41621
41621
41622
41622
41624
41627
41627
41627
41630
41631
41632
41634
41634
41636
41636
41636
41638
41639
41639
41640
41640
41642
41645
41648
41649
41650
41650
41651
41651
41651
41654
41655
41655
41656
41659
41660
41661
41662
41665
41665
41667
41667
41669
41669
41671
41672
41672
41673
41674
41674
41675
41675
41676
41677
41678
41678
41679
41680
41685
41685
41687
41688
41689
41689
41693
41693
41694
41694
41695
41695
41696
41696
41696
41697
41699
41700
41700
41702
41702
41702
41703
41704
41704
41704
41706
41707
41709
41709
41710
41711
41713
41713
41716
41717
41718
41719
41720
41720
41723
41723
41724
41726
41727
41729
41729
41730
41731
41731
41732
41732
41732
41732
41733
41735
41735
41737
41737
41737
41738
41739
41740
41741
41744
41744
41745
41746
41746
41746
41747
41749
41750
41751
41752
41752
41755
41758
41759
41760
41760
41760
41761
41761
41761
41763
41763
41764
41764
41765
41766
41769
41770
41773
41773
41774
41774
41775
41776
41776
41777
41781
41781
41781
41783
41786
41786
41786
41786
41786
41787
41787
41787
41788
41789
41793
41793
41793
41793
41793
41794
41795
41796
41798
41799
41801
41802
41806
41807
41807
41808
41808
41808
41809
41811
41812
41813
41815
41815
41816
41816
41818
41819
41820
41824
41824
41824
41824
41825
41825
41827
41828
41828
41829
41829
41829
41832
41833
41833
41834
41838
41839
41839
41839
41840
41842
41842
41843
41844
41844
41847
41850
41850
41850
41851
41853
41856
41857
41859
41860
41861
41862
41863
41864
41864
41865
41869
41870
41870
41870
41871
41873
41874
41875
41876
41877
41877
41877
41878
41879
41879
41881
41881
41882
41883
41885
41886
41887
41889
41892
41892
41893
41894
41894
41894
41896
41896
41898
41899
41900
41900
41902
41902
41903
41905
41905
41906
41908
41908
41908
41908
41910
41910
41910
41912
41913
41916
41918
41919
41921
41921
41921
41924
41926
41926
41928
41929
41931
41932
41933
41933
41934
41935
41936
41937
41938
41939
41940
41941
41941
41941
41943
41943
41944
41944
41945
41945
41946
41946
41947
41948
41948
41949
41951
41952
41954
41955
41955
41956
41956
41956
41957
41957
41958
41960
41961
41961
41962
41963
41963
41965
41967
41967
41968
41969
41971
41971
41972
41972
41973
41973
41974
41975
41975
41976
41976
41978
41980
41981
41981
41981
41981
41982
41983
41983
41985
41985
41986
41986
41986
41987
41987
41988
41989
41989
41990
41991
41992
41994
41994
41996
41997
41997
41997
41999
41999
42001
42002
42003
42004
42005
42005
42007
42008
42009
42010
42015
42016
42016
42017
42017
42018
42018
42020
42020
42020
42021
42021
42022
42023
42023
42024
42024
42024
42026
42027
42028
42028
42030
42031
42034
42036
42036
42036
42036
42037
42037
42039
42039
42041
42041
42041
42044
42045
42045
42045
42045
42047
42050
42051
42053
42054
42055
42055
42056
42056
42056
42056
42057
42058
42060
42062
42062
42063
42064
42067
42067
42067
42068
42069
42069
42069
42072
42072
42073
42075
42076
42076
42077
42078
42078
42079
42079
42083
42084
42085
42085
42086
42087
42088
42090
42092
42094
42094
42095
42096
42098
42099
42099
42101
42102
42102
42103
42105
42105
42106
42108
42108
42109
42109
42110
42111
42112
42113
42113
42113
42116
42117
42117
42117
42118
42119
42119
42121
42121
42121
42121
42122
42122
42122
42122
42123
42123
42123
42126
42127
42128
42128
42129
42131
42131
42132
42132
42134
42136
42137
42137
42137
42138
42139
42140
42140
42140
42140
42142
42142
42145
42145
42147
42148
42148
42148
42149
42149
42151
42153
42153
42154
42155
42155
42156
42156
42157
42157
42160
42160
42163
42164
42165
42167
42169
42169
42172
42172
42174
42174
42175
42176
42177
42177
42178
42179
42182
42183
42184
42185
42185
42186
42188
42190
42190
42191
42192
42192
42193
42193
42195
42195
42197
42197
42200
42203
42204
42205
42206
42206
42208
42208
42209
42209
42211
42211
42212
42213
42214
42215
42217
42218
42220
42222
42224
42225
42226
42226
42226
42227
42228
42228
42229
42230
42230
42231
42232
42234
42234
42235
42236
42236
42237
42237
42237
42238
42238
42239
42241
42243
42249
42251
42252
42252
42252
42253
42254
42255
42255
42256
42256
42259
42261
42263
42264
42265
42265
42267
42269
42270
42271
42271
42273
42273
42276
42277
42277
42280
42281
42281
42284
42285
42287
42288
42288
42288
42290
42291
42293
42294
42298
42302
42302
42303
42305
42305
42306
42307
42307
42307
42308
42308
42308
42310
42311
42312
42312
42313
42313
42314
42319
42320
42320
42323
42323
42324
42324
42324
42324
42325
42326
42326
42326
42328
42328
42328
42328
42328
42330
42334
42335
42336
42336
42337
42338
42338
42338
42340
42341
42342
42346
42346
42346
42347
42349
42350
42350
42352
42353
42354
42355
42355
42355
42356
42358
42359
42359
42359
42361
42362
42364
42364
42364
42366
42369
42369
42369
42370
42370
42373
42375
42378
42380
42382
42383
42387
42387
42387
42388
42389
42389
42391
42394
42395
42397
42397
42398
42400
42402
42405
42406
42407
42408
42411
42414
42416
42416
42416
42417
42419
42423
42424
42426
42426
42426
42426
42426
42426
42432
42433
42435
42436
42436
42437
42438
42438
42440
42440
42442
42445
42446
42446
42446
42447
42448
42448
42450
42451
42451
42451
42452
42453
42453
42456
42457
42462
42463
42464
42464
42465
42466
42466
42467
42467
42467
42467
42468
42468
42468
42468
42469
42470
42470
42470
42471
42471
42472
42472
42473
42476
42477
42477
42478
42478
42479
42480
42480
42484
42484
42485
42485
42485
42485
42486
42488
42488
42489
42491
42494
42495
42497
42502
42506
42506
42507
42508
42509
42511
42512
42513
42515
42515
42520
42521
42521
42523
42526
42527
42528
42530
42530
42530
42530
42531
42532
42532
42534
42534
42535
42538
42538
42539
42541
42541
42542
42543
42544
42546
42546
42547
42548
42550
42550
42551
42551
42552
42552
42557
42557
42557
42557
42558
42560
42563
42563
42565
42568
42569
42569
42571
42572
42572
42573
42574
42578
42581
42582
42584
42585
42586
42587
42587
42591
42592
42592
42593
42593
42594
42595
42595
42595
42595
42597
42598
42598
42601
42601
42601
42603
42604
42605
42607
42608
42609
42609
42612
42612
42613
42613
42613
42613
42614
42615
42615
42619
42621
42621
42623
42624
42624
42624
42624
42625
42626
42626
42627
42628
42628
42630
42631
42632
42632
42634
42635
42636
42636
42638
42639
42642
42643
42644
42644
42645
42645
42647
42647
42649
42649
42650
42650
42653
42653
42654
42655
42656
42656
42657
42657
42658
42658
42659
42660
42660
42661
42662
42663
42664
42665
42666
42666
42666
42669
42669
42669
42671
42672
42672
42672
42673
42673
42674
42674
42674
42674
42674
42674
42675
42677
42678
42681
42682
42682
42683
42685
42687
42688
42688
42689
42690
42692
42693
42695
42695
42695
42695
42696
42696
42698
42698
42698
42698
42698
42700
42702
42708
42708
42708
42708
42710
42710
42711
42713
42714
42716
42717
42717
42718
42720
42720
42721
42721
42722
42722
42725
42727
42730
42731
42732
42732
42732
42733
42733
42734
42735
42736
42737
42738
42738
42738
42739
42740
42740
42742
42742
42743
42744
42744
42745
42745
42746
42746
42746
42747
42747
42747
42747
42748
42750
42750
42750
42751
42751
42752
42756
42756
42758
42759
42764
42765
42766
42767
42767
42767
42768
42769
42769
42770
42774
42778
42778
42779
42779
42780
42780
42785
42788
42788
42792
42794
42794
42795
42795
42796
42796
42797
42797
42798
42799
42800
42800
42801
42802
42802
42803
42805
42806
42806
42807
42809
42810
42810
42811
42811
42811
42813
42814
42814
42815
42818
42819
42819
42821
42821
42822
42823
42824
42825
42827
42827
42827
42830
42831
42831
42831
42833
42834
42835
42836
42838
42842
42845
42846
42849
42850
42850
42851
42851
42854
42855
42856
42856
42857
42857
42860
42861
42861
42862
42862
42863
42863
42864
42864
42864
42865
42866
42867
42868
42869
42869
42870
42870
42874
42874
42875
42878
42880
42880
42880
42881
42881
42882
42883
42884
42887
42887
42888
42889
42894
42894
42895
42897
42897
42898
42898
42898
42898
42899
42900
42900
42900
42901
42904
42907
42908
42909
42910
42910
42910
42910
42911
42912
42912
42913
42913
42914
42917
42917
42918
42919
42919
42920
42921
42922
42924
42926
42928
42928
42929
42929
42929
42930
42930
42931
42931
42932
42933
42938
42939
42940
42941
42941
42942
42943
42943
42945
42945
42947
42947
42947
42948
42949
42952
42953
42953
42953
42954
42954
42954
42955
42956
42956
42956
42958
42959
42959
42961
42961
42962
42965
42966
42966
42966
42966
42966
42967
42968
42971
42971
42971
42972
42973
42977
42979
42981
42981
42982
42982
42984
42984
42985
42986
42989
42990
42990
42991
42991
42992
42994
42996
42997
42998
42999
43001
43003
43004
43005
43005
43005
43006
43006
43006
43006
43007
43007
43008
43009
43009
43009
43009
43010
43013
43013
43015
43015
43015
43016
43016
43016
43018
43019
43019
43021
43021
43028
43028
43030
43031
43032
43032
43033
43036
43037
43039
43039
43042
43043
43045
43045
43045
43045
43051
43052
43054
43054
43056
43056
43057
43057
43057
43059
43060
43060
43061
43064
43064
43064
43066
43068
43068
43071
43072
43072
43072
43072
43075
43076
43076
43077
43078
43079
43079
43080
43083
43084
43084
43085
43086
43088
43089
43089
43090
43091
43092
43093
43094
43094
43095
43095
43096
43097
43098
43099
43099
43101
43102
43102
43103
43103
43104
43105
43105
43105
43107
43108
43108
43110
43111
43112
43112
43112
43112
43114
43114
43114
43114
43116
43119
43119
43119
43120
43120
43121
43123
43124
43125
43125
43128
43129
43129
43129
43131
43132
43133
43134
43134
43134
43139
43139
43140
43141
43141
43141
43142
43142
43143
43143
43145
43146
43146
43146
43146
43147
43147
43148
43148
43148
43149
43150
43150
43150
43151
43155
43156
43157
43157
43159
43160
43161
43161
43161
43162
43162
43163
43164
43165
43165
43167
43168
43168
43169
43169
43170
43171
43172
43172
43174
43175
43176
43176
43177
43178
43178
43181
43183
43184
43185
43186
43189
43189
43190
43192
43192
43194
43195
43196
43197
43198
43199
43199
43200
43201
43201
43202
43202
43206
43207
43207
43208
43209
43210
43210
43211
43213
43215
43217
43217
43219
43221
43222
43223
43223
43223
43224
43224
43228
43229
43229
43230
43231
43231
43233
43234
43235
43237
43237
43238
43238
43239
43239
43241
43241
43242
43243
43243
43243
43246
43248
43249
43251
43252
43252
43255
43255
43257
43258
43259
43259
43260
43260
43261
43263
43263
43264
43265
43266
43266
43268
43268
43269
43269
43270
43271
43271
43271
43274
43275
43275
43276
43276
43277
43277
43278
43279
43280
43280
43281
43281
43282
43283
43285
43286
43288
43288
43289
43289
43290
43290
43290
43292
43293
43294
43294
43295
43296
43296
43296
43298
43299
43300
43304
43304
43305
43306
43307
43308
43308
43311
43313
43314
43317
43318
43320
43320
43322
43322
43323
43324
43324
43325
43326
43327
43329
43330
43330
43330
43332
43332
43332
43332
43333
43336
43336
43338
43339
43342
43344
43344
43345
43346
43347
43348
43349
43349
43349
43350
43351
43352
43354
43355
43356
43356
43358
43359
43359
43360
43361
43363
43363
43364
43365
43368
43368
43368
43368
43368
43369
43369
43370
43371
43372
43373
43375
43375
43375
43376
43378
43378
43379
43379
43380
43380
43380
43384
43386
43387
43388
43390
43391
43391
43391
43395
43395
43396
43397
43398
43401
43401
43402
43404
43404
43407
43408
43409
43409
43410
43411
43411
43413
43413
43413
43413
43416
43416
43416
43417
43418
43418
43419
43419
43419
43420
43420
43421
43422
43423
43423
43426
43427
43427
43427
43428
43428
43429
43431
43433
43433
43434
43434
43436
43437
43440
43442
43443
43445
43446
43448
43448
43449
43450
43453
43453
43454
43456
43457
43457
43458
43458
43458
43459
43460
43462
43462
43465
43465
43465
43467
43467
43468
43470
43471
43472
43473
43474
43475
43475
43475
43476
43476
43477
43477
43478
43479
43480
43481
43484
43484
43485
43488
43490
43492
43492
43493
43493
43493
43495
43495
43496
43496
43496
43497
43497
43498
43498
43501
43502
43505
43506
43508
43508
43508
43509
43509
43510
43511
43512
43514
43514
43516
43517
43517
43520
43522
43522
43524
43524
43524
43525
43525
43526
43526
43527
43527
43527
43528
43531
43531
43533
43533
43534
43534
43534
43535
43536
43536
43537
43537
43537
43538
43538
43541
43543
43550
43550
43551
43552
43559
43560
43560
43560
43561
43563
43567
43568
43569
43574
43574
43574
43576
43576
43577
43581
43581
43581
43581
43583
43583
43584
43584
43585
43586
43587
43588
43592
43593
43593
43594
43594
43595
43597
43598
43598
43600
43601
43603
43603
43605
43606
43606
43607
43607
43609
43609
43610
43611
43612
43612
43612
43613
43613
43615
43618
43619
43620
43622
43624
43624
43624
43624
43626
43627
43627
43628
43629
43630
43631
43633
43633
43634
43634
43635
43636
43636
43636
43638
43638
43641
43642
43642
43643
43643
43644
43645
43646
43646
43647
43648
43648
43648
43648
43649
43649
43649
43649
43650
43650
43650
43651
43652
43652
43652
43654
43655
43656
43656
43657
43657
43659
43660
43660
43660
43661
43665
43665
43666
43667
43667
43667
43668
43668
43668
43669
43672
43672
43673
43675
43679
43679
43679
43679
43681
43682
43682
43682
43682
43683
43683
43684
43685
43686
43687
43687
43687
43690
43691
43691
43692
43692
43694
43694
43694
43694
43696
43696
43697
43698
43699
43700
43702
43702
43704
43705
43706
43709
43710
43710
43711
43711
43712
43717
43717
43718
43719
43719
43719
43719
43719
43723
43723
43723
43725
43726
43726
43727
43727
43727
43728
43729
43730
43731
43732
43734
43734
43735
43736
43736
43738
43738
43738
43739
43740
43742
43744
43744
43746
43747
43748
43750
43752
43754
43754
43756
43757
43761
43763
43764
43766
43768
43768
43769
43770
43770
43771
43775
43777
43778
43779
43780
43782
43784
43785
43787
43789
43789
43790
43790
43790
43791
43791
43791
43791
43791
43792
43792
43792
43793
43793
43793
43794
43796
43796
43797
43798
43798
43799
43799
43799
43799
43800
43801
43801
43801
43803
43803
43804
43804
43804
43807
43808
43808
43809
43811
43813
43814
43815
43816
43818
43819
43820
43823
43823
43824
43825
43825
43825
43826
43827
43827
43828
43828
43828
43828
43831
43832
43832
43832
43833
43833
43836
43838
43838
43840
43842
43844
43844
43845
43845
43845
43845
43851
43852
43852
43852
43853
43853
43854
43855
43857
43858
43858
43858
43859
43859
43861
43861
43861
43862
43862
43862
43865
43866
43866
43867
43867
43868
43868
43870
43870
43871
43872
43873
43873
43874
43874
43875
43875
43875
43876
43877
43879
43879
43883
43884
43884
43886
43886
43886
43886
43886
43886
43887
43888
43889
43889
43890
43890
43891
43891
43894
43894
43895
43897
43897
43898
43898
43899
43899
43900
43901
43902
43902
43906
43908
43909
43909
43911
43912
43912
43912
43912
43913
43913
43914
43916
43916
43918
43918
43918
43919
43921
43922
43924
43927
43928
43930
43931
43933
43937
43937
43939
43940
43941
43941
43941
43942
43943
43943
43943
43945
43945
43945
43947
43947
43947
43947
43950
43951
43952
43957
43959
43960
43960
43960
43962
43964
43966
43967
43968
43969
43969
43969
43970
43971
43972
43972
43975
43975
43976
43978
43979
43980
43980
43980
43981
43981
43982
43982
43982
43984
43985
43986
43986
43987
43988
43990
43992
43993
43993
43993
43994
43994
43994
43995
43997
43998
43999
44001
44003
44003
44003
44004
44004
44004
44005
44006
44007
44009
44009
44010
44011
44011
44011
44012
44012
44013
44018
44018
44018
44019
44019
44020
44020
44021
44022
44022
44024
44024
44024
44024
44026
44029
44031
44031
44033
44034
44034
44035
44035
44035
44036
44036
44042
44044
44044
44045
44049
44049
44050
44053
44054
44057
44061
44062
44066
44069
44069
44069
44070
44075
44076
44077
44078
44078
44078
44079
44079
44080
44080
44080
44080
44081
44081
44082
44082
44084
44085
44085
44086
44086
44087
44088
44091
44091
44093
44095
44095
44096
44097
44097
44100
44101
44102
44102
44103
44104
44104
44105
44105
44107
44108
44111
44111
44112
44112
44113
44113
44113
44114
44114
44116
44118
44119
44120
44120
44121
44121
44121
44122
44122
44122
44122
44122
44123
44126
44128
44130
44130
44131
44132
44133
44137
44141
44142
44142
44142
44143
44143
44144
44144
44144
44145
44145
44146
44147
44148
44148
44150
44152
44152
44154
44155
44155
44156
44157
44158
44161
44163
44164
44164
44164
44166
44167
44167
44168
44168
44170
44170
44171
44171
44172
44173
44176
44176
44181
44181
44182
44182
44183
44183
44184
44184
44184
44186
44186
44188
44190
44190
44191
44191
44193
44194
44194
44195
44196
44196
44197
44197
44199
44199
44199
44200
44200
44200
44201
44201
44203
44204
44204
44206
44207
44207
44207
44209
44210
44211
44213
44215
44216
44217
44217
44218
44219
44219
44219
44223
44223
44224
44224
44225
44226
44227
44230
44230
44232
44234
44234
44236
44237
44237
44237
44238
44238
44238
44239
44240
44241
44241
44241
44242
44242
44243
44243
44243
44245
44250
44251
44251
44252
44254
44254
44255
44256
44257
44258
44259
44260
44261
44261
44261
44264
44268
44269
44270
44272
44272
44273
44274
44274
44275
44275
44276
44277
44277
44280
44282
44282
44282
44283
44283
44285
44286
44287
44287
44287
44289
44289
44292
44295
44296
44298
44298
44299
44299
44299
44300
44301
44301
44304
44304
44304
44305
44305
44306
44306
44309
44309
44311
44312
44313
44313
44313
44314
44314
44316
44317
44318
44319
44323
44324
44325
44325
44325
44325
44325
44325
44328
44330
44330
44331
44331
44333
44333
44334
44335
44335
44335
44336
44336
44338
44339
44341
44341
44342
44342
44344
44346
44348
44350
44352
44352
44355
44359
44361
44362
44363
44364
44364
44365
44365
44367
44369
44369
44369
44370
44371
44371
44372
44372
44373
44373
44374
44375
44376
44377
44378
44378
44378
44379
44379
44379
44380
44380
44380
44381
44381
44381
44382
44386
44388
44389
44390
44390
44390
44391
44392
44393
44394
44397
44397
44399
44400
44402
44403
44404
44406
44406
44406
44406
44410
44411
44412
44412
44413
44413
44414
44414
44417
44417
44418
44421
44423
44425
44425
44425
44427
44428
44430
44431
44432
44433
44434
44434
44435
44435
44437
44437
44440
44440
44441
44441
44443
44444
44445
44445
44445
44445
44446
44447
44448
44448
44449
44450
44450
44453
44453
44455
44455
44456
44459
44460
44461
44461
44461
44463
44463
44464
44464
44465
44467
44470
44471
44471
44471
44471
44472
44474
44474
44476
44478
44479
44481
44481
44481
44482
44483
44483
44483
44487
44489
44490
44490
44491
44491
44492
44493
44495
44495
44496
44497
44497
44498
44498
44498
44499
44500
44500
44500
44501
44502
44503
44503
44503
44503
44504
44504
44505
44506
44507
44509
44509
44510
44520
44520
44521
44522
44523
44523
44524
44526
44528
44528
44529
44529
44529
44530
44533
44534
44534
44535
44537
44538
44541
44541
44543
44544
44544
44545
44546
44548
44550
44550
44550
44550
44552
44552
44553
44553
44555
44556
44557
44557
44558
44558
44559
44560
44562
44562
44563
44563
44564
44564
44565
44565
44566
44566
44571
44572
44573
44575
44576
44577
44578
44579
44583
44585
44586
44588
44588
44588
44590
44591
44592
44592
44592
44593
44594
44595
44595
44595
44595
44597
44598
44600
44602
44603
44603
44604
44605
44605
44606
44607
44607
44609
44610
44610
44610
44611
44613
44613
44614
44615
44616
44619
44619
44620
44620
44621
44621
44621
44624
44624
44625
44627
44628
44628
44629
44630
44631
44632
44632
44635
44635
44636
44639
44641
44642
44642
44643
44645
44650
44650
44652
44653
44654
44654
44655
44656
44657
44658
44660
44662
44663
44663
44667
44668
44669
44670
44672
44673
44674
44676
44677
44677
44677
44678
44680
44680
44681
44681
44682
44682
44683
44684
44686
44687
44690
44690
44691
44691
44692
44694
44694
44695
44696
44697
44698
44699
44701
44702
44702
44703
44703
44703
44704
44705
44705
44706
44706
44708
44710
44711
44712
44713
44714
44715
44716
44717
44717
44717
44718
44718
44719
44720
44720
44721
44723
44723
44724
44725
44728
44728
44730
44730
44731
44731
44732
44733
44734
44735
44738
44739
44740
44740
44740
44740
44741
44741
44743
44743
44744
44744
44746
44746
44746
44747
44747
44750
44752
44752
44753
44754
44754
44755
44755
44756
44756
44757
44758
44758
44759
44759
44759
44762
44763
44766
44767
44768
44770
44771
44776
44780
44783
44783
44784
44785
44785
44785
44785
44786
44787
44787
44787
44788
44790
44790
44791
44793
44795
44797
44799
44799
44799
44800
44801
44802
44802
44803
44803
44803
44806
44807
44807
44808
44811
44812
44812
44812
44813
44815
44817
44817
44817
44817
44817
44818
44818
44819
44820
44825
44825
44828
44830
44831
44831
44834
44835
44836
44836
44836
44839
44844
44845
44845
44846
44849
44850
44850
44850
44852
44854
44854
44856
44856
44857
44857
44857
44858
44858
44860
44860
44862
44863
44863
44867
44867
44869
44870
44872
44872
44872
44874
44876
44876
44879
44879
44880
44882
44882
44883
44884
44888
44888
44889
44891
44892
44892
44892
44893
44893
44896
44897
44898
44898
44899
44899
44901
44904
44905
44906
44906
44908
44908
44908
44910
44913
44916
44917
44918
44920
44921
44923
44923
44924
44925
44925
44928
44929
44930
44931
44931
44931
44931
44935
44935
44938
44938
44938
44938
44939
44939
44940
44941
44941
44942
44942
44942
44942
44944
44946
44948
44949
44950
44952
44954
44954
44958
44958
44958
44959
44960
44964
44964
44966
44966
44967
44968
44968
44969
44970
44970
44972
44973
44973
44974
44976
44978
44978
44979
44980
44982
44983
44984
44986
44989
44991
44991
44992
44994
44995
44995
44998
44999
45001
45002
45004
45004
45005
45005
45006
45006
45008
45010
45010
45010
45010
45010
45011
45012
45013
45014
45015
45015
45015
45019
45023
45025
45026
45026
45026
45028
45029
45030
45030
45031
45032
45032
45033
45033
45034
45034
45037
45037
45037
45037
45038
45039
45039
45040
45041
45043
45044
45045
45045
45047
45048
45048
45049
45049
45050
45051
45055
45055
45056
45058
45058
45060
45060
45062
45062
45064
45065
45065
45065
45065
45067
45068
45069
45070
45072
45072
45076
45076
45079
45079
45080
45080
45080
45081
45082
45084
45084
45086
45088
45089
45090
45090
45091
45096
45096
45097
45097
45098
45098
45098
45100
45100
45101
45101
45104
45105
45105
45106
45107
45107
45107
45108
45108
45109
45109
45109
45110
45111
45113
45114
45114
45115
45117
45117
45118
45119
45119
45120
45120
45121
45121
45121
45121
45122
45122
45123
45123
45124
45125
45126
45126
45128
45129
45129
45130
45131
45132
45133
45134
45136
45136
45136
45139
45141
45142
45143
45143
45145
45145
45145
45145
45145
45146
45149
45149
45149
45150
45150
45152
45154
45155
45156
45156
45157
45160
45161
45162
45162
45162
45163
45164
45165
45166
45166
45166
45168
45168
45169
45171
45174
45174
45175
45176
45177
45178
45178
45179
45179
45181
45181
45181
45184
45186
45187
45187
45187
45188
45188
45191
45198
45199
45201
45203
45203
45204
45204
45205
45207
45210
45211
45211
45212
45213
45214
45214
45215
45216
45217
45218
45218
45218
45219
45220
45221
45221
45224
45224
45225
45225
45226
45227
45230
45231
45231
45232
45233
45235
45236
45238
45238
45239
45244
45244
45244
45247
45247
45249
45249
45250
45251
45251
45252
45252
45253
45254
45256
45256
45256
45257
45257
45258
45259
45261
45262
45262
45263
45264
45266
45266
45270
45272
45273
45273
45273
45273
45274
45275
45275
45275
45276
45276
45278
45281
45282
45282
45284
45284
45284
45284
45285
45285
45286
45286
45286
45287
45287
45288
45290
45292
45292
45293
45294
45294
45294
45295
45295
45296
45297
45297
45297
45298
45299
45299
45302
45302
45302
45302
45305
45307
45308
45309
45310
45311
45312
45312
45313
45315
45316
45316
45317
45318
45320
45322
45323
45323
45324
45324
45327
45327
45327
45328
45328
45329
45329
45331
45332
45332
45336
45336
45337
45337
45338
45338
45339
45341
45341
45342
45343
45344
45344
45345
45346
45346
45347
45347
45347
45349
45350
45350
45352
45354
45355
45355
45358
45360
45363
45363
45364
45365
45367
45368
45368
45368
45370
45370
45371
45374
45374
45375
45376
45376
45376
45377
45377
45377
45377
45378
45379
45379
45380
45381
45382
45383
45384
45384
45384
45384
45387
45388
45390
45391
45391
45393
45393
45393
45394
45396
45399
45400
45400
45403
45403
45403
45404
45404
45404
45405
45409
45409
45411
45411
45414
45415
45415
45416
45418
45418
45419
45420
45420
45420
45421
45422
45423
45424
45426
45426
45426
45429
45430
45430
45431
45431
45431
45432
45435
45436
45440
45442
45443
45443
45446
45446
45447
45448
45448
45448
45448
45449
45450
45450
45450
45451
45453
45453
45453
45453
45454
45456
45456
45457
45458
45458
45459
45460
45460
45461
45461
45461
45461
45461
45462
45464
45465
45467
45469
45470
45477
45478
45478
45479
45479
45481
45481
45482
45483
45484
45486
45489
45490
45492
45493
45493
45494
45495
45495
45496
45496
45497
45497
45499
45499
45500
45501
45501
45501
45501
45502
45502
45503
45503
45503
45503
45503
45504
45505
45505
45505
45506
45507
45508
45509
45509
45510
45511
45512
45515
45515
45516
45516
45518
45518
45519
45520
45521
45521
45521
45523
45523
45523
45524
45524
45526
45527
45527
45528
45529
45530
45531
45531
45532
45534
45534
45535
45535
45535
45537
45538
45539
45540
45541
45541
45541
45542
45542
45542
45543
45544
45544
45547
45547
45548
45548
45550
45552
45554
45555
45555
45555
45558
45558
45558
45558
45558
45559
45559
45561
45564
45564
45565
45565
45566
45566
45567
45569
45572
45573
45574
45576
45577
45577
45577
45580
45581
45581
45582
45584
45584
45585
45586
45588
45589
45590
45591
45591
45591
45591
45596
45599
45600
45603
45605
45606
45606
45607
45607
45609
45609
45610
45611
45614
45615
45617
45619
45620
45621
45621
45621
45622
45622
45627
45628
45628
45629
45631
45631
45632
45632
45632
45633
45633
45638
45638
45638
45638
45638
45639
45639
45641
45642
45643
45647
45648
45648
45650
45651
45651
45651
45653
45654
45654
45655
45656
45656
45661
45663
45664
45664
45667
45668
45668
45670
45671
45671
45673
45674
45674
45675
45676
45677
45677
45678
45680
45682
45686
45686
45687
45690
45690
45692
45693
45693
45693
45696
45696
45696
45697
45697
45697
45698
45701
45704
45704
45706
45708
45708
45709
45710
45710
45712
45714
45715
45717
45718
45721
45722
45724
45724
45724
45726
45726
45728
45728
45729
45730
45730
45730
45732
45732
45733
45734
45735
45735
45736
45737
45741
45743
45744
45748
45748
45748
45749
45749
45749
45751
45751
45752
45752
45755
45756
45757
45758
45758
45760
45761
45761
45762
45762
45762
45764
45764
45765
45766
45769
45769
45770
45771
45771
45771
45771
45774
45776
45777
45779
45783
45783
45783
45784
45784
45784
45784
45785
45785
45785
45786
45787
45787
45787
45788
45790
45790
45791
45791
45791
45791
45792
45793
45793
45795
45795
45795
45796
45798
45801
45801
45801
45802
45803
45806
45806
45807
45808
45811
45811
45814
45815
45816
45816
45817
45817
45818
45818
45820
45822
45823
45825
45825
45826
45827
45828
45832
45834
45834
45836
45836
45836
45837
45837
45837
45838
45838
45838
45841
45842
45842
45844
45845
45848
45849
45850
45851
45852
45853
45853
45855
45856
45856
45856
45856
45857
45858
45860
45862
45862
45863
45864
45864
45864
45865
45866
45868
45868
45868
45868
45868
45870
45870
45871
45871
45872
45872
45873
45875
45876
45876
45878
45879
45879
45880
45880
45880
45883
45883
45884
45885
45885
45886
45887
45889
45889
45890
45890
45893
45894
45894
45894
45896
45897
45898
45899
45900
45901
45902
45902
45903
45903
45904
45907
45907
45907
45908
45908
45909
45912
45912
45913
45915
45916
45916
45916
45917
45917
45920
45924
45924
45926
45927
45927
45928
45928
45930
45930
45932
45933
45934
45935
45937
45937
45940
45941
45941
45943
45947
45947
45947
45949
45950
45952
45952
45953
45954
45954
45955
45955
45956
45956
45957
45959
45959
45961
45963
45965
45967
45969
45969
45970
45972
45976
45976
45976
45976
45977
45977
45978
45978
45980
45982
45982
45983
45983
45983
45984
45985
45986
45986
45987
45988
45989
45989
45991
45991
45993
45993
45994
45995
45996
45996
45998
46000
46000
46000
46003
46003
46004
46005
46008
46009
46009
46011
46011
46012
46013
46013
46013
46014
46015
46015
46017
46020
46021
46021
46021
46021
46023
46023
46024
46028
46031
46032
46032
46033
46033
46033
46037
46037
46039
46040
46041
46043
46045
46045
46045
46047
46047
46052
46055
46055
46056
46056
46059
46059
46061
46061
46062
46062
46066
46067
46070
46072
46077
46077
46077
46077
46080
46081
46085
46085
46085
46086
46087
46087
46088
46090
46091
46093
46094
46094
46095
46096
46097
46098
46099
46102
46102
46102
46103
46103
46103
46105
46105
46105
46107
46110
46111
46111
46112
46116
46116
46116
46119
46120
46120
46121
46121
46122
46124
46126
46126
46126
46127
46128
46130
46131
46131
46132
46132
46134
46135
46136
46136
46136
46136
46137
46137
46139
46139
46140
46141
46141
46142
46142
46142
46143
46143
46144
46145
46146
46147
46151
46152
46156
46158
46158
46159
46159
46159
46162
46162
46162
46163
46164
46165
46165
46166
46166
46167
46168
46169
46171
46173
46175
46176
46177
46177
46179
46180
46182
46183
46185
46185
46188
46188
46191
46192
46192
46193
46195
46195
46196
46196
46197
46197
46198
46199
46200
46204
46204
46205
46205
46207
46208
46210
46211
46212
46212
46212
46213
46214
46215
46215
46216
46216
46217
46219
46220
46220
46221
46223
46225
46227
46227
46227
46230
46234
46236
46238
46242
46242
46244
46244
46246
46246
46247
46248
46249
46250
46250
46250
46251
46251
46251
46253
46255
46256
46257
46258
46260
46260
46261
46261
46265
46266
46267
46267
46268
46269
46269
46269
46270
46270
46271
46271
46273
46274
46275
46276
46277
46278
46279
46279
46281
46284
46286
46286
46287
46290
46291
46291
46291
46293
46295
46296
46300
46301
46302
46302
46303
46303
46303
46303
46303
46305
46305
46307
46308
46308
46309
46311
46313
46314
46315
46317
46319
46319
46320
46321
46321
46324
46325
46325
46328
46330
46330
46331
46331
46333
46333
46336
46339
46339
46341
46343
46345
46345
46346
46351
46353
46353
46354
46355
46356
46356
46356
46357
46357
46359
46359
46360
46363
46364
46364
46365
46366
46366
46367
46368
46368
46368
46368
46368
46370
46371
46373
46373
46373
46376
46377
46378
46378
46379
46380
46381
46381
46381
46382
46382
46383
46383
46384
46385
46385
46390
46390
46394
46395
46401
46401
46403
46403
46403
46403
46404
46405
46405
46405
46407
46407
46407
46407
46408
46410
46410
46411
46411
46412
46412
46417
46417
46417
46417
46419
46419
46421
46422
46422
46424
46425
46426
46430
46432
46432
46433
46434
46435
46437
46437
46437
46438
46438
46439
46439
46439
46440
46443
46445
46449
46450
46450
46452
46454
46456
46457
46457
46457
46458
46461
46463
46464
46465
46466
46468
46468
46469
46470
46470
46470
46471
46472
46472
46473
46473
46477
46477
46478
46479
46483
46484
46485
46486
46488
46489
46492
46492
46492
46492
46494
46494
46495
46495
46496
46497
46500
46501
46501
46502
46505
46506
46507
46510
46510
46510
46510
46512
46512
46512
46513
46514
46515
46516
46516
46516
46516
46517
46517
46519
46520
46520
46522
46522
46522
46523
46524
46525
46527
46527
46527
46528
46528
46529
46531
46533
46534
46535
46537
46538
46538
46539
46539
46539
46540
46540
46540
46541
46542
46543
46544
46545
46545
46546
46547
46547
46548
46548
46548
46549
46549
46551
46553
46554
46554
46555
46556
46558
46559
46560
46560
46565
46565
46565
46568
46568
46570
46571
46572
46573
46573
46574
46578
46578
46579
46579
46579
46580
46581
46582
46582
46583
46584
46584
46585
46587
46588
46588
46591
46591
46592
46593
46594
46595
46596
46597
46601
46601
46603
46603
46604
46604
46605
46605
46606
46609
46610
46611
46612
46612
46613
46613
46613
46616
46617
46619
46621
46621
46622
46623
46623
46624
46624
46625
46625
46626
46626
46627
46627
46627
46628
46629
46629
46630
46631
46633
46637
46637
46637
46637
46637
46640
46641
46642
46643
46643
46644
46645
46647
46647
46647
46648
46648
46649
46649
46650
46650
46651
46652
46652
46653
46654
46656
46657
46657
46658
46660
46661
46662
46662
46663
46664
46664
46665
46666
46667
46671
46671
46672
46673
46674
46674
46675
46675
46677
46678
46679
46682
46685
46685
46686
46689
46689
46689
46692
46692
46693
46693
46694
46697
46698
46699
46700
46701
46702
46702
46704
46704
46706
46706
46706
46707
46708
46708
46710
46710
46711
46711
46712
46713
46714
46716
46717
46718
46719
46720
46722
46724
46725
46725
46725
46725
46725
46727
46727
46727
46729
46729
46730
46730
46733
46736
46737
46738
46741
46742
46743
46743
46743
46744
46745
46745
46747
46748
46748
46748
46748
46749
46751
46752
46752
46753
46756
46756
46757
46759
46760
46762
46762
46763
46764
46766
46767
46767
46768
46769
46770
46771
46772
46773
46773
46774
46778
46779
46780
46781
46782
46783
46787
46789
46790
46791
46793
46796
46796
46796
46797
46798
46798
46798
46799
46801
46801
46802
46802
46803
46803
46805
46805
46805
46807
46807
46809
46810
46810
46811
46811
46813
46813
46814
46814
46816
46816
46818
46819
46822
46823
46825
46826
46826
46826
46827
46827
46829
46829
46830
46835
46837
46837
46838
46843
46843
46845
46847
46847
46847
46848
46848
46848
46851
46852
46852
46855
46858
46859
46862
46863
46864
46865
46867
46867
46869
46872
46872
46873
46873
46874
46874
46875
46875
46875
46875
46878
46879
46881
46882
46885
46886
46888
46889
46892
46894
46895
46895
46896
46896
46897
46897
46899
46900
46900
46901
46901
46903
46904
46904
46904
46904
46904
46904
46905
46907
46909
46909
46909
46910
46911
46911
46911
46912
46913
46915
46917
46917
46919
46920
46920
46921
46922
46924
46926
46926
46927
46927
46928
46931
46932
46933
46934
46935
46935
46935
46937
46938
46939
46939
46941
46942
46942
46942
46943
46943
46944
46945
46946
46948
46948
46949
46950
46950
46951
46955
46955
46957
46959
46960
46960
46960
46961
46962
46962
46962
46963
46964
46964
46964
46965
46965
46965
46965
46969
46970
46971
46972
46973
46974
46974
46977
46977
46977
46978
46979
46980
46980
46981
46984
46989
46990
46991
46992
46995
46995
46995
46995
46996
46997
46997
46997
46998
46999
46999
47000
47002
47004
47004
47005
47008
47008
47010
47012
47014
47017
47019
47019
47019
47020
47023
47024
47025
47026
47027
47029
47030
47030
47033
47035
47035
47036
47036
47037
47038
47043
47045
47046
47047
47048
47048
47049
47049
47050
47051
47051
47051
47051
47055
47055
47055
47057
47058
47058
47059
47059
47065
47066
47066
47066
47067
47068
47069
47072
47072
47073
47073
47074
47074
47076
47077
47077
47078
47078
47078
47080
47083
47084
47086
47087
47087
47089
47089
47091
47091
47095
47096
47096
47097
47099
47100
47100
47100
47101
47101
47102
47103
47106
47107
47108
47108
47108
47109
47109
47111
47111
47112
47113
47113
47114
47115
47115
47115
47116
47119
47120
47120
47121
47121
47122
47123
47123
47123
47124
47125
47125
47125
47126
47126
47127
47127
47128
47128
47129
47129
47130
47133
47133
47134
47137
47137
47139
47139
47140
47140
47141
47142
47142
47144
47145
47145
47146
47146
47146
47149
47150
47153
47154
47154
47156
47157
47159
47159
47159
47160
47161
47165
47166
47169
47170
47171
47172
47172
47173
47174
47175
47176
47178
47178
47178
47179
47179
47181
47184
47185
47188
47190
47190
47194
47198
47198
47199
47200
47201
47201
47202
47204
47204
47205
47206
47206
47207
47207
47208
47208
47209
47209
47210
47211
47211
47212
47212
47213
47214
47215
47216
47216
47219
47219
47219
47221
47222
47223
47225
47225
47226
47230
47231
47233
47234
47235
47235
47235
47236
47236
47243
47243
47245
47246
47246
47246
47247
47247
47248
47249
47250
47251
47252
47252
47253
47253
47253
47254
47255
47256
47257
47260
47260
47261
47262
47262
47263
47265
47267
47267
47268
47269
47269
47269
47271
47271
47273
47273
47275
47275
47276
47277
47278
47278
47280
47281
47282
47283
47284
47285
47285
47285
47285
47285
47287
47287
47288
47290
47291
47292
47292
47292
47295
47296
47296
47297
47297
47298
47299
47300
47300
47301
47302
47303
47304
47304
47304
47306
47306
47307
47307
47308
47309
47309
47310
47311
47313
47313
47313
47314
47314
47317
47318
47318
47321
47324
47324
47327
47328
47329
47330
47330
47331
47334
47334
47334
47335
47336
47337
47340
47341
47342
47343
47346
47346
47347
47348
47350
47352
47352
47354
47355
47357
47357
47360
47361
47364
47367
47369
47372
47372
47373
47374
47374
47375
47376
47376
47379
47380
47381
47382
47384
47386
47386
47387
47388
47389
47390
47391
47393
47395
47396
47397
47398
47398
47400
47401
47401
47401
47402
47404
47405
47406
47406
47407
47408
47409
47410
47410
47412
47412
47412
47413
47414
47415
47415
47416
47417
47422
47423
47424
47424
47425
47425
47426
47427
47433
47433
47433
47435
47436
47438
47439
47439
47439
47440
47441
47447
47447
47450
47450
47450
47450
47454
47456
47456
47456
47456
47458
47458
47458
47458
47458
47459
47460
47462
47462
47463
47464
47466
47466
47467
47467
47467
47468
47469
47470
47472
47472
47476
47477
47477
47478
47479
47479
47479
47480
47482
47483
47486
47487
47489
47489
47491
47491
47492
47493
47494
47494
47497
47497
47500
47500
47501
47501
47503
47503
47503
47504
47505
47505
47505
47507
47510
47511
47513
47514
47515
47517
47517
47518
47522
47523
47525
47526
47527
47527
47534
47534
47537
47537
47537
47538
47538
47538
47542
47542
47542
47543
47545
47546
47547
47548
47548
47549
47552
47552
47555
47556
47557
47558
47560
47561
47561
47562
47567
47567
47567
47567
47568
47568
47570
47572
47573
47573
47574
47575
47575
47575
47577
47577
47579
47580
47581
47581
47582
47583
47584
47584
47586
47587
47588
47589
47589
47593
47594
47598
47599
47601
47602
47602
47603
47603
47604
47605
47607
47607
47608
47611
47611
47611
47612
47614
47615
47616
47617
47619
47619
47619
47620
47620
47621
47623
47624
47625
47626
47631
47631
47631
47633
47635
47636
47637
47638
47639
47643
47643
47643
47645
47645
47645
47646
47647
47647
47648
47649
47651
47652
47655
47657
47659
47659
47659
47661
47662
47662
47662
47662
47663
47663
47664
47664
47664
47665
47666
47666
47667
47667
47669
47669
47669
47670
47670
47671
47673
47674
47676
47679
47679
47680
47680
47681
47682
47682
47683
47685
47686
47687
47687
47687
47688
47690
47691
47691
47692
47693
47693
47694
47695
47696
47697
47697
47698
47698
47698
47701
47704
47704
47707
47707
47708
47709
47709
47709
47711
47711
47711
47712
47714
47714
47714
47718
47718
47720
47720
47721
47722
47722
47723
47723
47724
47724
47725
47725
47727
47729
47729
47730
47730
47733
47736
47737
47738
47740
47741
47745
47745
47745
47745
47747
47748
47749
47753
47754
47754
47755
47755
47755
47755
47755
47757
47757
47758
47759
47760
47761
47762
47762
47764
47764
47765
47767
47767
47768
47768
47768
47770
47773
47774
47774
47777
47778
47780
47780
47780
47781
47782
47782
47783
47783
47784
47786
47786
47788
47789
47789
47790
47791
47791
47793
47794
47795
47795
47795
47796
47796
47797
47797
47798
47799
47800
47802
47803
47804
47804
47808
47808
47810
47811
47812
47813
47817
47819
47820
47821
47823
47824
47825
47825
47826
47826
47829
47832
47834
47835
47836
47837
47837
47838
47842
47843
47844
47844
47847
47848
47850
47851
47852
47856
47856
47857
47857
47858
47858
47859
47860
47860
47860
47861
47862
47862
47865
47867
47869
47872
47872
47872
47873
47873
47874
47874
47877
47877
47877
47877
47878
47878
47878
47879
47881
47881
47883
47883
47884
47887
47889
47890
47891
47892
47892
47893
47893
47893
47893
47894
47895
47895
47895
47896
47898
47898
47898
47900
47901
47901
47902
47902
47902
47903
47905
47906
47907
47908
47908
47908
47909
47909
47910
47911
47912
47916
47917
47918
47919
47920
47921
47922
47923
47924
47924
47926
47926
47926
47927
47929
47932
47933
47933
47933
47934
47935
47935
47937
47939
47939
47939
47940
47940
47942
47942
47943
47943
47944
47945
47947
47948
47948
47949
47950
47950
47951
47953
47953
47958
47958
47959
47960
47961
47963
47965
47967
47969
47972
47973
47975
47975
47976
47977
47978
47979
47979
47981
47981
47981
47982
47982
47983
47984
47984
47985
47986
47987
47987
47990
47991
47991
47992
47994
47997
47997
47998
48000
48000
48002
48004
48004
48005
48006
48006
48006
48007
48007
48008
48010
48010
48012
48013
48013
48014
48014
48014
48015
48017
48017
48018
48020
48020
48021
48021
48022
48022
48022
48023
48024
48024
48024
48025
48026
48027
48027
48028
48030
48031
48034
48036
48036
48037
48037
48037
48038
48039
48040
48041
48042
48042
48043
48045
48046
48048
48049
48050
48050
48052
48053
48054
48059
48060
48062
48064
48065
48067
48067
48069
48071
48072
48073
48074
48075
48075
48076
48078
48079
48079
48080
48081
48082
48083
48084
48084
48085
48085
48085
48085
48086
48086
48087
48087
48089
48091
48091
48091
48095
48095
48095
48097
48098
48098
48101
48102
48104
48107
48107
48108
48108
48109
48111
48112
48112
48112
48113
48113
48116
48116
48116
48117
48119
48119
48119
48123
48124
48128
48129
48129
48130
48130
48130
48131
48134
48135
48138
48139
48140
48140
48141
48142
48143
48144
48144
48146
48149
48150
48150
48151
48154
48155
48156
48157
48157
48157
48159
48161
48162
48163
48165
48166
48166
48166
48167
48167
48170
48171
48171
48172
48172
48173
48173
48174
48174
48175
48176
48177
48178
48179
48179
48180
48180
48181
48182
48182
48183
48187
48188
48190
48190
48191
48192
48192
48193
48193
48195
48196
48196
48197
48197
48198
48200
48201
48201
48202
48203
48205
48205
48205
48206
48207
48208
48209
48210
48212
48213
48215
48217
48218
48218
48218
48221
48222
48223
48225
48227
48228
48228
48228
48233
48234
48235
48236
48238
48239
48240
48242
48245
48245
48246
48247
48248
48249
48249
48249
48249
48252
48254
48254
48255
48258
48258
48260
48260
48261
48261
48261
48263
48263
48265
48266
48266
48270
48270
48271
48272
48273
48273
48274
48274
48275
48277
48277
48277
48279
48283
48285
48286
48289
48289
48289
48290
48293
48295
48295
48295
48296
48300
48301
48302
48302
48303
48303
48305
48305
48306
48306
48308
48308
48309
48309
48310
48310
48311
48311
48312
48315
48315
48315
48315
48316
48316
48318
48319
48321
48323
48323
48324
48325
48325
48326
48326
48327
48328
48328
48331
48331
48336
48340
48341
48342
48342
48343
48344
48345
48346
48346
48346
48347
48347
48348
48349
48349
48350
48351
48351
48353
48353
48354
48359
48359
48360
48361
48365
48366
48367
48370
48372
48373
48374
48375
48378
48382
48384
48384
48385
48386
48387
48387
48387
48388
48388
48389
48390
48390
48390
48390
48392
48392
48392
48396
48397
48402
48403
48403
48404
48404
48405
48405
48406
48406
48406
48406
48409
48411
48413
48413
48413
48415
48416
48417
48417
48419
48419
48420
48420
48421
48421
48424
48424
48424
48425
48426
48429
48431
48433
48434
48434
48435
48435
48435
48436
48436
48436
48438
48438
48439
48439
48441
48441
48441
48442
48442
48444
48445
48445
48445
48447
48447
48448
48449
48450
48451
48452
48453
48453
48454
48456
48457
48458
48458
48459
48460
48460
48461
48462
48462
48465
48466
48467
48468
48469
48471
48474
48474
48475
48476
48476
48477
48477
48478
48478
48479
48479
48479
48479
48480
48482
48484
48486
48487
48488
48490
48490
48491
48492
48493
48494
48495
48495
48495
48498
48498
48499
48500
48500
48503
48504
48505
48506
48507
48510
48510
48510
48513
48514
48514
48515
48516
48517
48517
48518
48520
48521
48522
48522
48522
48524
48525
48525
48526
48527
48527
48529
48530
48530
48530
48533
48535
48536
48537
48538
48539
48541
48542
48543
48545
48546
48546
48547
48547
48548
48548
48548
48549
48550
48550
48553
48553
48553
48555
48555
48556
48557
48557
48557
48557
48559
48562
48563
48566
48566
48567
48567
48568
48568
48568
48569
48570
48570
48571
48571
48572
48573
48573
48573
48575
48575
48576
48579
48579
48579
48579
48580
48580
48581
48582
48583
48583
48584
48586
48586
48587
48588
48588
48590
48590
48590
48591
48592
48593
48595
48595
48596
48597
48597
48597
48598
48599
48600
48600
48603
48604
48605
48605
48605
48608
48610
48611
48612
48612
48613
48613
48614
48614
48615
48616
48616
48617
48617
48617
48619
48622
48623
48624
48624
48625
48625
48626
48627
48627
48628
48628
48628
48628
48629
48630
48632
48633
48634
48634
48634
48634
48638
48639
48641
48642
48643
48644
48644
48645
48647
48648
48650
48651
48651
48652
48653
48654
48655
48656
48656
48656
48656
48658
48659
48661
48661
48664
48664
48666
48667
48667
48670
48675
48675
48676
48677
48677
48677
48678
48681
48682
48682
48683
48683
48683
48683
48685
48689
48689
48690
48693
48693
48699
48699
48702
48702
48702
48714
48714
48715
48717
48717
48718
48719
48720
48721
48722
48723
48725
48726
48726
48726
48727
48728
48729
48729
48731
48731
48731
48731
48732
48732
48733
48733
48735
48736
48737
48737
48738
48738
48739
48741
48741
48742
48745
48748
48749
48749
48749
48752
48755
48758
48759
48760
48762
48763
48763
48764
48764
48766
48767
48767
48768
48768
48769
48770
48771
48771
48772
48772
48774
48776
48779
48780
48780
48781
48781
48781
48782
48782
48782
48783
48785
48785
48788
48791
48791
48791
48792
48793
48795
48795
48796
48797
48799
48799
48800
48802
48804
48804
48805
48805
48807
48808
48808
48811
48815
48815
48816
48816
48817
48817
48817
48817
48817
48818
48818
48820
48820
48821
48822
48822
48825
48825
48826
48826
48827
48828
48830
48831
48832
48832
48832
48833
48834
48835
48835
48836
48836
48840
48840
48844
48846
48847
48848
48849
48849
48849
48851
48851
48855
48855
48856
48857
48857
48863
48864
48865
48866
48867
48867
48870
48871
48871
48873
48874
48875
48876
48878
48879
48879
48880
48880
48881
48882
48883
48884
48885
48885
48886
48889
48891
48892
48895
48896
48897
48898
48898
48901
48901
48901
48903
48906
48907
48907
48907
48908
48909
48909
48911
48912
48914
48916
48917
48917
48919
48919
48919
48921
48922
48923
48923
48923
48925
48926
48927
48927
48929
48931
48931
48932
48936
48936
48936
48937
48938
48938
48940
48941
48941
48942
48942
48944
48944
48947
48948
48950
48951
48953
48953
48954
48956
48957
48959
48959
48961
48962
48963
48963
48963
48964
48965
48965
48967
48967
48968
48968
48968
48970
48972
48973
48974
48974
48975
48975
48979
48981
48983
48983
48984
48985
48986
48987
48987
48991
48992
48992
48993
48995
48995
48995
48995
48997
48999
49001
49005
49005
49006
49008
49010
49013
49014
49014
49015
49015
49016
49017
49017
49017
49018
49019
49021
49021
49023
49025
49032
49033
49034
49036
49036
49037
49038
49041
49041
49042
49043
49044
49046
49046
49047
49047
49047
49048
49049
49049
49052
49053
49054
49054
49055
49055
49056
49057
49057
49057
49057
49066
49068
49070
49071
49072
49075
49075
49075
49075
49077
49077
49077
49078
49078
49081
49081
49081
49082
49083
49086
49086
49088
49091
49091
49092
49092
49095
49096
49096
49096
49098
49100
49101
49102
49102
49104
49105
49105
49106
49106
49106
49107
49109
49110
49111
49112
49112
49112
49114
49115
49115
49116
49118
49119
49120
49120
49120
49121
49121
49122
49124
49125
49125
49126
49126
49128
49132
49133
49136
49136
49137
49137
49138
49139
49140
49141
49142
49142
49143
49143
49146
49149
49149
49150
49150
49152
49153
49154
49154
49154
49156
49156
49156
49158
49160
49162
49164
49164
49165
49165
49165
49169
49169
49170
49172
49173
49175
49175
49175
49177
49182
49182
49185
49186
49187
49188
49189
49190
49190
49192
49192
49193
49194
49196
49197
49199
49199
49200
49201
49203
49204
49204
49205
49206
49206
49207
49207
49209
49210
49213
49214
49214
49215
49215
49216
49216
49217
49219
49220
49222
49222
49222
49224
49224
49225
49225
49227
49229
49229
49230
49234
49234
49234
49237
49238
49240
49241
49241
49241
49243
49244
49244
49245
49245
49246
49247
49248
49249
49252
49252
49253
49253
49254
49259
49260
49261
49261
49261
49262
49263
49263
49264
49264
49266
49266
49267
49268
49269
49271
49272
49272
49272
49276
49277
49277
49282
49283
49284
49285
49285
49287
49288
49289
49290
49290
49291
49293
49294
49294
49294
49295
49296
49299
49301
49302
49302
49303
49303
49305
49305
49311
49311
49311
49312
49313
49313
49313
49314
49315
49317
49320
49321
49321
49322
49323
49323
49323
49326
49328
49329
49329
49329
49330
49331
49333
49337
49337
49339
49345
49346
49346
49347
49347
49349
49349
49349
49351
49351
49353
49353
49355
49357
49358
49358
49360
49360
49362
49362
49363
49364
49365
49365
49370
49371
49371
49372
49372
49373
49374
49374
49377
49377
49378
49379
49380
49380
49380
49380
49380
49381
49382
49383
49384
49384
49384
49386
49386
49387
49390
49392
49393
49394
49394
49395
49396
49396
49396
49397
49397
49399
49399
49399
49400
49400
49401
49402
49402
49403
49406
49406
49408
49409
49410
49410
49411
49412
49413
49413
49414
49416
49421
49422
49425
49426
49428
49428
49430
49430
49430
49431
49431
49431
49434
49434
49436
49436
49437
49438
49438
49439
49440
49440
49441
49442
49442
49443
49443
49444
49446
49447
49447
49447
49448
49449
49449
49450
49450
49451
49451
49452
49452
49452
49452
49453
49454
49454
49455
49455
49456
49456
49456
49456
49460
49460
49462
49464
49465
49466
49466
49466
49468
49470
49470
49472
49473
49474
49474
49475
49476
49477
49477
49478
49478
49479
49480
49480
49481
49481
49482
49483
49483
49484
49485
49485
49486
49487
49490
49490
49490
49493
49495
49498
49499
49503
49506
49508
49509
49509
49511
49511
49512
49512
49513
49515
49517
49517
49517
49518
49519
49521
49522
49522
49523
49523
49523
49523
49523
49524
49525
49527
49527
49528
49529
49531
49532
49535
49535
49536
49536
49536
49536
49537
49537
49538
49541
49542
49544
49544
49545
49546
49546
49547
49548
49548
49549
49549
49550
49555
49556
49556
49558
49559
49559
49559
49560
49561
49562
49563
49565
49565
49566
49567
49568
49568
49568
49571
49571
49571
49573
49574
49574
49574
49575
49576
49577
49577
49578
49579
49579
49579
49579
49580
49584
49586
49586
49587
49587
49587
49588
49589
49590
49590
49591
49591
49594
49596
49598
49599
49599
49600
49600
49600
49602
49605
49605
49606
49610
49610
49610
49610
49612
49612
49613
49614
49614
49614
49616
49617
49618
49619
49619
49620
49622
49622
49624
49624
49625
49625
49629
49630
49631
49631
49631
49632
49633
49633
49634
49635
49636
49636
49637
49638
49642
49642
49642
49642
49648
49649
49650
49651
49653
49653
49654
49654
49655
49656
49657
49657
49658
49659
49660
49661
49662
49663
49664
49666
49668
49670
49672
49672
49672
49672
49673
49674
49675
49676
49676
49676
49680
49681
49682
49684
49685
49686
49687
49690
49691
49692
49693
49694
49695
49696
49697
49699
49699
49702
49702
49703
49703
49703
49705
49705
49707
49707
49708
49708
49709
49710
49711
49712
49715
49715
49718
49718
49718
49721
49721
49722
49722
49722
49723
49724
49724
49724
49726
49729
49729
49730
49731
49732
49732
49733
49736
49737
49737
49738
49739
49740
49741
49741
49742
49742
49742
49743
49747
49747
49747
49748
49748
49748
49749
49749
49750
49751
49752
49753
49754
49756
49756
49759
49759
49761
49762
49763
49763
49764
49764
49765
49765
49767
49768
49768
49768
49769
49770
49773
49774
49777
49779
49780
49780
49780
49780
49781
49783
49784
49784
49785
49788
49793
49795
49796
49797
49797
49798
49799
49800
49801
49801
49802
49802
49804
49808
49810
49811
49812
49814
49815
49816
49818
49818
49818
49819
49819
49820
49820
49822
49823
49823
49824
49826
49827
49828
49828
49828
49829
49829
49830
49832
49833
49833
49835
49835
49837
49837
49837
49838
49838
49839
49840
49840
49841
49844
49846
49847
49847
49848
49849
49849
49850
49850
49850
49851
49853
49853
49854
49855
49856
49857
49857
49859
49860
49861
49861
49861
49862
49862
49862
49863
49864
49864
49865
49865
49867
49867
49867
49867
49869
49869
49870
49870
49872
49873
49874
49875
49876
49876
49876
49877
49877
49878
49878
49879
49880
49881
49881
49882
49885
49887
49887
49890
49890
49891
49892
49893
49893
49893
49897
